,chr,start,stop,length
0,NW_022145462.1,17922,18428,506
1,NW_022145462.1,18624,19843,1219
2,NW_022145511.1,31284,34574,3290
3,NW_022145514.1,1095771,1096230,459
4,NW_022145516.1,185151,229915,44764
5,NW_022145516.1,691166,696355,5189
6,NW_022145516.1,817668,821128,3460
7,NW_022145516.1,1012706,1013510,804
8,NW_022145516.1,1023997,1025464,1467
9,NW_022145519.1,207093,207182,89
10,NW_022145519.1,247698,247974,276
11,NW_022145519.1,372723,376092,3369
12,NW_022145520.1,587513,589042,1529
13,NW_022145520.1,591182,593359,2177
14,NW_022145520.1,863091,864050,959
15,NW_022145520.1,1106148,1111205,5057
16,NW_022145520.1,1563019,1599067,36048
17,NW_022145520.1,1783571,1784118,547
18,NW_022145521.1,526746,529534,2788
19,NW_022145521.1,675355,676918,1563
20,NW_022145523.1,182079,183057,978
21,NW_022145523.1,257214,258384,1170
22,NW_022145525.1,7316,9777,2461
23,NW_022145525.1,13648,18808,5160
24,NW_022145525.1,26666,27278,612
25,NW_022145525.1,323928,325115,1187
26,NW_022145526.1,187191,196616,9425
27,NW_022145526.1,668007,698847,30840
28,NW_022145526.1,703386,715084,11698
29,NW_022145526.1,723665,738399,14734
30,NW_022145526.1,947516,947779,263
31,NW_022145526.1,1027939,1030823,2884
32,NW_022145526.1,2036089,2043935,7846
33,NW_022145528.1,411948,413747,1799
34,NW_022145530.1,654526,656788,2262
35,NW_022145532.1,691000,701212,10212
36,NW_022145533.1,119436,121006,1570
37,NW_022145534.1,97508,97614,106
38,NW_022145534.1,112687,113464,777
39,NW_022145539.1,321445,325900,4455
40,NW_022145539.1,1569607,1571280,1673
41,NW_022145539.1,1612985,1616940,3955
42,NW_022145540.1,247345,249769,2424
43,NW_022145541.1,510616,512201,1585
44,NW_022145541.1,1012655,1014667,2012
45,NW_022145543.1,412263,413938,1675
46,NW_022145543.1,633863,634168,305
47,NW_022145544.1,1724928,1724929,1
48,NW_022145545.1,62349,80602,18253
49,NW_022145545.1,699016,700212,1196
50,NW_022145545.1,1166764,1170523,3759
51,NW_022145545.1,1531813,1534975,3162
52,NW_022145547.1,355836,355939,103
53,NW_022145547.1,751604,757255,5651
54,NW_022145547.1,1276133,1278218,2085
55,NW_022145548.1,715513,717090,1577
56,NW_022145549.1,690371,694355,3984
57,NW_022145550.1,842804,844594,1790
58,NW_022145550.1,1321393,1322961,1568
59,NW_022145551.1,686134,686296,162
60,NW_022145551.1,1405094,1405108,14
61,NW_022145551.1,1406042,1409186,3144
62,NW_022145551.1,1975432,1977860,2428
63,NW_022145551.1,2169777,2172692,2915
64,NW_022145551.1,2707559,2711254,3695
65,NW_022145551.1,2721272,2728385,7113
66,NW_022145551.1,2728420,2731659,3239
67,NW_022145552.1,1194124,1195599,1475
68,NW_022145552.1,1291583,1295698,4115
69,NW_022145552.1,1865618,1867087,1469
70,NW_022145552.1,2148274,2150906,2632
71,NW_022145552.1,2161899,2169391,7492
72,NW_022145554.1,407871,410111,2240
73,NW_022145554.1,1540631,1543144,2513
74,NW_022145554.1,1950507,1952861,2354
75,NW_022145554.1,1959025,1960315,1290
76,NW_022145554.1,1965112,1966335,1223
77,NW_022145555.1,76866,76890,24
78,NW_022145555.1,399543,401145,1602
79,NW_022145555.1,551037,552704,1667
80,NW_022145559.1,958374,966666,8292
81,NW_022145560.1,403525,404661,1136
82,NW_022145560.1,473429,474877,1448
83,NW_022145560.1,807666,811346,3680
84,NW_022145561.1,244487,246924,2437
85,NW_022145561.1,253015,255221,2206
86,NW_022145561.1,251716,252683,967
87,NW_022145561.1,962650,968487,5837
88,NW_022145562.1,204870,205135,265
89,NW_022145562.1,205747,208470,2723
90,NW_022145563.1,932276,933829,1553
91,NW_022145563.1,1021676,1024317,2641
92,NW_022145563.1,1238419,1241886,3467
93,NW_022145564.1,64377,91134,26757
94,NW_022145564.1,114176,114933,757
95,NW_022145564.1,492443,493114,671
96,NW_022145564.1,498146,514129,15983
97,NW_022145565.1,191268,191664,396
98,NW_022145566.1,586445,588384,1939
99,NW_022145566.1,709386,711980,2594
100,NW_022145566.1,1104044,1104983,939
101,NW_022145566.1,1804842,1807063,2221
102,NW_022145566.1,2761757,2763962,2205
103,NW_022145567.1,84400,126761,42361
104,NW_022145567.1,131283,142527,11244
105,NW_022145567.1,148060,166233,18173
106,NW_022145567.1,174799,203717,28918
107,NW_022145567.1,208392,231812,23420
108,NW_022145567.1,258745,279261,20516
109,NW_022145567.1,287519,311228,23709
110,NW_022145567.1,157586,162394,4808
111,NW_022145567.1,227412,230196,2784
112,NW_022145569.1,126115,127186,1071
113,NW_022145569.1,292617,294027,1410
114,NW_022145569.1,326788,329361,2573
115,NW_022145569.1,398775,401794,3019
116,NW_022145569.1,450974,483298,32324
117,NW_022145569.1,486427,490839,4412
118,NW_022145570.1,656832,657360,528
119,NW_022145570.1,712394,717359,4965
120,NW_022145570.1,1150924,1152817,1893
121,NW_022145570.1,1153039,1153559,520
122,NW_022145570.1,2879510,2879598,88
123,NW_022145570.1,3391030,3391715,685
124,NW_022145570.1,3394939,3399313,4374
125,NW_022145570.1,3405839,3407396,1557
126,NW_022145570.1,3410325,3415688,5363
127,NW_022145570.1,3418617,3421277,2660
128,NW_022145570.1,3423927,3425622,1695
129,NW_022145570.1,3432908,3443139,10231
130,NW_022145570.1,3445964,3456252,10288
131,NW_022145570.1,3460835,3463440,2605
132,NW_022145570.1,3947068,3952473,5405
133,NW_022145570.1,3955929,3958457,2528
134,NW_022145570.1,4146228,4149998,3770
135,NW_022145570.1,4369142,4369821,679
136,NW_022145570.1,4569521,4571547,2026
137,NW_022145572.1,555625,558167,2542
138,NW_022145572.1,723926,739295,15369
139,NW_022145572.1,811002,811549,547
140,NW_022145572.1,954594,965906,11312
141,NW_022145573.1,463632,485386,21754
142,NW_022145574.1,157697,158779,1082
143,NW_022145574.1,634130,646062,11932
144,NW_022145574.1,779760,780422,662
145,NW_022145574.1,1136673,1139262,2589
146,NW_022145575.1,34149,34559,410
147,NW_022145575.1,349066,349216,150
148,NW_022145575.1,405991,407268,1277
149,NW_022145575.1,782136,782191,55
150,NW_022145575.1,785182,787226,2044
151,NW_022145575.1,837458,841077,3619
152,NW_022145575.1,843772,850938,7166
153,NW_022145575.1,1387864,1389585,1721
154,NW_022145575.1,1894533,1896675,2142
155,NW_022145575.1,2852608,2854380,1772
156,NW_022145576.1,75450,76586,1136
157,NW_022145576.1,847505,847926,421
158,NW_022145576.1,2063877,2078938,15061
159,NW_022145576.1,2094184,2100901,6717
160,NW_022145576.1,2109970,2110026,56
161,NW_022145576.1,2116220,2120001,3781
162,NW_022145576.1,2178380,2183942,5562
163,NW_022145576.1,2195704,2195800,96
164,NW_022145576.1,2244236,2244783,547
165,NW_022145576.1,2684711,2691205,6494
166,NW_022145578.1,596523,597286,763
167,NW_022145580.1,1019678,1032057,12379
168,NW_022145594.1,937703,941465,3762
169,NW_022145594.1,1108138,1109589,1451
170,NW_022145594.1,1110852,1116714,5862
171,NW_022145594.1,1117524,1119616,2092
172,NW_022145594.1,1346526,1348095,1569
173,NW_022145594.1,1471928,1473838,1910
174,NW_022145594.1,1916122,1919399,3277
175,NW_022145594.1,2245043,2254981,9938
176,NW_022145594.1,2306264,2307840,1576
177,NW_022145594.1,2314306,2317391,3085
178,NW_022145594.1,2490962,2490964,2
179,NW_022145594.1,2599617,2604407,4790
180,NW_022145594.1,2677800,2690845,13045
181,NW_022145594.1,2696575,2698000,1425
182,NW_022145594.1,2797210,2799215,2005
183,NW_022145594.1,3199304,3200077,773
184,NW_022145594.1,3379883,3382398,2515
185,NW_022145594.1,3419147,3420958,1811
186,NW_022145594.1,3481522,3481944,422
187,NW_022145594.1,3631206,3634180,2974
188,NW_022145594.1,3930540,3942434,11894
189,NW_022145594.1,4072724,4076365,3641
190,NW_022145594.1,4076862,4079462,2600
191,NW_022145594.1,4099201,4099971,770
192,NW_022145594.1,4358941,4360644,1703
193,NW_022145594.1,4590699,4592218,1519
194,NW_022145594.1,4702751,4726520,23769
195,NW_022145594.1,4768716,4771667,2951
196,NW_022145594.1,4850489,4851222,733
197,NW_022145594.1,5225713,5232260,6547
198,NW_022145594.1,5283635,5285667,2032
199,NW_022145594.1,5640860,5642010,1150
200,NW_022145594.1,5900526,5909707,9181
201,NW_022145594.1,6527956,6529042,1086
202,NW_022145594.1,6631892,6634408,2516
203,NW_022145594.1,6895339,6896576,1237
204,NW_022145594.1,7479901,7482750,2849
205,NW_022145594.1,7857341,7859118,1777
206,NW_022145594.1,7883830,7892842,9012
207,NW_022145594.1,8191849,8192074,225
208,NW_022145594.1,8196952,8198105,1153
209,NW_022145594.1,8259153,8263641,4488
210,NW_022145594.1,8391030,8402429,11399
211,NW_022145594.1,8441671,8444507,2836
212,NW_022145594.1,8389250,8390311,1061
213,NW_022145594.1,8393403,8413244,19841
214,NW_022145594.1,8582037,8584219,2182
215,NW_022145594.1,9108490,9112691,4201
216,NW_022145594.1,9711128,9713482,2354
217,NW_022145594.1,9815753,9816789,1036
218,NW_022145594.1,9920182,9920696,514
219,NW_022145594.1,9935735,9935813,78
220,NW_022145594.1,9936369,9938477,2108
221,NW_022145594.1,9953793,9953816,23
222,NW_022145594.1,10093464,10096281,2817
223,NW_022145594.1,10603890,10604403,513
224,NW_022145594.1,10610972,10615523,4551
225,NW_022145594.1,10618317,10628962,10645
226,NW_022145594.1,10680764,10680965,201
227,NW_022145594.1,10684838,10689814,4976
228,NW_022145594.1,11060354,11062384,2030
229,NW_022145594.1,11150388,11150949,561
230,NW_022145594.1,11151575,11152669,1094
231,NW_022145594.1,11189406,11194125,4719
232,NW_022145594.1,11194711,11197637,2926
233,NW_022145594.1,11261934,11263279,1345
234,NW_022145594.1,11740004,11741306,1302
235,NW_022145594.1,12443028,12446484,3456
236,NW_022145594.1,13835597,13845971,10374
237,NW_022145594.1,13918099,13921501,3402
238,NW_022145594.1,14037802,14041083,3281
239,NW_022145594.1,14191695,14194110,2415
240,NW_022145594.1,14260350,14263091,2741
241,NW_022145594.1,14367635,14368671,1036
242,NW_022145594.1,14710045,14711649,1604
243,NW_022145594.1,14715868,14719123,3255
244,NW_022145594.1,14897361,14899267,1906
245,NW_022145594.1,15040519,15042128,1609
246,NW_022145594.1,15211390,15213159,1769
247,NW_022145594.1,15373693,15381442,7749
248,NW_022145594.1,16541774,16543188,1414
249,NW_022145594.1,16602359,16603348,989
250,NW_022145594.1,17018118,17020410,2292
251,NW_022145594.1,17388106,17388953,847
252,NW_022145594.1,17402652,17403150,498
253,NW_022145594.1,17625313,17627234,1921
254,NW_022145594.1,17689418,17690942,1524
255,NW_022145594.1,17826392,17855968,29576
256,NW_022145594.1,17858345,17881348,23003
257,NW_022145594.1,18016931,18019495,2564
258,NW_022145594.1,18107557,18111220,3663
259,NW_022145594.1,18117431,18118063,632
260,NW_022145594.1,18133150,18149221,16071
261,NW_022145594.1,18154914,18155572,658
262,NW_022145594.1,18171643,18182434,10791
263,NW_022145594.1,18187876,18197589,9713
264,NW_022145594.1,18759911,18762260,2349
265,NW_022145594.1,18919301,18922536,3235
266,NW_022145594.1,18937689,18946690,9001
267,NW_022145594.1,18956318,18956321,3
268,NW_022145594.1,18996839,18996841,2
269,NW_022145594.1,19003247,19028446,25199
270,NW_022145594.1,19034273,19038076,3803
271,NW_022145594.1,19055692,19056005,313
272,NW_022145594.1,19067230,19068080,850
273,NW_022145594.1,19073177,19073822,645
274,NW_022145594.1,19384183,19392996,8813
275,NW_022145594.1,19457303,19468520,11217
276,NW_022145594.1,19472925,19488773,15848
277,NW_022145594.1,20160443,20165580,5137
278,NW_022145594.1,20365420,20367119,1699
279,NW_022145594.1,20756332,20760827,4495
280,NW_022145594.1,20776944,20778645,1701
281,NW_022145594.1,22221640,22223970,2330
282,NW_022145594.1,22251256,22254807,3551
283,NW_022145594.1,22489562,22491841,2279
284,NW_022145594.1,22817947,22819850,1903
285,NW_022145594.1,23028792,23031439,2647
286,NW_022145594.1,23100954,23102698,1744
287,NW_022145594.1,23693615,23698070,4455
288,NW_022145594.1,23845640,23847664,2024
289,NW_022145594.1,24036051,24038346,2295
290,NW_022145594.1,24064092,24066688,2596
291,NW_022145594.1,24548360,24548818,458
292,NW_022145594.1,24634574,24637151,2577
293,NW_022145594.1,24791097,24795278,4181
294,NW_022145594.1,24833439,24834784,1345
295,NW_022145594.1,24838807,24842702,3895
296,NW_022145594.1,25144148,25167936,23788
297,NW_022145594.1,25498228,25501312,3084
298,NW_022145594.1,25786487,25788658,2171
299,NW_022145594.1,25970834,25970993,159
300,NW_022145594.1,25985328,25986867,1539
301,NW_022145594.1,26381302,26387243,5941
302,NW_022145594.1,26728557,26728845,288
303,NW_022145594.1,26846555,26893953,47398
304,NW_022145594.1,26927639,26955399,27760
305,NW_022145594.1,27044813,27046770,1957
306,NW_022145594.1,27105590,27108253,2663
307,NW_022145594.1,27545079,27556515,11436
308,NW_022145594.1,27560624,27562968,2344
309,NW_022145594.1,27567091,27569148,2057
310,NW_022145594.1,27588852,27591842,2990
311,NW_022145594.1,27597719,27663059,65340
312,NW_022145594.1,27681391,27685498,4107
313,NW_022145594.1,28719835,28721134,1299
314,NW_022145594.1,29138750,29145966,7216
315,NW_022145594.1,29603528,29605899,2371
316,NW_022145594.1,29968405,29970057,1652
317,NW_022145594.1,31463167,31464947,1780
318,NW_022145594.1,31738431,31742634,4203
319,NW_022145594.1,31756929,31757878,949
320,NW_022145594.1,32201975,32203719,1744
321,NW_022145594.1,32563432,32567167,3735
322,NW_022145594.1,33243800,33251222,7422
323,NW_022145594.1,33383771,33388801,5030
324,NW_022145594.1,33591815,33596770,4955
325,NW_022145594.1,33641516,33641543,27
326,NW_022145594.1,33648701,33649141,440
327,NW_022145594.1,33709426,33710732,1306
328,NW_022145594.1,33982111,33982514,403
329,NW_022145594.1,34125128,34128202,3074
330,NW_022145594.1,34222092,34225040,2948
331,NW_022145594.1,35764240,35769184,4944
332,NW_022145594.1,35995787,35996517,730
333,NW_022145594.1,35996599,35999495,2896
334,NW_022145594.1,36353490,36402096,48606
335,NW_022145594.1,36494096,36518015,23919
336,NW_022145594.1,36587713,36590099,2386
337,NW_022145594.1,36590235,36590635,400
338,NW_022145594.1,37163204,37165710,2506
339,NW_022145594.1,38393411,38398048,4637
340,NW_022145594.1,38428477,38429442,965
341,NW_022145594.1,38431120,38432618,1498
342,NW_022145594.1,38433840,38434651,811
343,NW_022145594.1,38448170,38448868,698
344,NW_022145594.1,38541237,38541977,740
345,NW_022145594.1,38546459,38559746,13287
346,NW_022145594.1,38677527,38679377,1850
347,NW_022145594.1,38722548,38727667,5119
348,NW_022145594.1,38732552,38737781,5229
349,NW_022145594.1,38939877,38942292,2415
350,NW_022145594.1,39077432,39080565,3133
351,NW_022145594.1,39081567,39086462,4895
352,NW_022145594.1,39242909,39250280,7371
353,NW_022145594.1,39255930,39257031,1101
354,NW_022145594.1,39296339,39298502,2163
355,NW_022145594.1,39570493,39574306,3813
356,NW_022145594.1,40128783,40129437,654
357,NW_022145594.1,40220257,40223533,3276
358,NW_022145594.1,40708605,40711817,3212
359,NW_022145594.1,41678997,41681609,2612
360,NW_022145594.1,42169729,42173307,3578
361,NW_022145594.1,42268896,42311549,42653
362,NW_022145594.1,42813444,42827131,13687
363,NW_022145594.1,42845873,42846955,1082
364,NW_022145594.1,42972379,42973207,828
365,NW_022145594.1,43056632,43061522,4890
366,NW_022145594.1,43061589,43063172,1583
367,NW_022145594.1,43098158,43102611,4453
368,NW_022145594.1,43517301,43517975,674
369,NW_022145594.1,43587764,43593055,5291
370,NW_022145594.1,43588340,43590542,2202
371,NW_022145594.1,45618481,45620166,1685
372,NW_022145594.1,45628948,45631355,2407
373,NW_022145594.1,45906624,45908441,1817
374,NW_022145594.1,46113185,46124976,11791
375,NW_022145594.1,46774586,46775593,1007
376,NW_022145594.1,46785859,46794148,8289
377,NW_022145594.1,46838096,46839923,1827
378,NW_022145594.1,47478289,47490438,12149
379,NW_022145594.1,47558392,47560812,2420
380,NW_022145594.1,47738350,47740697,2347
381,NW_022145594.1,47741583,47743554,1971
382,NW_022145594.1,48280707,48283448,2741
383,NW_022145594.1,48475783,48477720,1937
384,NW_022145594.1,48477906,48479159,1253
385,NW_022145594.1,48956500,48958570,2070
386,NW_022145594.1,49406475,49407782,1307
387,NW_022145594.1,49573450,49577169,3719
388,NW_022145594.1,49613239,49617023,3784
389,NW_022145594.1,49929237,49931406,2169
390,NW_022145594.1,50080381,50082335,1954
391,NW_022145594.1,50384689,50387096,2407
392,NW_022145594.1,51173505,51219183,45678
393,NW_022145594.1,51231355,51239321,7966
394,NW_022145594.1,51597216,51598315,1099
395,NW_022145594.1,51632623,51632710,87
396,NW_022145594.1,51971513,51973205,1692
397,NW_022145594.1,51975602,51986418,10816
398,NW_022145594.1,52534963,52538289,3326
399,NW_022145594.1,53053194,53056820,3626
400,NW_022145595.1,280088,280362,274
401,NW_022145595.1,776007,779116,3109
402,NW_022145595.1,1028085,1031223,3138
403,NW_022145595.1,1142053,1142979,926
404,NW_022145595.1,1155317,1155428,111
405,NW_022145595.1,1266969,1268383,1414
406,NW_022145595.1,1600225,1602398,2173
407,NW_022145595.1,1645588,1647851,2263
408,NW_022145595.1,1652829,1656933,4104
409,NW_022145595.1,1678542,1678784,242
410,NW_022145595.1,1685173,1687073,1900
411,NW_022145595.1,2522386,2523294,908
412,NW_022145595.1,2569390,2571559,2169
413,NW_022145595.1,2601693,2606223,4530
414,NW_022145595.1,2642210,2646834,4624
415,NW_022145595.1,2727714,2732120,4406
416,NW_022145595.1,2732868,2735423,2555
417,NW_022145595.1,2736576,2736965,389
418,NW_022145595.1,3166655,3171525,4870
419,NW_022145595.1,3286813,3287674,861
420,NW_022145595.1,3450902,3450916,14
421,NW_022145595.1,3491854,3493765,1911
422,NW_022145595.1,4584449,4586499,2050
423,NW_022145595.1,4591501,4591698,197
424,NW_022145595.1,4936316,4937422,1106
425,NW_022145595.1,5168959,5169603,644
426,NW_022145595.1,5220737,5227432,6695
427,NW_022145595.1,5700664,5703173,2509
428,NW_022145595.1,6060841,6062087,1246
429,NW_022145595.1,6080872,6080995,123
430,NW_022145595.1,6121201,6127641,6440
431,NW_022145595.1,6137831,6140447,2616
432,NW_022145595.1,7827855,7828623,768
433,NW_022145595.1,8139006,8141477,2471
434,NW_022145595.1,8147793,8149203,1410
435,NW_022145595.1,8280049,8286803,6754
436,NW_022145595.1,8467615,8468218,603
437,NW_022145595.1,8866513,8867740,1227
438,NW_022145595.1,8982896,8988064,5168
439,NW_022145595.1,8988150,8990818,2668
440,NW_022145595.1,9003429,9008178,4749
441,NW_022145595.1,9003331,9006533,3202
442,NW_022145595.1,9165554,9167753,2199
443,NW_022145595.1,9302087,9302177,90
444,NW_022145595.1,9499497,9502730,3233
445,NW_022145595.1,9815708,9817655,1947
446,NW_022145595.1,9998376,9998387,11
447,NW_022145595.1,10194874,10204429,9555
448,NW_022145595.1,10328069,10332609,4540
449,NW_022145595.1,10631947,10635207,3260
450,NW_022145595.1,11196574,11199967,3393
451,NW_022145595.1,11551563,11551858,295
452,NW_022145595.1,11607023,11621119,14096
453,NW_022145595.1,11654136,11656410,2274
454,NW_022145595.1,11688788,11690829,2041
455,NW_022145595.1,11966360,11968965,2605
456,NW_022145595.1,11969130,11972569,3439
457,NW_022145595.1,12599775,12601133,1358
458,NW_022145595.1,12664086,12668589,4503
459,NW_022145595.1,12763965,12764772,807
460,NW_022145595.1,12772597,12776761,4164
461,NW_022145595.1,12849481,12870090,20609
462,NW_022145595.1,13113535,13115036,1501
463,NW_022145595.1,13294747,13295728,981
464,NW_022145595.1,13348701,13353939,5238
465,NW_022145595.1,13419472,13419516,44
466,NW_022145595.1,13459051,13462856,3805
467,NW_022145595.1,13464003,13470182,6179
468,NW_022145595.1,13667892,13669915,2023
469,NW_022145595.1,13684503,13695361,10858
470,NW_022145595.1,13713843,13716903,3060
471,NW_022145595.1,14247393,14250034,2641
472,NW_022145595.1,14492273,14497626,5353
473,NW_022145595.1,14743441,14744534,1093
474,NW_022145595.1,14963953,14967743,3790
475,NW_022145595.1,14973285,14973520,235
476,NW_022145595.1,14982034,14984614,2580
477,NW_022145595.1,14987003,14988788,1785
478,NW_022145595.1,14994289,14996873,2584
479,NW_022145595.1,14988640,14996873,8233
480,NW_022145595.1,15018832,15020425,1593
481,NW_022145595.1,15028021,15029086,1065
482,NW_022145595.1,15035950,15037859,1909
483,NW_022145595.1,15046089,15055188,9099
484,NW_022145595.1,15065304,15066147,843
485,NW_022145595.1,15073419,15074017,598
486,NW_022145595.1,15219202,15219288,86
487,NW_022145595.1,15262006,15274437,12431
488,NW_022145595.1,15287694,15290377,2683
489,NW_022145595.1,15691692,15691757,65
490,NW_022145595.1,16088358,16089402,1044
491,NW_022145595.1,16354621,16356277,1656
492,NW_022145595.1,16659081,16661216,2135
493,NW_022145595.1,16696717,16698188,1471
494,NW_022145595.1,16748092,16758238,10146
495,NW_022145595.1,17007440,17010393,2953
496,NW_022145595.1,17064801,17067316,2515
497,NW_022145595.1,17139631,17146301,6670
498,NW_022145595.1,19458853,19464532,5679
499,NW_022145595.1,19475557,19489321,13764
500,NW_022145595.1,19981488,19985055,3567
501,NW_022145595.1,19990820,19994332,3512
502,NW_022145595.1,20222321,20224846,2525
503,NW_022145595.1,20275776,20281482,5706
504,NW_022145595.1,20293985,20295507,1522
505,NW_022145595.1,20294051,20295507,1456
506,NW_022145595.1,20349851,20351953,2102
507,NW_022145595.1,20521110,20522234,1124
508,NW_022145595.1,20539927,20540130,203
509,NW_022145595.1,20545764,20546588,824
510,NW_022145595.1,21136173,21138535,2362
511,NW_022145595.1,21138664,21142149,3485
512,NW_022145595.1,21143282,21145531,2249
513,NW_022145595.1,21150505,21188435,37930
514,NW_022145595.1,22246145,22250747,4602
515,NW_022145595.1,22676840,22679273,2433
516,NW_022145595.1,22707993,22715400,7407
517,NW_022145595.1,22721599,22725953,4354
518,NW_022145595.1,22878703,22880791,2088
519,NW_022145595.1,22924973,22929302,4329
520,NW_022145595.1,22930178,22934067,3889
521,NW_022145595.1,23540304,23541496,1192
522,NW_022145595.1,23589044,23589046,2
523,NW_022145595.1,23640264,23648483,8219
524,NW_022145595.1,23728842,23734714,5872
525,NW_022145595.1,23741193,23742971,1778
526,NW_022145595.1,23760293,23763594,3301
527,NW_022145595.1,23819430,23823860,4430
528,NW_022145595.1,23987462,23989219,1757
529,NW_022145595.1,24996092,24998777,2685
530,NW_022145595.1,25023799,25028184,4385
531,NW_022145595.1,25183313,25183812,499
532,NW_022145595.1,25189672,25191628,1956
533,NW_022145595.1,25193675,25197317,3642
534,NW_022145595.1,25336821,25336851,30
535,NW_022145595.1,25420343,25422630,2287
536,NW_022145595.1,25442792,25443770,978
537,NW_022145595.1,25668330,25670827,2497
538,NW_022145595.1,25791732,25791971,239
539,NW_022145595.1,25979004,25980310,1306
540,NW_022145595.1,27054049,27058561,4512
541,NW_022145595.1,27112898,27114204,1306
542,NW_022145595.1,27138437,27144638,6201
543,NW_022145595.1,27270768,27272466,1698
544,NW_022145595.1,27855529,27857925,2396
545,NW_022145595.1,27869729,27872259,2530
546,NW_022145595.1,27887966,27887972,6
547,NW_022145595.1,27962391,27963399,1008
548,NW_022145595.1,27968752,27973395,4643
549,NW_022145595.1,27979448,27980965,1517
550,NW_022145595.1,28191050,28195732,4682
551,NW_022145595.1,28567081,28569488,2407
552,NW_022145595.1,28611722,28612513,791
553,NW_022145595.1,29029263,29029273,10
554,NW_022145595.1,29096145,29098216,2071
555,NW_022145595.1,29391898,29393981,2083
556,NW_022145595.1,29670746,29670999,253
557,NW_022145595.1,29908377,29909305,928
558,NW_022145596.1,428917,430440,1523
559,NW_022145596.1,765717,779317,13600
560,NW_022145596.1,818187,820724,2537
561,NW_022145596.1,1511787,1515511,3724
562,NW_022145596.1,2092166,2092877,711
563,NW_022145596.1,2111810,2111865,55
564,NW_022145596.1,2583516,2585362,1846
565,NW_022145596.1,2958934,2961731,2797
566,NW_022145596.1,5002732,5005991,3259
567,NW_022145596.1,6145855,6146411,556
568,NW_022145596.1,7245633,7245638,5
569,NW_022145596.1,7408197,7409527,1330
570,NW_022145596.1,8208561,8209737,1176
571,NW_022145596.1,8250302,8252199,1897
572,NW_022145596.1,8255721,8256465,744
573,NW_022145596.1,8260526,8262121,1595
574,NW_022145596.1,8258025,8259400,1375
575,NW_022145596.1,8281577,8284859,3282
576,NW_022145596.1,8292217,8295157,2940
577,NW_022145596.1,8308355,8315911,7556
578,NW_022145596.1,8355226,8356037,811
579,NW_022145596.1,8515125,8515272,147
580,NW_022145596.1,8762105,8765722,3617
581,NW_022145596.1,8827379,8829808,2429
582,NW_022145596.1,9160414,9165750,5336
583,NW_022145596.1,9167821,9172827,5006
584,NW_022145596.1,9353241,9354163,922
585,NW_022145596.1,9577712,9578173,461
586,NW_022145596.1,9791359,9791423,64
587,NW_022145596.1,9887231,9892624,5393
588,NW_022145596.1,10171888,10174255,2367
589,NW_022145596.1,10350854,10352128,1274
590,NW_022145596.1,10463885,10466324,2439
591,NW_022145596.1,10813715,10814306,591
592,NW_022145596.1,11147370,11152447,5077
593,NW_022145596.1,11417707,11422983,5276
594,NW_022145596.1,12029251,12032691,3440
595,NW_022145596.1,12219734,12222368,2634
596,NW_022145596.1,12956714,12957754,1040
597,NW_022145596.1,12958332,12961194,2862
598,NW_022145596.1,13590857,13599399,8542
599,NW_022145596.1,13728412,13735016,6604
600,NW_022145596.1,14050721,14051498,777
601,NW_022145596.1,14056264,14056955,691
602,NW_022145596.1,14120307,14120775,468
603,NW_022145596.1,14121778,14122422,644
604,NW_022145596.1,15269926,15270906,980
605,NW_022145596.1,15335132,15335765,633
606,NW_022145596.1,15584427,15587582,3155
607,NW_022145596.1,15612312,15612832,520
608,NW_022145596.1,16105618,16106972,1354
609,NW_022145596.1,16105619,16107408,1789
610,NW_022145596.1,16112540,16112555,15
611,NW_022145596.1,16608554,16611632,3078
612,NW_022145596.1,16723020,16723135,115
613,NW_022145596.1,16723316,16725896,2580
614,NW_022145596.1,16910733,16914761,4028
615,NW_022145596.1,16915282,16919588,4306
616,NW_022145596.1,17363558,17366473,2915
617,NW_022145596.1,17703763,17712746,8983
618,NW_022145596.1,17715364,17720832,5468
619,NW_022145596.1,18032206,18033490,1284
620,NW_022145596.1,18045832,18048232,2400
621,NW_022145596.1,18114917,18130169,15252
622,NW_022145596.1,18640954,18640966,12
623,NW_022145596.1,19991118,19991258,140
624,NW_022145596.1,22071099,22072215,1116
625,NW_022145596.1,22390602,22392125,1523
626,NW_022145596.1,22822815,22823857,1042
627,NW_022145596.1,22824247,22828662,4415
628,NW_022145596.1,22868131,22869234,1103
629,NW_022145596.1,23033569,23038419,4850
630,NW_022145596.1,23706053,23706433,380
631,NW_022145596.1,24187857,24190280,2423
632,NW_022145596.1,24490999,24492473,1474
633,NW_022145596.1,25062875,25066047,3172
634,NW_022145596.1,25168069,25171331,3262
635,NW_022145596.1,25567267,25568578,1311
636,NW_022145596.1,25706417,25706525,108
637,NW_022145596.1,26559072,26559131,59
638,NW_022145596.1,27484827,27486866,2039
639,NW_022145596.1,27602532,27605347,2815
640,NW_022145596.1,27975880,27986847,10967
641,NW_022145596.1,27981463,27986265,4802
642,NW_022145596.1,28419263,28421012,1749
643,NW_022145596.1,28421409,28424474,3065
644,NW_022145596.1,28662330,28664378,2048
645,NW_022145596.1,29043668,29044990,1322
646,NW_022145596.1,29678619,29680376,1757
647,NW_022145596.1,29701795,29702054,259
648,NW_022145596.1,29781300,29784736,3436
649,NW_022145596.1,29826043,29826491,448
650,NW_022145596.1,29991895,29993872,1977
651,NW_022145596.1,30073998,30079616,5618
652,NW_022145596.1,30480879,30482881,2002
653,NW_022145596.1,30491668,30492962,1294
654,NW_022145596.1,30495919,30499469,3550
655,NW_022145596.1,30500652,30502994,2342
656,NW_022145596.1,30570305,30574533,4228
657,NW_022145596.1,30819480,30826739,7259
658,NW_022145596.1,30861563,30864132,2569
659,NW_022145596.1,30908322,30915676,7354
660,NW_022145596.1,30915776,30916056,280
661,NW_022145596.1,31390606,31392694,2088
662,NW_022145596.1,31782426,31783951,1525
663,NW_022145596.1,31906244,31917606,11362
664,NW_022145596.1,32342972,32345300,2328
665,NW_022145596.1,32347689,32350907,3218
666,NW_022145596.1,32765593,32765598,5
667,NW_022145596.1,32786939,32788160,1221
668,NW_022145596.1,32809728,32815205,5477
669,NW_022145596.1,32917605,32917849,244
670,NW_022145596.1,33143546,33143556,10
671,NW_022145597.1,268886,278329,9443
672,NW_022145597.1,289654,296499,6845
673,NW_022145597.1,536492,556975,20483
674,NW_022145597.1,988986,991164,2178
675,NW_022145597.1,1080928,1086098,5170
676,NW_022145597.1,1102583,1109326,6743
677,NW_022145597.1,1116611,1125096,8485
678,NW_022145597.1,1257192,1260596,3404
679,NW_022145597.1,1626570,1657503,30933
680,NW_022145597.1,2342386,2354503,12117
681,NW_022145597.1,2365426,2367434,2008
682,NW_022145597.1,2785124,2787477,2353
683,NW_022145597.1,3058817,3059780,963
684,NW_022145597.1,3080521,3084191,3670
685,NW_022145597.1,3153632,3159789,6157
686,NW_022145597.1,3215619,3220045,4426
687,NW_022145597.1,3451093,3451341,248
688,NW_022145597.1,3453712,3459788,6076
689,NW_022145597.1,3534708,3534856,148
690,NW_022145597.1,3534912,3537690,2778
691,NW_022145597.1,3578390,3591576,13186
692,NW_022145597.1,3666819,3668863,2044
693,NW_022145597.1,3710147,3713507,3360
694,NW_022145597.1,3814645,3815426,781
695,NW_022145597.1,3841508,3928209,86701
696,NW_022145597.1,4534088,4534541,453
697,NW_022145597.1,5439471,5439479,8
698,NW_022145597.1,5440134,5446259,6125
699,NW_022145597.1,5688250,5690354,2104
700,NW_022145597.1,5698515,5702695,4180
701,NW_022145597.1,5892576,5894964,2388
702,NW_022145597.1,6287619,6292137,4518
703,NW_022145597.1,6302215,6306190,3975
704,NW_022145597.1,6348274,6350234,1960
705,NW_022145597.1,6587480,6588107,627
706,NW_022145597.1,6609469,6612432,2963
707,NW_022145597.1,6816445,6817894,1449
708,NW_022145597.1,7094540,7095240,700
709,NW_022145597.1,7328672,7328678,6
710,NW_022145597.1,7424965,7428029,3064
711,NW_022145597.1,7559405,7560722,1317
712,NW_022145597.1,8352899,8355545,2646
713,NW_022145597.1,8412095,8412984,889
714,NW_022145597.1,8874684,8875845,1161
715,NW_022145597.1,8876246,8880606,4360
716,NW_022145597.1,8974285,8977125,2840
717,NW_022145597.1,9214949,9221680,6731
718,NW_022145597.1,9240243,9243501,3258
719,NW_022145597.1,9283542,9286495,2953
720,NW_022145597.1,9734008,9741858,7850
721,NW_022145597.1,9735080,9739124,4044
722,NW_022145597.1,10036739,10041252,4513
723,NW_022145597.1,10045048,10051573,6525
724,NW_022145597.1,10051699,10060304,8605
725,NW_022145597.1,12218482,12222041,3559
726,NW_022145597.1,13264434,13265964,1530
727,NW_022145597.1,13272457,13273689,1232
728,NW_022145597.1,13419878,13420063,185
729,NW_022145597.1,13987172,13990346,3174
730,NW_022145597.1,14646546,14647875,1329
731,NW_022145597.1,14674476,14675074,598
732,NW_022145597.1,14809274,14812462,3188
733,NW_022145597.1,15234557,15235022,465
734,NW_022145597.1,15391095,15391692,597
735,NW_022145597.1,15894382,15894841,459
736,NW_022145597.1,16235148,16236580,1432
737,NW_022145597.1,16278429,16279837,1408
738,NW_022145597.1,16296664,16303618,6954
739,NW_022145597.1,16501765,16509982,8217
740,NW_022145597.1,16550103,16552193,2090
741,NW_022145597.1,16754286,16757596,3310
742,NW_022145597.1,17155896,17159788,3892
743,NW_022145597.1,17295178,17304111,8933
744,NW_022145597.1,17311500,17315697,4197
745,NW_022145597.1,17316810,17322422,5612
746,NW_022145597.1,17317979,17320413,2434
747,NW_022145597.1,17320976,17323223,2247
748,NW_022145597.1,17913575,17915133,1558
749,NW_022145597.1,18167993,18168303,310
750,NW_022145597.1,18196805,18202145,5340
751,NW_022145597.1,18629907,18633563,3656
752,NW_022145597.1,19165891,19166753,862
753,NW_022145597.1,19172268,19174616,2348
754,NW_022145597.1,19175264,19179549,4285
755,NW_022145597.1,19799277,19800335,1058
756,NW_022145597.1,20465688,20469389,3701
757,NW_022145597.1,20632759,20634776,2017
758,NW_022145597.1,20654492,20654878,386
759,NW_022145597.1,20886285,20890990,4705
760,NW_022145597.1,21058683,21059283,600
761,NW_022145597.1,21068836,21070996,2160
762,NW_022145597.1,21589278,21592456,3178
763,NW_022145597.1,21950634,21963913,13279
764,NW_022145597.1,21969455,21979021,9566
765,NW_022145597.1,21999405,22021632,22227
766,NW_022145597.1,22249103,22261285,12182
767,NW_022145597.1,22439816,22443295,3479
768,NW_022145597.1,22604255,22604287,32
769,NW_022145597.1,22902477,22902566,89
770,NW_022145597.1,22988613,22992056,3443
771,NW_022145597.1,23330045,23332221,2176
772,NW_022145597.1,23605798,23607071,1273
773,NW_022145597.1,23658388,23660798,2410
774,NW_022145597.1,24059197,24070162,10965
775,NW_022145597.1,24074991,24106032,31041
776,NW_022145597.1,24209755,24210413,658
777,NW_022145597.1,24263620,24264680,1060
778,NW_022145597.1,24302751,24304682,1931
779,NW_022145597.1,24398968,24401609,2641
780,NW_022145597.1,24422501,24422607,106
781,NW_022145597.1,24684663,24685902,1239
782,NW_022145597.1,25817627,25818946,1319
783,NW_022145597.1,26282935,26283006,71
784,NW_022145597.1,26346287,26348821,2534
785,NW_022145597.1,26407332,26408747,1415
786,NW_022145597.1,26967651,26970865,3214
787,NW_022145597.1,27047017,27047636,619
788,NW_022145597.1,27116678,27120893,4215
789,NW_022145597.1,27269354,27269681,327
790,NW_022145597.1,27290057,27292754,2697
791,NW_022145597.1,27350177,27350694,517
792,NW_022145597.1,28016142,28018302,2160
793,NW_022145597.1,28102579,28104385,1806
794,NW_022145597.1,28256626,28257803,1177
795,NW_022145597.1,28573948,28574359,411
796,NW_022145597.1,28624866,28626608,1742
797,NW_022145597.1,28631779,28631879,100
798,NW_022145597.1,28639113,28639186,73
799,NW_022145597.1,28645087,28646273,1186
800,NW_022145597.1,28757470,28757829,359
801,NW_022145597.1,28999802,29010976,11174
802,NW_022145597.1,29023393,29033021,9628
803,NW_022145597.1,29038751,29039737,986
804,NW_022145597.1,29030278,29033069,2791
805,NW_022145597.1,29035137,29036602,1465
806,NW_022145597.1,29055544,29060027,4483
807,NW_022145597.1,29065103,29065483,380
808,NW_022145597.1,29056272,29058071,1799
809,NW_022145597.1,29077315,29079084,1769
810,NW_022145597.1,29205205,29210357,5152
811,NW_022145597.1,29230507,29231989,1482
812,NW_022145597.1,29682497,29684766,2269
813,NW_022145597.1,30444538,30444552,14
814,NW_022145597.1,30491508,30491654,146
815,NW_022145597.1,31226714,31230810,4096
816,NW_022145597.1,31626257,31628260,2003
817,NW_022145597.1,31915594,31916923,1329
818,NW_022145597.1,32101212,32113127,11915
819,NW_022145597.1,32252884,32253921,1037
820,NW_022145597.1,32265674,32278748,13074
821,NW_022145597.1,32460346,32467153,6807
822,NW_022145597.1,32513246,32514309,1063
823,NW_022145598.1,142420,142427,7
824,NW_022145598.1,225215,225320,105
825,NW_022145598.1,374856,375146,290
826,NW_022145598.1,520417,526264,5847
827,NW_022145598.1,561916,562562,646
828,NW_022145598.1,646111,648482,2371
829,NW_022145598.1,774456,774567,111
830,NW_022145598.1,884632,887688,3056
831,NW_022145598.1,987319,987690,371
832,NW_022145598.1,1275256,1276966,1710
833,NW_022145598.1,1350931,1353134,2203
834,NW_022145598.1,1534102,1537640,3538
835,NW_022145598.1,1911109,1911956,847
836,NW_022145598.1,2025151,2028324,3173
837,NW_022145598.1,2089624,2091620,1996
838,NW_022145598.1,2093129,2095229,2100
839,NW_022145598.1,2248545,2249729,1184
840,NW_022145598.1,2250198,2254756,4558
841,NW_022145598.1,2300781,2303533,2752
842,NW_022145598.1,2307492,2310438,2946
843,NW_022145598.1,3120451,3122353,1902
844,NW_022145598.1,3428932,3431799,2867
845,NW_022145598.1,3436598,3454382,17784
846,NW_022145598.1,4107897,4109189,1292
847,NW_022145598.1,4118806,4121196,2390
848,NW_022145598.1,4184688,4192465,7777
849,NW_022145598.1,4203138,4205163,2025
850,NW_022145598.1,4611129,4611135,6
851,NW_022145598.1,4619675,4620809,1134
852,NW_022145598.1,4619828,4620809,981
853,NW_022145598.1,4713464,4714772,1308
854,NW_022145598.1,4752839,4754483,1644
855,NW_022145598.1,4840637,4842163,1526
856,NW_022145598.1,5238774,5238958,184
857,NW_022145598.1,5896707,5899170,2463
858,NW_022145598.1,5982028,5982250,222
859,NW_022145598.1,6021123,6025204,4081
860,NW_022145598.1,6324043,6326253,2210
861,NW_022145598.1,6460909,6464066,3157
862,NW_022145598.1,6610442,6611640,1198
863,NW_022145598.1,6801242,6813185,11943
864,NW_022145598.1,7116529,7119902,3373
865,NW_022145598.1,7221168,7221694,526
866,NW_022145598.1,7224848,7227279,2431
867,NW_022145598.1,7228075,7231680,3605
868,NW_022145598.1,7776176,7777384,1208
869,NW_022145598.1,8393158,8395774,2616
870,NW_022145598.1,8461406,8462505,1099
871,NW_022145598.1,9100912,9101406,494
872,NW_022145598.1,9437310,9437610,300
873,NW_022145598.1,9758083,9760740,2657
874,NW_022145598.1,10524492,10527087,2595
875,NW_022145598.1,10528454,10531518,3064
876,NW_022145598.1,10531791,10533226,1435
877,NW_022145598.1,11051206,11064894,13688
878,NW_022145598.1,11279489,11281505,2016
879,NW_022145598.1,11348483,11351801,3318
880,NW_022145598.1,11600789,11602520,1731
881,NW_022145598.1,11610950,11612988,2038
882,NW_022145598.1,11672334,11690492,18158
883,NW_022145598.1,11780082,11781396,1314
884,NW_022145598.1,12273768,12278371,4603
885,NW_022145598.1,12652066,12655955,3889
886,NW_022145598.1,12833645,12834600,955
887,NW_022145598.1,12885005,12886434,1429
888,NW_022145598.1,13702972,13705553,2581
889,NW_022145598.1,13958067,13968323,10256
890,NW_022145598.1,14018767,14021993,3226
891,NW_022145598.1,14049073,14051012,1939
892,NW_022145598.1,14075378,14077481,2103
893,NW_022145598.1,14088108,14091101,2993
894,NW_022145598.1,14134586,14140789,6203
895,NW_022145598.1,14158298,14160775,2477
896,NW_022145598.1,14168991,14169088,97
897,NW_022145598.1,14171822,14173557,1735
898,NW_022145598.1,14177096,14186218,9122
899,NW_022145598.1,14186745,14189905,3160
900,NW_022145598.1,14218152,14220262,2110
901,NW_022145598.1,14294062,14295078,1016
902,NW_022145598.1,14509808,14510342,534
903,NW_022145598.1,14527718,14529530,1812
904,NW_022145598.1,14586055,14587907,1852
905,NW_022145598.1,14639397,14675544,36147
906,NW_022145598.1,14647137,14660307,13170
907,NW_022145598.1,15648020,15649129,1109
908,NW_022145598.1,15659860,15660005,145
909,NW_022145598.1,15667605,15673620,6015
910,NW_022145598.1,15899172,15900461,1289
911,NW_022145598.1,15964103,15965259,1156
912,NW_022145598.1,16150988,16154661,3673
913,NW_022145598.1,16179419,16183547,4128
914,NW_022145598.1,16575941,16578650,2709
915,NW_022145598.1,16853189,16859599,6410
916,NW_022145598.1,17152942,17172098,19156
917,NW_022145598.1,17191951,17200905,8954
918,NW_022145598.1,17225916,17243794,17878
919,NW_022145598.1,17249209,17251879,2670
920,NW_022145598.1,17268316,17273691,5375
921,NW_022145598.1,17311848,17321357,9509
922,NW_022145598.1,17366311,17375606,9295
923,NW_022145598.1,17320550,17321986,1436
924,NW_022145598.1,17419666,17422299,2633
925,NW_022145598.1,17507734,17509938,2204
926,NW_022145598.1,17582726,17583604,878
927,NW_022145598.1,17584633,17584717,84
928,NW_022145598.1,17656345,17659970,3625
929,NW_022145598.1,17670734,17672526,1792
930,NW_022145598.1,17903078,17910959,7881
931,NW_022145598.1,18716236,18728936,12700
932,NW_022145598.1,18729018,18729055,37
933,NW_022145598.1,18849475,18851558,2083
934,NW_022145598.1,19151701,19154581,2880
935,NW_022145598.1,19728376,19730604,2228
936,NW_022145598.1,19776612,19778653,2041
937,NW_022145598.1,19886563,19889980,3417
938,NW_022145598.1,19894474,19897860,3386
939,NW_022145598.1,19944321,19947845,3524
940,NW_022145598.1,20145733,20147916,2183
941,NW_022145598.1,20306624,20307362,738
942,NW_022145598.1,20443467,20444277,810
943,NW_022145598.1,20476300,20478748,2448
944,NW_022145598.1,20474686,20475520,834
945,NW_022145598.1,20939219,20942130,2911
946,NW_022145598.1,21638872,21639705,833
947,NW_022145598.1,21967645,21970198,2553
948,NW_022145598.1,22228312,22231301,2989
949,NW_022145598.1,22249788,22252743,2955
950,NW_022145598.1,22921533,22924640,3107
951,NW_022145598.1,23168439,23169315,876
952,NW_022145598.1,24820437,24821034,597
953,NW_022145598.1,24863698,24864522,824
954,NW_022145598.1,24958917,24963114,4197
955,NW_022145598.1,25021164,25022994,1830
956,NW_022145598.1,25117039,25121064,4025
957,NW_022145598.1,25166585,25173074,6489
958,NW_022145598.1,25877692,25878729,1037
959,NW_022145598.1,25893250,25894508,1258
960,NW_022145598.1,26481080,26484719,3639
961,NW_022145598.1,26923448,26926878,3430
962,NW_022145598.1,26930167,26944007,13840
963,NW_022145598.1,26923681,26938830,15149
964,NW_022145598.1,26944008,26946549,2541
965,NW_022145598.1,28800166,28803996,3830
966,NW_022145598.1,28953480,28955012,1532
967,NW_022145598.1,29999330,30002165,2835
968,NW_022145598.1,30122937,30155700,32763
969,NW_022145598.1,30126867,30127826,959
970,NW_022145598.1,30182451,30185950,3499
971,NW_022145598.1,30192321,30193852,1531
972,NW_022145598.1,30235690,30236129,439
973,NW_022145598.1,30241204,30249342,8138
974,NW_022145598.1,30339987,30347635,7648
975,NW_022145598.1,30349066,30362406,13340
976,NW_022145598.1,30458089,30458092,3
977,NW_022145598.1,30704058,30713195,9137
978,NW_022145598.1,30868725,30869616,891
979,NW_022145598.1,30878007,30878137,130
980,NW_022145598.1,30945698,30945980,282
981,NW_022145598.1,30948439,30950186,1747
982,NW_022145598.1,30965822,30968971,3149
983,NW_022145598.1,31127011,31128503,1492
984,NW_022145598.1,31435908,31438048,2140
985,NW_022145598.1,31489154,31489869,715
986,NW_022145598.1,31837982,31838431,449
987,NW_022145598.1,31865377,31868918,3541
988,NW_022145598.1,32265035,32266704,1669
989,NW_022145598.1,32270408,32278108,7700
990,NW_022145598.1,32383206,32383324,118
991,NW_022145598.1,32615213,32617387,2174
992,NW_022145598.1,32932018,32933739,1721
993,NW_022145598.1,33383688,33384978,1290
994,NW_022145598.1,33652224,33653432,1208
995,NW_022145598.1,33765095,33767371,2276
996,NW_022145598.1,34093308,34094575,1267
997,NW_022145598.1,34184813,34188235,3422
998,NW_022145598.1,34345302,34345611,309
999,NW_022145598.1,34372176,34372273,97
1000,NW_022145598.1,34378056,34379524,1468
1001,NW_022145598.1,34386362,34386504,142
1002,NW_022145598.1,34462448,34466505,4057
1003,NW_022145598.1,34571706,34574537,2831
1004,NW_022145598.1,34648795,34651019,2224
1005,NW_022145598.1,34909085,34914619,5534
1006,NW_022145598.1,34971137,34971567,430
1007,NW_022145598.1,34974985,34975302,317
1008,NW_022145598.1,35408319,35413372,5053
1009,NW_022145598.1,35426527,35435071,8544
1010,NW_022145598.1,35461751,35462939,1188
1011,NW_022145598.1,35523435,35528643,5208
1012,NW_022145598.1,35598495,35600736,2241
1013,NW_022145598.1,35739688,35743775,4087
1014,NW_022145598.1,35815644,35818455,2811
1015,NW_022145598.1,35849348,35873252,23904
1016,NW_022145598.1,35877030,35890374,13344
1017,NW_022145598.1,36005005,36011225,6220
1018,NW_022145598.1,36086934,36090176,3242
1019,NW_022145598.1,36089876,36090176,300
1020,NW_022145598.1,36236571,36238740,2169
1021,NW_022145598.1,36286223,36288416,2193
1022,NW_022145598.1,36288885,36288982,97
1023,NW_022145598.1,36564246,36567707,3461
1024,NW_022145598.1,36779033,36784864,5831
1025,NW_022145598.1,36964155,36967831,3676
1026,NW_022145598.1,37095454,37099951,4497
1027,NW_022145599.1,10978,13166,2188
1028,NW_022145599.1,381357,384072,2715
1029,NW_022145599.1,386628,387087,459
1030,NW_022145599.1,810743,810925,182
1031,NW_022145599.1,1562171,1565240,3069
1032,NW_022145599.1,1610952,1611000,48
1033,NW_022145599.1,2524919,2526254,1335
1034,NW_022145599.1,2765375,2765550,175
1035,NW_022145599.1,4107726,4108396,670
1036,NW_022145599.1,4164175,4165156,981
1037,NW_022145599.1,4241277,4247202,5925
1038,NW_022145599.1,4252228,4264014,11786
1039,NW_022145599.1,4324191,4325981,1790
1040,NW_022145599.1,5047398,5048043,645
1041,NW_022145599.1,5320143,5344388,24245
1042,NW_022145599.1,5371438,5385069,13631
1043,NW_022145599.1,5392293,5392669,376
1044,NW_022145599.1,5373219,5426817,53598
1045,NW_022145599.1,5450640,5455096,4456
1046,NW_022145599.1,6052327,6052363,36
1047,NW_022145599.1,6115057,6118982,3925
1048,NW_022145599.1,6184348,6192842,8494
1049,NW_022145599.1,6198107,6200465,2358
1050,NW_022145599.1,6286829,6294150,7321
1051,NW_022145599.1,6487822,6488504,682
1052,NW_022145599.1,6499533,6499546,13
1053,NW_022145599.1,6527541,6528566,1025
1054,NW_022145599.1,6568985,6569829,844
1055,NW_022145599.1,6689661,6693505,3844
1056,NW_022145599.1,7168418,7207687,39269
1057,NW_022145599.1,7395451,7399191,3740
1058,NW_022145599.1,7512337,7513334,997
1059,NW_022145599.1,7715644,7726011,10367
1060,NW_022145599.1,7759384,7763097,3713
1061,NW_022145599.1,7771276,7771628,352
1062,NW_022145599.1,7783488,7784174,686
1063,NW_022145599.1,8368451,8368576,125
1064,NW_022145599.1,9041526,9051425,9899
1065,NW_022145599.1,9055708,9057014,1306
1066,NW_022145599.1,9161776,9164469,2693
1067,NW_022145599.1,9227261,9229765,2504
1068,NW_022145599.1,9353228,9354872,1644
1069,NW_022145599.1,9450929,9453989,3060
1070,NW_022145599.1,10206177,10206816,639
1071,NW_022145599.1,10422707,10423492,785
1072,NW_022145599.1,10444768,10445618,850
1073,NW_022145599.1,11043148,11044171,1023
1074,NW_022145599.1,11737594,11744167,6573
1075,NW_022145599.1,11975240,11977553,2313
1076,NW_022145599.1,12235819,12239254,3435
1077,NW_022145599.1,12279102,12284124,5022
1078,NW_022145599.1,12304340,12306590,2250
1079,NW_022145599.1,12307694,12309333,1639
1080,NW_022145599.1,12936658,12945390,8732
1081,NW_022145599.1,12946029,12947925,1896
1082,NW_022145599.1,13074685,13078374,3689
1083,NW_022145599.1,13287780,13289704,1924
1084,NW_022145599.1,13494946,13495526,580
1085,NW_022145599.1,14164025,14166057,2032
1086,NW_022145599.1,14299718,14300839,1121
1087,NW_022145599.1,14308009,14308279,270
1088,NW_022145599.1,14525940,14528583,2643
1089,NW_022145599.1,14528686,14531138,2452
1090,NW_022145599.1,14538703,14538809,106
1091,NW_022145599.1,14544516,14551877,7361
1092,NW_022145599.1,14544394,14552727,8333
1093,NW_022145599.1,14562012,14573374,11362
1094,NW_022145599.1,14787487,14787697,210
1095,NW_022145599.1,15007543,15013525,5982
1096,NW_022145599.1,15017421,15017481,60
1097,NW_022145599.1,15022347,15028337,5990
1098,NW_022145599.1,15042756,15057990,15234
1099,NW_022145599.1,15065610,15069638,4028
1100,NW_022145599.1,15079496,15081231,1735
1101,NW_022145599.1,15176957,15178063,1106
1102,NW_022145599.1,15769817,15771086,1269
1103,NW_022145599.1,15776615,15785034,8419
1104,NW_022145599.1,15840730,15842090,1360
1105,NW_022145599.1,15854637,15864490,9853
1106,NW_022145599.1,15890004,15893070,3066
1107,NW_022145599.1,15910793,15912448,1655
1108,NW_022145599.1,16845237,16848729,3492
1109,NW_022145599.1,17118180,17120300,2120
1110,NW_022145599.1,17176407,17176655,248
1111,NW_022145599.1,17199492,17199549,57
1112,NW_022145599.1,17622236,17622389,153
1113,NW_022145599.1,17756470,17764540,8070
1114,NW_022145599.1,18059297,18060369,1072
1115,NW_022145599.1,18397960,18398179,219
1116,NW_022145599.1,18527150,18531042,3892
1117,NW_022145599.1,18813016,18824597,11581
1118,NW_022145599.1,19069847,19072120,2273
1119,NW_022145599.1,19073130,19073469,339
1120,NW_022145599.1,19271860,19273082,1222
1121,NW_022145599.1,19274794,19276875,2081
1122,NW_022145599.1,19463389,19464213,824
1123,NW_022145599.1,19479029,19483410,4381
1124,NW_022145599.1,19483575,19484907,1332
1125,NW_022145599.1,19673540,19674327,787
1126,NW_022145599.1,19700381,19702305,1924
1127,NW_022145599.1,20256324,20257465,1141
1128,NW_022145599.1,20262060,20277069,15009
1129,NW_022145599.1,20289383,20291066,1683
1130,NW_022145599.1,20545438,20548105,2667
1131,NW_022145599.1,20549161,20549167,6
1132,NW_022145599.1,20835677,20838987,3310
1133,NW_022145599.1,21170954,21171318,364
1134,NW_022145599.1,21171388,21172320,932
1135,NW_022145599.1,21207053,21210215,3162
1136,NW_022145599.1,21298433,21298526,93
1137,NW_022145599.1,21300924,21301162,238
1138,NW_022145599.1,21431430,21434271,2841
1139,NW_022145599.1,21658814,21660361,1547
1140,NW_022145599.1,22246786,22256418,9632
1141,NW_022145599.1,22408412,22414271,5859
1142,NW_022145599.1,22647191,22650424,3233
1143,NW_022145599.1,22651801,22655164,3363
1144,NW_022145599.1,22981279,22989472,8193
1145,NW_022145599.1,24131900,24135333,3433
1146,NW_022145599.1,24204154,24245855,41701
1147,NW_022145599.1,24344192,24346544,2352
1148,NW_022145599.1,24418615,24420059,1444
1149,NW_022145599.1,24647898,24650066,2168
1150,NW_022145599.1,24663005,24663917,912
1151,NW_022145599.1,24720222,24722177,1955
1152,NW_022145599.1,24805789,24842872,37083
1153,NW_022145599.1,24848702,24861690,12988
1154,NW_022145599.1,24866896,24871184,4288
1155,NW_022145599.1,24876976,24882844,5868
1156,NW_022145599.1,24878294,24882844,4550
1157,NW_022145599.1,24902485,24909096,6611
1158,NW_022145599.1,24914873,24916970,2097
1159,NW_022145599.1,24901756,24904655,2899
1160,NW_022145599.1,25360814,25366936,6122
1161,NW_022145599.1,25369481,25371271,1790
1162,NW_022145599.1,25525509,25527650,2141
1163,NW_022145599.1,25583217,25587855,4638
1164,NW_022145599.1,25859314,25859774,460
1165,NW_022145599.1,26283124,26283417,293
1166,NW_022145599.1,26344268,26353450,9182
1167,NW_022145599.1,26647058,26650401,3343
1168,NW_022145599.1,26652712,26654836,2124
1169,NW_022145599.1,26655596,26679123,23527
1170,NW_022145599.1,27055479,27057606,2127
1171,NW_022145599.1,27084067,27086108,2041
1172,NW_022145599.1,27207032,27211944,4912
1173,NW_022145599.1,27285075,27292947,7872
1174,NW_022145599.1,27385323,27385327,4
1175,NW_022145599.1,27390805,27390874,69
1176,NW_022145599.1,27398400,27401144,2744
1177,NW_022145599.1,27405782,27407151,1369
1178,NW_022145599.1,27418362,27442732,24370
1179,NW_022145599.1,27776050,27779957,3907
1180,NW_022145599.1,28122262,28123662,1400
1181,NW_022145599.1,29001050,29001832,782
1182,NW_022145599.1,29174083,29175731,1648
1183,NW_022145599.1,29238095,29240223,2128
1184,NW_022145599.1,29485610,29496354,10744
1185,NW_022145599.1,30133005,30137648,4643
1186,NW_022145599.1,30143110,30152400,9290
1187,NW_022145599.1,30135246,30137944,2698
1188,NW_022145599.1,30208006,30210823,2817
1189,NW_022145599.1,30485252,30492930,7678
1190,NW_022145599.1,30497303,30503334,6031
1191,NW_022145599.1,30528626,30531607,2981
1192,NW_022145599.1,30702093,30703688,1595
1193,NW_022145599.1,30742657,30743918,1261
1194,NW_022145599.1,30746551,30747073,522
1195,NW_022145599.1,30963329,30985063,21734
1196,NW_022145599.1,31118989,31124775,5786
1197,NW_022145599.1,31388806,31389779,973
1198,NW_022145599.1,31472508,31478854,6346
1199,NW_022145599.1,31506491,31507181,690
1200,NW_022145599.1,31676050,31677443,1393
1201,NW_022145599.1,32245485,32250465,4980
1202,NW_022145599.1,32525838,32527154,1316
1203,NW_022145599.1,32607245,32607640,395
1204,NW_022145599.1,33328478,33329505,1027
1205,NW_022145599.1,33334333,33334539,206
1206,NW_022145599.1,33610136,33610586,450
1207,NW_022145599.1,33865909,33866961,1052
1208,NW_022145599.1,33993312,33994533,1221
1209,NW_022145599.1,34027802,34044451,16649
1210,NW_022145599.1,34055609,34055624,15
1211,NW_022145599.1,34169365,34177432,8067
1212,NW_022145599.1,34290977,34292578,1601
1213,NW_022145599.1,34380926,34380945,19
1214,NW_022145599.1,34585076,34585958,882
1215,NW_022145599.1,34592108,34594496,2388
1216,NW_022145599.1,34655170,34656670,1500
1217,NW_022145599.1,34659914,34666712,6798
1218,NW_022145599.1,35568111,35568326,215
1219,NW_022145599.1,35575840,35586049,10209
1220,NW_022145599.1,35593231,35600818,7587
1221,NW_022145599.1,35608112,35614400,6288
1222,NW_022145599.1,35617978,35623823,5845
1223,NW_022145599.1,35628165,35628664,499
1224,NW_022145599.1,35634160,35636378,2218
1225,NW_022145599.1,35915872,35918020,2148
1226,NW_022145599.1,36075995,36076513,518
1227,NW_022145599.1,36212073,36213780,1707
1228,NW_022145599.1,36257523,36258162,639
1229,NW_022145599.1,36274211,36278598,4387
1230,NW_022145599.1,36380493,36381820,1327
1231,NW_022145599.1,36448051,36448054,3
1232,NW_022145599.1,36468647,36473377,4730
1233,NW_022145599.1,36519076,36519546,470
1234,NW_022145599.1,36572398,36572661,263
1235,NW_022145599.1,36969163,36971911,2748
1236,NW_022145599.1,37330675,37332742,2067
1237,NW_022145599.1,37333632,37334293,661
1238,NW_022145599.1,37345497,37347036,1539
1239,NW_022145600.1,609003,611545,2542
1240,NW_022145600.1,761873,761951,78
1241,NW_022145600.1,790255,899474,109219
1242,NW_022145600.1,903968,911184,7216
1243,NW_022145600.1,953021,954958,1937
1244,NW_022145600.1,1122561,1125475,2914
1245,NW_022145600.1,1269997,1274434,4437
1246,NW_022145600.1,1390569,1393895,3326
1247,NW_022145600.1,1415178,1422509,7331
1248,NW_022145600.1,1457444,1461258,3814
1249,NW_022145600.1,1468751,1495827,27076
1250,NW_022145600.1,1620798,1622693,1895
1251,NW_022145600.1,2548255,2548357,102
1252,NW_022145600.1,2738972,2741184,2212
1253,NW_022145600.1,2912314,2913548,1234
1254,NW_022145600.1,2974964,2979211,4247
1255,NW_022145600.1,3539987,3540017,30
1256,NW_022145600.1,3548241,3554241,6000
1257,NW_022145600.1,4080388,4080761,373
1258,NW_022145600.1,4141761,4141971,210
1259,NW_022145600.1,4158418,4161142,2724
1260,NW_022145600.1,4505212,4507701,2489
1261,NW_022145600.1,4562317,4564256,1939
1262,NW_022145600.1,4776156,4776191,35
1263,NW_022145600.1,4830702,4830762,60
1264,NW_022145600.1,4832894,4834788,1894
1265,NW_022145600.1,4985317,4990532,5215
1266,NW_022145600.1,5104827,5109479,4652
1267,NW_022145600.1,5278947,5281394,2447
1268,NW_022145600.1,5375164,5375687,523
1269,NW_022145600.1,5877326,5883040,5714
1270,NW_022145600.1,5931581,5932984,1403
1271,NW_022145600.1,5935443,5938685,3242
1272,NW_022145600.1,6152251,6157269,5018
1273,NW_022145600.1,6271776,6272491,715
1274,NW_022145600.1,6584440,6592266,7826
1275,NW_022145600.1,6789037,6792495,3458
1276,NW_022145600.1,6973094,6976149,3055
1277,NW_022145600.1,7395393,7400374,4981
1278,NW_022145600.1,7494804,7508447,13643
1279,NW_022145600.1,7510519,7547465,36946
1280,NW_022145600.1,7770193,7772911,2718
1281,NW_022145600.1,7870325,7871410,1085
1282,NW_022145600.1,8269601,8272681,3080
1283,NW_022145600.1,8488321,8496071,7750
1284,NW_022145600.1,8501524,8505698,4174
1285,NW_022145600.1,8511508,8520298,8790
1286,NW_022145600.1,8531344,8535359,4015
1287,NW_022145600.1,8760467,8803886,43419
1288,NW_022145600.1,9599686,9600072,386
1289,NW_022145600.1,9610865,9611582,717
1290,NW_022145600.1,9802327,9804039,1712
1291,NW_022145600.1,9821605,9823335,1730
1292,NW_022145600.1,9828253,9829615,1362
1293,NW_022145600.1,9840112,9846023,5911
1294,NW_022145600.1,10133090,10134734,1644
1295,NW_022145600.1,10583764,10587672,3908
1296,NW_022145600.1,10881075,10885892,4817
1297,NW_022145600.1,11152916,11164291,11375
1298,NW_022145600.1,11257939,11263026,5087
1299,NW_022145600.1,11431386,11433419,2033
1300,NW_022145600.1,11629573,11632626,3053
1301,NW_022145600.1,11698623,11700455,1832
1302,NW_022145600.1,11737803,11739964,2161
1303,NW_022145600.1,13090559,13133293,42734
1304,NW_022145600.1,13635449,13636080,631
1305,NW_022145600.1,15053639,15057331,3692
1306,NW_022145600.1,15321245,15323870,2625
1307,NW_022145600.1,15662492,15666025,3533
1308,NW_022145600.1,16034880,16035424,544
1309,NW_022145600.1,16066345,16075074,8729
1310,NW_022145600.1,17550548,17551480,932
1311,NW_022145600.1,17580506,17580553,47
1312,NW_022145600.1,18030960,18031623,663
1313,NW_022145600.1,18053272,18056956,3684
1314,NW_022145600.1,18331376,18335755,4379
1315,NW_022145600.1,19083944,19085132,1188
1316,NW_022145600.1,19269151,19273242,4091
1317,NW_022145600.1,19274027,19277887,3860
1318,NW_022145600.1,19283823,19291099,7276
1319,NW_022145600.1,19302797,19303195,398
1320,NW_022145600.1,19548657,19551561,2904
1321,NW_022145600.1,19772341,19773872,1531
1322,NW_022145600.1,20645519,20649284,3765
1323,NW_022145600.1,21016486,21018935,2449
1324,NW_022145600.1,21120576,21124946,4370
1325,NW_022145600.1,21226170,21230416,4246
1326,NW_022145600.1,23112814,23115544,2730
1327,NW_022145600.1,23305492,23308847,3355
1328,NW_022145600.1,23696129,23696842,713
1329,NW_022145600.1,24644841,24648823,3982
1330,NW_022145600.1,24658664,24661136,2472
1331,NW_022145600.1,24829690,24830260,570
1332,NW_022145600.1,24830263,24831223,960
1333,NW_022145600.1,24840311,24846189,5878
1334,NW_022145600.1,24877414,24877793,379
1335,NW_022145600.1,26540512,26540840,328
1336,NW_022145600.1,26541830,26546133,4303
1337,NW_022145600.1,27129833,27129865,32
1338,NW_022145600.1,27447851,27452266,4415
1339,NW_022145600.1,27452359,27453430,1071
1340,NW_022145600.1,27519559,27523408,3849
1341,NW_022145600.1,27857458,27857914,456
1342,NW_022145600.1,28664575,28665100,525
1343,NW_022145600.1,28707259,28711688,4429
1344,NW_022145600.1,29060178,29063204,3026
1345,NW_022145600.1,30014851,30017250,2399
1346,NW_022145600.1,30027851,30029995,2144
1347,NW_022145600.1,30363902,30367213,3311
1348,NW_022145600.1,30420170,30424591,4421
1349,NW_022145600.1,30489976,30493936,3960
1350,NW_022145600.1,30946279,30951111,4832
1351,NW_022145600.1,30957096,30960021,2925
1352,NW_022145600.1,30966763,30968394,1631
1353,NW_022145600.1,31159126,31164134,5008
1354,NW_022145600.1,31197179,31199585,2406
1355,NW_022145600.1,31305235,31307533,2298
1356,NW_022145600.1,31501866,31505132,3266
1357,NW_022145600.1,31629574,31641673,12099
1358,NW_022145600.1,31649674,31650908,1234
1359,NW_022145600.1,31804394,31804876,482
1360,NW_022145600.1,31825569,31827481,1912
1361,NW_022145600.1,31827965,31829603,1638
1362,NW_022145600.1,31935179,31936620,1441
1363,NW_022145600.1,31985443,31999732,14289
1364,NW_022145600.1,32005320,32008792,3472
1365,NW_022145600.1,32277068,32277901,833
1366,NW_022145600.1,32664421,32670770,6349
1367,NW_022145600.1,33133340,33133838,498
1368,NW_022145600.1,33188257,33193155,4898
1369,NW_022145600.1,33426223,33430090,3867
1370,NW_022145600.1,33477775,33479340,1565
1371,NW_022145600.1,33587967,33587978,11
1372,NW_022145600.1,33721563,33743751,22188
1373,NW_022145600.1,33963724,33967470,3746
1374,NW_022145600.1,34119476,34119482,6
1375,NW_022145600.1,34440516,34440811,295
1376,NW_022145600.1,34715556,34717646,2090
1377,NW_022145600.1,34748840,34751689,2849
1378,NW_022145600.1,34768895,34769011,116
1379,NW_022145600.1,34769337,34771557,2220
1380,NW_022145600.1,34773334,34782946,9612
1381,NW_022145600.1,34788713,34791835,3122
1382,NW_022145600.1,34849140,34849570,430
1383,NW_022145600.1,34967734,34970266,2532
1384,NW_022145600.1,35197600,35197610,10
1385,NW_022145600.1,36042935,36045187,2252
1386,NW_022145600.1,36051040,36053651,2611
1387,NW_022145600.1,36199002,36203887,4885
1388,NW_022145600.1,36434444,36438724,4280
1389,NW_022145600.1,36924268,36935779,11511
1390,NW_022145600.1,36942874,36943968,1094
1391,NW_022145600.1,37063688,37067407,3719
1392,NW_022145600.1,37233595,37240467,6872
1393,NW_022145601.1,269460,273007,3547
1394,NW_022145601.1,463661,465313,1652
1395,NW_022145601.1,582342,582345,3
1396,NW_022145601.1,755301,758509,3208
1397,NW_022145601.1,991284,992165,881
1398,NW_022145601.1,1012735,1013436,701
1399,NW_022145601.1,1028331,1032581,4250
1400,NW_022145601.1,1279410,1279897,487
1401,NW_022145601.1,1286466,1291015,4549
1402,NW_022145601.1,1328699,1353554,24855
1403,NW_022145601.1,1638814,1640830,2016
1404,NW_022145601.1,1643206,1644392,1186
1405,NW_022145601.1,1919990,1920584,594
1406,NW_022145601.1,2099057,2099817,760
1407,NW_022145601.1,2912236,2915963,3727
1408,NW_022145601.1,2956384,3009359,52975
1409,NW_022145601.1,3064341,3065124,783
1410,NW_022145601.1,3066680,3069650,2970
1411,NW_022145601.1,3268364,3270921,2557
1412,NW_022145601.1,3290562,3292639,2077
1413,NW_022145601.1,3408463,3425546,17083
1414,NW_022145601.1,3430085,3446661,16576
1415,NW_022145601.1,3413977,3415373,1396
1416,NW_022145601.1,3418528,3420965,2437
1417,NW_022145601.1,4199443,4200794,1351
1418,NW_022145601.1,4279659,4282010,2351
1419,NW_022145601.1,4444954,4445319,365
1420,NW_022145601.1,5183044,5186731,3687
1421,NW_022145601.1,5373884,5375646,1762
1422,NW_022145601.1,6085439,6110678,25239
1423,NW_022145601.1,6472286,6476357,4071
1424,NW_022145601.1,6794699,6794939,240
1425,NW_022145601.1,6867851,6869985,2134
1426,NW_022145601.1,7212812,7215492,2680
1427,NW_022145601.1,7658015,7659668,1653
1428,NW_022145601.1,7740137,7744999,4862
1429,NW_022145601.1,8467113,8468910,1797
1430,NW_022145601.1,8638459,8640295,1836
1431,NW_022145601.1,9031823,9032052,229
1432,NW_022145601.1,9087488,9088345,857
1433,NW_022145601.1,9424608,9425055,447
1434,NW_022145601.1,9575908,9583569,7661
1435,NW_022145601.1,9722199,9723573,1374
1436,NW_022145601.1,10121358,10124925,3567
1437,NW_022145601.1,10181262,10183615,2353
1438,NW_022145601.1,10357587,10382046,24459
1439,NW_022145601.1,10407601,10492343,84742
1440,NW_022145601.1,10604433,10605779,1346
1441,NW_022145601.1,11024523,11025426,903
1442,NW_022145601.1,11025649,11028070,2421
1443,NW_022145601.1,11404953,11405787,834
1444,NW_022145601.1,12317499,12319189,1690
1445,NW_022145601.1,12372839,12375321,2482
1446,NW_022145601.1,12524009,12539662,15653
1447,NW_022145601.1,12545061,12545938,877
1448,NW_022145601.1,12716455,12717539,1084
1449,NW_022145601.1,13307736,13310513,2777
1450,NW_022145601.1,13310744,13313798,3054
1451,NW_022145601.1,13335308,13336658,1350
1452,NW_022145601.1,14399200,14404839,5639
1453,NW_022145601.1,14549867,14552198,2331
1454,NW_022145601.1,14585985,14589242,3257
1455,NW_022145601.1,14728708,14728906,198
1456,NW_022145601.1,14822592,14823427,835
1457,NW_022145601.1,15178875,15180562,1687
1458,NW_022145601.1,15390985,15393039,2054
1459,NW_022145601.1,15393515,15393707,192
1460,NW_022145601.1,15439234,15442007,2773
1461,NW_022145601.1,15751563,15752100,537
1462,NW_022145601.1,15796739,15799282,2543
1463,NW_022145601.1,15874882,15877019,2137
1464,NW_022145601.1,16206087,16209274,3187
1465,NW_022145601.1,16380671,16382648,1977
1466,NW_022145601.1,16640361,16642676,2315
1467,NW_022145601.1,16642878,16647941,5063
1468,NW_022145601.1,16675832,16680808,4976
1469,NW_022145601.1,16921735,16922434,699
1470,NW_022145601.1,17100629,17101686,1057
1471,NW_022145601.1,17675615,17677213,1598
1472,NW_022145601.1,17894785,17956023,61238
1473,NW_022145601.1,18261135,18263943,2808
1474,NW_022145601.1,18329028,18330668,1640
1475,NW_022145601.1,18330006,18330668,662
1476,NW_022145601.1,18628126,18629721,1595
1477,NW_022145601.1,18629908,18631047,1139
1478,NW_022145601.1,18636953,18638926,1973
1479,NW_022145601.1,18737455,18739136,1681
1480,NW_022145601.1,18829458,18832247,2789
1481,NW_022145601.1,18835195,18837996,2801
1482,NW_022145601.1,19097284,19105317,8033
1483,NW_022145601.1,19248030,19251469,3439
1484,NW_022145601.1,19373151,19376144,2993
1485,NW_022145601.1,19982758,19988520,5762
1486,NW_022145601.1,19985632,19992298,6666
1487,NW_022145601.1,20293914,20301966,8052
1488,NW_022145601.1,20427256,20429994,2738
1489,NW_022145601.1,20557739,20562208,4469
1490,NW_022145601.1,20576722,20577307,585
1491,NW_022145601.1,20601398,20603579,2181
1492,NW_022145601.1,20730759,20735602,4843
1493,NW_022145601.1,20769816,20770132,316
1494,NW_022145601.1,20775446,20776152,706
1495,NW_022145601.1,21985245,21989160,3915
1496,NW_022145601.1,22349419,22352794,3375
1497,NW_022145601.1,22345828,22352794,6966
1498,NW_022145601.1,22361863,22374557,12694
1499,NW_022145601.1,22380631,22388604,7973
1500,NW_022145601.1,22394775,22395155,380
1501,NW_022145601.1,22358511,22363752,5241
1502,NW_022145601.1,22381426,22383208,1782
1503,NW_022145601.1,22392264,22395149,2885
1504,NW_022145601.1,22564746,22581581,16835
1505,NW_022145601.1,22624552,22627336,2784
1506,NW_022145601.1,23168066,23170150,2084
1507,NW_022145601.1,23170588,23170601,13
1508,NW_022145601.1,23825824,23827415,1591
1509,NW_022145601.1,23864854,23870344,5490
1510,NW_022145601.1,23876144,23882015,5871
1511,NW_022145601.1,24059089,24061796,2707
1512,NW_022145601.1,24149035,24170066,21031
1513,NW_022145601.1,24737753,24741670,3917
1514,NW_022145601.1,24928658,24930072,1414
1515,NW_022145601.1,25199872,25203861,3989
1516,NW_022145601.1,25444290,25449069,4779
1517,NW_022145601.1,25745933,25746772,839
1518,NW_022145601.1,26269748,26270076,328
1519,NW_022145601.1,26659109,26660912,1803
1520,NW_022145601.1,26741920,26747606,5686
1521,NW_022145601.1,26961579,26966925,5346
1522,NW_022145601.1,27835526,27836676,1150
1523,NW_022145601.1,28959854,28960437,583
1524,NW_022145601.1,29540807,29556304,15497
1525,NW_022145601.1,29604221,29612831,8610
1526,NW_022145601.1,30072129,30080460,8331
1527,NW_022145601.1,30288666,30289917,1251
1528,NW_022145601.1,30470180,30481518,11338
1529,NW_022145601.1,30492096,30505221,13125
1530,NW_022145601.1,30510068,30519470,9402
1531,NW_022145601.1,31251548,31318946,67398
1532,NW_022145601.1,32035750,32035923,173
1533,NW_022145601.1,32042937,32046969,4032
1534,NW_022145601.1,32539750,32542861,3111
1535,NW_022145601.1,33093923,33101854,7931
1536,NW_022145601.1,33107711,33113602,5891
1537,NW_022145601.1,33222266,33232700,10434
1538,NW_022145601.1,33264694,33264773,79
1539,NW_022145601.1,33348416,33348488,72
1540,NW_022145601.1,33569730,33573205,3475
1541,NW_022145601.1,33768389,33770843,2454
1542,NW_022145601.1,33777634,33780187,2553
1543,NW_022145601.1,33787039,33787997,958
1544,NW_022145601.1,33873695,33875179,1484
1545,NW_022145601.1,34596201,34596426,225
1546,NW_022145601.1,34599413,34618346,18933
1547,NW_022145601.1,34623887,34625439,1552
1548,NW_022145601.1,34629481,34629888,407
1549,NW_022145601.1,34633035,34634829,1794
1550,NW_022145601.1,34988911,34990927,2016
1551,NW_022145602.1,34051,35080,1029
1552,NW_022145602.1,180483,183168,2685
1553,NW_022145602.1,297104,300019,2915
1554,NW_022145602.1,829025,834695,5670
1555,NW_022145602.1,1132432,1133595,1163
1556,NW_022145602.1,1141458,1141629,171
1557,NW_022145602.1,1157337,1160065,2728
1558,NW_022145602.1,1167306,1168235,929
1559,NW_022145602.1,1168621,1169887,1266
1560,NW_022145602.1,1212505,1213685,1180
1561,NW_022145602.1,1573804,1574163,359
1562,NW_022145602.1,1624441,1628307,3866
1563,NW_022145602.1,1628360,1630681,2321
1564,NW_022145602.1,2076517,2078833,2316
1565,NW_022145602.1,2084052,2084264,212
1566,NW_022145602.1,2178524,2179815,1291
1567,NW_022145602.1,2488489,2488490,1
1568,NW_022145602.1,2953407,2969787,16380
1569,NW_022145602.1,2986202,2990546,4344
1570,NW_022145602.1,3047872,3048935,1063
1571,NW_022145602.1,3214054,3217108,3054
1572,NW_022145602.1,3587533,3655513,67980
1573,NW_022145602.1,3660105,3667726,7621
1574,NW_022145602.1,3615526,3618234,2708
1575,NW_022145602.1,3739535,3740724,1189
1576,NW_022145602.1,3943220,3944450,1230
1577,NW_022145602.1,3955018,3960462,5444
1578,NW_022145602.1,3955675,3956472,797
1579,NW_022145602.1,3977485,3977857,372
1580,NW_022145602.1,4205531,4213640,8109
1581,NW_022145602.1,4427087,4427724,637
1582,NW_022145602.1,4473257,4475147,1890
1583,NW_022145602.1,4639123,4641255,2132
1584,NW_022145602.1,4660706,4660962,256
1585,NW_022145602.1,4707255,4707955,700
1586,NW_022145602.1,4714529,4715004,475
1587,NW_022145602.1,4721068,4721332,264
1588,NW_022145602.1,4731491,4731504,13
1589,NW_022145602.1,4820722,4826668,5946
1590,NW_022145602.1,5052905,5054280,1375
1591,NW_022145602.1,5059652,5059701,49
1592,NW_022145602.1,5178626,5181609,2983
1593,NW_022145602.1,5207149,5225019,17870
1594,NW_022145602.1,5379449,5382723,3274
1595,NW_022145602.1,5385736,5388138,2402
1596,NW_022145602.1,5509039,5526923,17884
1597,NW_022145602.1,5548156,5570612,22456
1598,NW_022145602.1,5630734,5661314,30580
1599,NW_022145602.1,5666342,5671528,5186
1600,NW_022145602.1,5698974,5726363,27389
1601,NW_022145602.1,5730980,5732458,1478
1602,NW_022145602.1,6112118,6118633,6515
1603,NW_022145602.1,6200553,6201287,734
1604,NW_022145602.1,6286456,6290270,3814
1605,NW_022145602.1,6358218,6358706,488
1606,NW_022145602.1,6359506,6360645,1139
1607,NW_022145602.1,6546041,6546088,47
1608,NW_022145602.1,6686001,6689495,3494
1609,NW_022145602.1,6832843,6835770,2927
1610,NW_022145602.1,7407503,7408098,595
1611,NW_022145602.1,7419268,7426916,7648
1612,NW_022145602.1,7430654,7433704,3050
1613,NW_022145602.1,7604323,7604328,5
1614,NW_022145602.1,8009588,8028474,18886
1615,NW_022145602.1,8031282,8031665,383
1616,NW_022145602.1,8041328,8043564,2236
1617,NW_022145602.1,8202871,8203526,655
1618,NW_022145602.1,8287112,8291643,4531
1619,NW_022145602.1,8371471,8375379,3908
1620,NW_022145602.1,8402790,8406193,3403
1621,NW_022145602.1,9066823,9068034,1211
1622,NW_022145602.1,9069112,9069720,608
1623,NW_022145602.1,9151811,9153182,1371
1624,NW_022145602.1,9241736,9248769,7033
1625,NW_022145602.1,9533008,9546867,13859
1626,NW_022145602.1,9561555,9566012,4457
1627,NW_022145602.1,9628294,9630990,2696
1628,NW_022145602.1,9650703,9653668,2965
1629,NW_022145602.1,9767653,9770859,3206
1630,NW_022145602.1,9833311,9835350,2039
1631,NW_022145602.1,9852212,9855250,3038
1632,NW_022145602.1,9855535,9858942,3407
1633,NW_022145602.1,9904241,9905981,1740
1634,NW_022145602.1,10135854,10136467,613
1635,NW_022145602.1,10273502,10276087,2585
1636,NW_022145602.1,10638225,10641372,3147
1637,NW_022145602.1,10682647,10684805,2158
1638,NW_022145602.1,10760888,10763361,2473
1639,NW_022145602.1,11537414,11544422,7008
1640,NW_022145602.1,11550854,11558390,7536
1641,NW_022145602.1,11649197,11676139,26942
1642,NW_022145602.1,12150371,12152981,2610
1643,NW_022145602.1,12168721,12171441,2720
1644,NW_022145602.1,13119968,13120560,592
1645,NW_022145602.1,13132670,13136159,3489
1646,NW_022145602.1,13486020,13492225,6205
1647,NW_022145602.1,14755584,14757848,2264
1648,NW_022145602.1,15072996,15076111,3115
1649,NW_022145602.1,15077296,15079529,2233
1650,NW_022145602.1,15115168,15119070,3902
1651,NW_022145602.1,15174906,15175100,194
1652,NW_022145602.1,15199683,15200448,765
1653,NW_022145602.1,15365699,15365749,50
1654,NW_022145602.1,15440809,15441030,221
1655,NW_022145602.1,15918259,15919932,1673
1656,NW_022145602.1,16293822,16297544,3722
1657,NW_022145602.1,16420378,16421466,1088
1658,NW_022145602.1,17067281,17070438,3157
1659,NW_022145602.1,17455101,17456478,1377
1660,NW_022145602.1,17655760,17658626,2866
1661,NW_022145602.1,17660148,17662348,2200
1662,NW_022145602.1,17715582,17715584,2
1663,NW_022145602.1,18093164,18096944,3780
1664,NW_022145602.1,18130778,18131139,361
1665,NW_022145602.1,18177897,18178759,862
1666,NW_022145602.1,18416918,18419548,2630
1667,NW_022145602.1,18659110,18664963,5853
1668,NW_022145602.1,19427244,19444045,16801
1669,NW_022145602.1,19447008,19459194,12186
1670,NW_022145602.1,19464019,19470391,6372
1671,NW_022145602.1,19475300,19475744,444
1672,NW_022145602.1,19482376,19483582,1206
1673,NW_022145602.1,19492215,19492651,436
1674,NW_022145602.1,19545659,19546588,929
1675,NW_022145602.1,19618149,19620332,2183
1676,NW_022145602.1,20805713,20807799,2086
1677,NW_022145602.1,21980540,21982652,2112
1678,NW_022145602.1,22926032,22928228,2196
1679,NW_022145602.1,23535610,23537365,1755
1680,NW_022145602.1,24228981,24230329,1348
1681,NW_022145602.1,24235174,24237154,1980
1682,NW_022145602.1,26238533,26240058,1525
1683,NW_022145602.1,26470156,26477499,7343
1684,NW_022145602.1,26765949,26765955,6
1685,NW_022145602.1,26930390,26940974,10584
1686,NW_022145602.1,26945861,26987120,41259
1687,NW_022145602.1,26992214,27010389,18175
1688,NW_022145602.1,27025610,27028241,2631
1689,NW_022145602.1,27268989,27273936,4947
1690,NW_022145602.1,27274677,27275317,640
1691,NW_022145602.1,27319153,27321472,2319
1692,NW_022145602.1,27544088,27545653,1565
1693,NW_022145602.1,27599704,27601731,2027
1694,NW_022145602.1,27800824,27801914,1090
1695,NW_022145602.1,27809949,27811337,1388
1696,NW_022145602.1,27923605,27926948,3343
1697,NW_022145602.1,28311438,28312471,1033
1698,NW_022145602.1,28439982,28447850,7868
1699,NW_022145602.1,28491266,28491460,194
1700,NW_022145602.1,28640492,28643706,3214
1701,NW_022145602.1,28938536,28939439,903
1702,NW_022145603.1,1409783,1417397,7614
1703,NW_022145603.1,2357162,2361004,3842
1704,NW_022145603.1,2524540,2526435,1895
1705,NW_022145603.1,2566757,2572896,6139
1706,NW_022145603.1,2768442,2773829,5387
1707,NW_022145603.1,3032605,3034077,1472
1708,NW_022145603.1,3559190,3561785,2595
1709,NW_022145603.1,4450488,4457907,7419
1710,NW_022145603.1,4447227,4452689,5462
1711,NW_022145603.1,4466758,4477432,10674
1712,NW_022145603.1,4508668,4510799,2131
1713,NW_022145603.1,4667625,4669852,2227
1714,NW_022145603.1,4743216,4748846,5630
1715,NW_022145603.1,5140970,5148547,7577
1716,NW_022145603.1,5685299,5687285,1986
1717,NW_022145603.1,5921135,5922400,1265
1718,NW_022145603.1,8170936,8171218,282
1719,NW_022145603.1,8249937,8256123,6186
1720,NW_022145603.1,8399176,8400011,835
1721,NW_022145603.1,8516451,8520090,3639
1722,NW_022145603.1,8544572,8547168,2596
1723,NW_022145603.1,8547617,8549300,1683
1724,NW_022145603.1,8636297,8637196,899
1725,NW_022145603.1,8733169,8734991,1822
1726,NW_022145603.1,9259649,9263129,3480
1727,NW_022145603.1,9427534,9430853,3319
1728,NW_022145603.1,9432339,9432413,74
1729,NW_022145603.1,10699594,10700615,1021
1730,NW_022145603.1,10972587,10974936,2349
1731,NW_022145603.1,11098319,11099212,893
1732,NW_022145603.1,11247959,11250739,2780
1733,NW_022145603.1,11446556,11452849,6293
1734,NW_022145603.1,11584229,11586144,1915
1735,NW_022145603.1,11746778,11753173,6395
1736,NW_022145603.1,11987499,12000849,13350
1737,NW_022145603.1,12005306,12010551,5245
1738,NW_022145603.1,12022216,12024598,2382
1739,NW_022145603.1,12069278,12123551,54273
1740,NW_022145603.1,12148019,12155538,7519
1741,NW_022145603.1,12161828,12164571,2743
1742,NW_022145603.1,12179152,12183301,4149
1743,NW_022145603.1,12205795,12245666,39871
1744,NW_022145603.1,12153036,12160107,7071
1745,NW_022145603.1,12180278,12186542,6264
1746,NW_022145603.1,12391338,12404516,13178
1747,NW_022145603.1,12420440,12422683,2243
1748,NW_022145603.1,12706389,12713161,6772
1749,NW_022145603.1,12713255,12714803,1548
1750,NW_022145603.1,13216372,13218541,2169
1751,NW_022145603.1,13263053,13266246,3193
1752,NW_022145603.1,13334090,13337082,2992
1753,NW_022145603.1,13406773,13414641,7868
1754,NW_022145603.1,13708430,13711473,3043
1755,NW_022145603.1,14137310,14140296,2986
1756,NW_022145603.1,14282207,14305657,23450
1757,NW_022145603.1,14308151,14314927,6776
1758,NW_022145603.1,14840643,14842170,1527
1759,NW_022145603.1,14955571,14955992,421
1760,NW_022145603.1,14958584,14958660,76
1761,NW_022145603.1,15378740,15381437,2697
1762,NW_022145603.1,15574933,15619315,44382
1763,NW_022145603.1,15620508,15622725,2217
1764,NW_022145603.1,15663913,15691096,27183
1765,NW_022145603.1,15694826,15698829,4003
1766,NW_022145603.1,15730589,15730784,195
1767,NW_022145603.1,15770021,15770497,476
1768,NW_022145603.1,15771816,15773264,1448
1769,NW_022145603.1,15779505,15841865,62360
1770,NW_022145603.1,16031922,16036726,4804
1771,NW_022145603.1,16122633,16130130,7497
1772,NW_022145603.1,16180683,16184459,3776
1773,NW_022145603.1,16287900,16290450,2550
1774,NW_022145603.1,16323141,16328406,5265
1775,NW_022145603.1,16367564,16372649,5085
1776,NW_022145603.1,16412989,16414611,1622
1777,NW_022145603.1,16666224,16670988,4764
1778,NW_022145603.1,16668122,16671900,3778
1779,NW_022145603.1,17105761,17106594,833
1780,NW_022145603.1,17279008,17279057,49
1781,NW_022145603.1,17591129,17607095,15966
1782,NW_022145603.1,17666324,17668101,1777
1783,NW_022145603.1,17685465,17691016,5551
1784,NW_022145603.1,17926030,17931053,5023
1785,NW_022145603.1,17974555,17979779,5224
1786,NW_022145603.1,17989024,18000577,11553
1787,NW_022145603.1,18012753,18031014,18261
1788,NW_022145603.1,18038639,18053189,14550
1789,NW_022145603.1,18073111,18082304,9193
1790,NW_022145603.1,18087235,18087314,79
1791,NW_022145603.1,18426147,18427492,1345
1792,NW_022145603.1,18952006,18952010,4
1793,NW_022145603.1,19016195,19016998,803
1794,NW_022145603.1,19135096,19135107,11
1795,NW_022145603.1,19339239,19339317,78
1796,NW_022145603.1,19366819,19372123,5304
1797,NW_022145603.1,19722616,19724841,2225
1798,NW_022145603.1,19762127,19814895,52768
1799,NW_022145603.1,19980983,19981835,852
1800,NW_022145603.1,20139105,20139140,35
1801,NW_022145603.1,20358099,20360672,2573
1802,NW_022145603.1,20361811,20364292,2481
1803,NW_022145603.1,20593303,20593500,197
1804,NW_022145603.1,20711598,20713422,1824
1805,NW_022145603.1,21008890,21009734,844
1806,NW_022145603.1,21727778,21731140,3362
1807,NW_022145603.1,21868265,21869535,1270
1808,NW_022145603.1,22042980,22043148,168
1809,NW_022145603.1,22185226,22201018,15792
1810,NW_022145603.1,22204320,22210621,6301
1811,NW_022145603.1,22213657,22251758,38101
1812,NW_022145603.1,22363904,22367650,3746
1813,NW_022145603.1,22423866,22425249,1383
1814,NW_022145603.1,22500175,22505990,5815
1815,NW_022145603.1,22506538,22506712,174
1816,NW_022145603.1,22771402,22771452,50
1817,NW_022145603.1,22777418,22778946,1528
1818,NW_022145603.1,23337110,23339907,2797
1819,NW_022145603.1,23345752,23351705,5953
1820,NW_022145603.1,23389206,23389763,557
1821,NW_022145603.1,23445482,23448025,2543
1822,NW_022145603.1,23764364,23766675,2311
1823,NW_022145603.1,23827770,23828523,753
1824,NW_022145603.1,23935043,23955952,20909
1825,NW_022145603.1,24171002,24173523,2521
1826,NW_022145603.1,24354766,24355620,854
1827,NW_022145603.1,24359116,24360644,1528
1828,NW_022145603.1,24403603,24405736,2133
1829,NW_022145603.1,24523718,24527160,3442
1830,NW_022145603.1,25227863,25229267,1404
1831,NW_022145603.1,26181606,26181691,85
1832,NW_022145603.1,26258886,26260884,1998
1833,NW_022145603.1,26263939,26263944,5
1834,NW_022145603.1,26500442,26510006,9564
1835,NW_022145603.1,26519355,26520808,1453
1836,NW_022145603.1,26618711,26620809,2098
1837,NW_022145603.1,26913909,26914870,961
1838,NW_022145603.1,26985870,26987099,1229
1839,NW_022145603.1,27136327,27136635,308
1840,NW_022145603.1,27307267,27307641,374
1841,NW_022145603.1,27841550,27842762,1212
1842,NW_022145603.1,27865895,27868980,3085
1843,NW_022145603.1,27894359,27894866,507
1844,NW_022145603.1,28131676,28132275,599
1845,NW_022145603.1,28613470,28616472,3002
1846,NW_022145603.1,30035056,30035239,183
1847,NW_022145603.1,30372825,30374542,1717
1848,NW_022145603.1,30414075,30435976,21901
1849,NW_022145603.1,30566512,30568228,1716
1850,NW_022145603.1,30573196,30578034,4838
1851,NW_022145603.1,30584077,30594061,9984
1852,NW_022145603.1,30597230,30625191,27961
1853,NW_022145603.1,30630304,30631529,1225
1854,NW_022145603.1,30634574,30662284,27710
1855,NW_022145603.1,30680478,30699466,18988
1856,NW_022145603.1,30884793,30886995,2202
1857,NW_022145603.1,31454427,31454431,4
1858,NW_022145603.1,31558203,31559177,974
1859,NW_022145603.1,31591459,31591747,288
1860,NW_022145603.1,31593661,31596477,2816
1861,NW_022145603.1,31684118,31687863,3745
1862,NW_022145603.1,31832829,31842485,9656
1863,NW_022145603.1,31849798,31852951,3153
1864,NW_022145603.1,32000020,32004091,4071
1865,NW_022145603.1,32045168,32049788,4620
1866,NW_022145603.1,33128767,33132724,3957
1867,NW_022145603.1,33752027,33755247,3220
1868,NW_022145603.1,33863521,33864275,754
1869,NW_022145604.1,165320,169591,4271
1870,NW_022145604.1,199315,201712,2397
1871,NW_022145604.1,986385,990074,3689
1872,NW_022145604.1,1159466,1163170,3704
1873,NW_022145604.1,1327787,1329810,2023
1874,NW_022145604.1,1533184,1533781,597
1875,NW_022145604.1,1846273,1849294,3021
1876,NW_022145604.1,2128044,2131110,3066
1877,NW_022145604.1,2198529,2201983,3454
1878,NW_022145604.1,3698501,3699102,601
1879,NW_022145604.1,3760556,3764091,3535
1880,NW_022145604.1,3766787,3766980,193
1881,NW_022145604.1,3785049,3787684,2635
1882,NW_022145604.1,3819468,3820747,1279
1883,NW_022145604.1,4009817,4012916,3099
1884,NW_022145604.1,4181216,4181639,423
1885,NW_022145604.1,4426714,4427025,311
1886,NW_022145604.1,4465687,4468641,2954
1887,NW_022145604.1,4681201,4683231,2030
1888,NW_022145604.1,5286446,5289589,3143
1889,NW_022145604.1,5331701,5332081,380
1890,NW_022145604.1,5786684,5787803,1119
1891,NW_022145604.1,5788786,5791384,2598
1892,NW_022145604.1,6242642,6244895,2253
1893,NW_022145604.1,6258607,6259531,924
1894,NW_022145604.1,6328063,6328180,117
1895,NW_022145604.1,6699521,6700031,510
1896,NW_022145604.1,6707935,6708176,241
1897,NW_022145604.1,6720398,6733812,13414
1898,NW_022145604.1,6753576,6759782,6206
1899,NW_022145604.1,6782607,6783366,759
1900,NW_022145604.1,6718222,6769093,50871
1901,NW_022145604.1,6867426,6880076,12650
1902,NW_022145604.1,7264736,7264808,72
1903,NW_022145604.1,7930519,7935866,5347
1904,NW_022145604.1,8286709,8291953,5244
1905,NW_022145604.1,8379931,8385323,5392
1906,NW_022145604.1,8632641,8633745,1104
1907,NW_022145604.1,9636256,9637792,1536
1908,NW_022145604.1,9826552,9829577,3025
1909,NW_022145604.1,10259786,10265604,5818
1910,NW_022145604.1,10327628,10328979,1351
1911,NW_022145604.1,10356550,10357668,1118
1912,NW_022145604.1,10695676,10696372,696
1913,NW_022145604.1,10762981,10764204,1223
1914,NW_022145604.1,10776224,10782767,6543
1915,NW_022145604.1,11199448,11202114,2666
1916,NW_022145604.1,11272012,11272082,70
1917,NW_022145604.1,11496850,11503801,6951
1918,NW_022145604.1,11546434,11552373,5939
1919,NW_022145604.1,11574176,11575714,1538
1920,NW_022145604.1,11674182,11676802,2620
1921,NW_022145604.1,11817209,11819394,2185
1922,NW_022145604.1,12168118,12177416,9298
1923,NW_022145604.1,12227673,12230193,2520
1924,NW_022145604.1,12383424,12383430,6
1925,NW_022145604.1,12378229,12383493,5264
1926,NW_022145604.1,12385163,12386756,1593
1927,NW_022145604.1,12468909,12484977,16068
1928,NW_022145604.1,12566408,12567916,1508
1929,NW_022145604.1,12885312,12888989,3677
1930,NW_022145604.1,13184643,13184859,216
1931,NW_022145604.1,13435773,13438560,2787
1932,NW_022145604.1,13438825,13493249,54424
1933,NW_022145604.1,13493754,13493993,239
1934,NW_022145604.1,13498743,13583902,85159
1935,NW_022145604.1,13674321,13675629,1308
1936,NW_022145604.1,13730867,13732189,1322
1937,NW_022145604.1,13738669,13745464,6795
1938,NW_022145604.1,13750534,13756452,5918
1939,NW_022145604.1,13765337,13783074,17737
1940,NW_022145604.1,13787009,13798427,11418
1941,NW_022145604.1,13802511,13803796,1285
1942,NW_022145604.1,13771215,13787009,15794
1943,NW_022145604.1,13838516,13842155,3639
1944,NW_022145604.1,14338469,14341485,3016
1945,NW_022145604.1,14440236,14440271,35
1946,NW_022145604.1,14641512,14641781,269
1947,NW_022145604.1,14948132,14951027,2895
1948,NW_022145604.1,15095268,15098270,3002
1949,NW_022145604.1,15243278,15250614,7336
1950,NW_022145604.1,15267671,15271696,4025
1951,NW_022145604.1,15596252,15596838,586
1952,NW_022145604.1,15622289,15652202,29913
1953,NW_022145604.1,16057142,16060934,3792
1954,NW_022145604.1,16537379,16547260,9881
1955,NW_022145604.1,16628030,16629100,1070
1956,NW_022145604.1,16726553,16728702,2149
1957,NW_022145604.1,17055889,17056715,826
1958,NW_022145604.1,17078453,17079235,782
1959,NW_022145604.1,17091973,17094685,2712
1960,NW_022145604.1,17730835,17732253,1418
1961,NW_022145604.1,17790632,17793086,2454
1962,NW_022145604.1,18124489,18125816,1327
1963,NW_022145604.1,18348289,18350865,2576
1964,NW_022145604.1,18367339,18367976,637
1965,NW_022145604.1,18391027,18394918,3891
1966,NW_022145604.1,18590416,18590767,351
1967,NW_022145604.1,18916618,18925838,9220
1968,NW_022145604.1,18956760,18959205,2445
1969,NW_022145604.1,18962996,18963168,172
1970,NW_022145604.1,19148268,19154782,6514
1971,NW_022145604.1,19354691,19354887,196
1972,NW_022145604.1,19606345,19609939,3594
1973,NW_022145604.1,20027047,20027069,22
1974,NW_022145604.1,20097759,20133073,35314
1975,NW_022145604.1,20733365,20734624,1259
1976,NW_022145604.1,20760287,20763212,2925
1977,NW_022145604.1,20959764,20961146,1382
1978,NW_022145604.1,21003333,21007038,3705
1979,NW_022145604.1,21047925,21057181,9256
1980,NW_022145604.1,21228590,21229808,1218
1981,NW_022145604.1,21248635,21258825,10190
1982,NW_022145604.1,21522012,21524496,2484
1983,NW_022145604.1,22019492,22025606,6114
1984,NW_022145604.1,22123785,22125394,1609
1985,NW_022145604.1,22339004,22342256,3252
1986,NW_022145604.1,22344426,22346168,1742
1987,NW_022145604.1,23478082,23481380,3298
1988,NW_022145604.1,23483277,23486267,2990
1989,NW_022145604.1,23816510,23816595,85
1990,NW_022145604.1,24310861,24314457,3596
1991,NW_022145604.1,24622098,24622218,120
1992,NW_022145604.1,24690603,24692456,1853
1993,NW_022145604.1,25030851,25033000,2149
1994,NW_022145604.1,25209576,25210051,475
1995,NW_022145604.1,25221361,25221708,347
1996,NW_022145604.1,25261413,25264063,2650
1997,NW_022145604.1,25796136,25798538,2402
1998,NW_022145604.1,26242232,26246254,4022
1999,NW_022145604.1,26246590,26251193,4603
2000,NW_022145604.1,26330775,26331670,895
2001,NW_022145604.1,27618990,27620469,1479
2002,NW_022145604.1,27934303,27934428,125
2003,NW_022145604.1,28402818,28407538,4720
2004,NW_022145604.1,29036671,29036870,199
2005,NW_022145604.1,29675505,29675699,194
2006,NW_022145604.1,29976892,29980600,3708
2007,NW_022145604.1,30032493,30037317,4824
2008,NW_022145604.1,30105308,30114385,9077
2009,NW_022145604.1,30455548,30457568,2020
2010,NW_022145604.1,30542107,30543006,899
2011,NW_022145604.1,30986222,30987241,1019
2012,NW_022145604.1,31981982,31985202,3220
2013,NW_022145604.1,32258540,32261838,3298
2014,NW_022145604.1,32588401,32590664,2263
2015,NW_022145604.1,32676713,32679799,3086
2016,NW_022145604.1,32683287,32686919,3632
2017,NW_022145604.1,32689642,32697195,7553
2018,NW_022145604.1,33473412,33492044,18632
2019,NW_022145605.1,720774,721350,576
2020,NW_022145605.1,1741161,1744945,3784
2021,NW_022145605.1,1752296,1755486,3190
2022,NW_022145605.1,1758131,1759624,1493
2023,NW_022145605.1,2028895,2033738,4843
2024,NW_022145605.1,2540313,2540431,118
2025,NW_022145605.1,3671238,3671538,300
2026,NW_022145605.1,4123837,4123880,43
2027,NW_022145605.1,4255153,4256424,1271
2028,NW_022145605.1,4325999,4330692,4693
2029,NW_022145605.1,4335894,4336689,795
2030,NW_022145605.1,4744140,4746292,2152
2031,NW_022145605.1,4843921,4845259,1338
2032,NW_022145605.1,5029705,5030537,832
2033,NW_022145605.1,5418322,5420351,2029
2034,NW_022145605.1,5752933,5755322,2389
2035,NW_022145605.1,5840605,5840624,19
2036,NW_022145605.1,5919043,5919621,578
2037,NW_022145605.1,6005708,6011701,5993
2038,NW_022145605.1,6122007,6125421,3414
2039,NW_022145605.1,6548156,6552409,4253
2040,NW_022145605.1,6664883,6667498,2615
2041,NW_022145605.1,6674566,6678216,3650
2042,NW_022145605.1,6686219,6688732,2513
2043,NW_022145605.1,6675752,6676346,594
2044,NW_022145605.1,6695728,6717368,21640
2045,NW_022145605.1,6722186,6724681,2495
2046,NW_022145605.1,7066688,7067011,323
2047,NW_022145605.1,7293155,7294722,1567
2048,NW_022145605.1,7590451,7592625,2174
2049,NW_022145605.1,7604875,7609549,4674
2050,NW_022145605.1,7618251,7618407,156
2051,NW_022145605.1,7660417,7665424,5007
2052,NW_022145605.1,8064186,8121352,57166
2053,NW_022145605.1,8128538,8132224,3686
2054,NW_022145605.1,8141268,8147987,6719
2055,NW_022145605.1,8193087,8196451,3364
2056,NW_022145605.1,8287370,8289433,2063
2057,NW_022145605.1,9592102,9594623,2521
2058,NW_022145605.1,9625814,9627184,1370
2059,NW_022145605.1,9979525,9980747,1222
2060,NW_022145605.1,10069205,10069484,279
2061,NW_022145605.1,10318000,10321733,3733
2062,NW_022145605.1,10597531,10600397,2866
2063,NW_022145605.1,10993215,10994530,1315
2064,NW_022145605.1,11154388,11155466,1078
2065,NW_022145605.1,11325724,11325795,71
2066,NW_022145605.1,11380317,11381452,1135
2067,NW_022145605.1,11381892,11384798,2906
2068,NW_022145605.1,11754621,11758948,4327
2069,NW_022145605.1,11889461,11890212,751
2070,NW_022145605.1,11938900,11938902,2
2071,NW_022145605.1,12036347,12036525,178
2072,NW_022145605.1,12571875,12571959,84
2073,NW_022145605.1,12736999,12739368,2369
2074,NW_022145605.1,12752108,12754782,2674
2075,NW_022145605.1,12762976,12764701,1725
2076,NW_022145605.1,12782876,12789996,7120
2077,NW_022145605.1,12795075,12811224,16149
2078,NW_022145605.1,12828036,12836637,8601
2079,NW_022145605.1,13119041,13121146,2105
2080,NW_022145605.1,13159503,13159941,438
2081,NW_022145605.1,13192111,13193750,1639
2082,NW_022145605.1,14602696,14602812,116
2083,NW_022145605.1,14728493,14728639,146
2084,NW_022145605.1,14970731,14974769,4038
2085,NW_022145605.1,15030976,15030979,3
2086,NW_022145605.1,15211713,15227140,15427
2087,NW_022145605.1,15314953,15324697,9744
2088,NW_022145605.1,15339453,15366290,26837
2089,NW_022145605.1,15390128,15412628,22500
2090,NW_022145605.1,15547535,15547956,421
2091,NW_022145605.1,15618702,15622251,3549
2092,NW_022145605.1,15740645,15740650,5
2093,NW_022145605.1,15741279,15752233,10954
2094,NW_022145605.1,16977075,16981124,4049
2095,NW_022145605.1,17087762,17088485,723
2096,NW_022145605.1,17563461,17565091,1630
2097,NW_022145605.1,17570207,17588362,18155
2098,NW_022145605.1,17683313,17685452,2139
2099,NW_022145605.1,17830713,17830820,107
2100,NW_022145605.1,17890855,17895238,4383
2101,NW_022145605.1,17896733,17898713,1980
2102,NW_022145605.1,17940117,17944869,4752
2103,NW_022145605.1,18036350,18037058,708
2104,NW_022145605.1,18063869,18064160,291
2105,NW_022145605.1,18103304,18103985,681
2106,NW_022145605.1,18520716,18521614,898
2107,NW_022145605.1,18707520,18743798,36278
2108,NW_022145605.1,18790336,18790345,9
2109,NW_022145605.1,18958924,18961431,2507
2110,NW_022145605.1,19119009,19121899,2890
2111,NW_022145605.1,19268516,19272085,3569
2112,NW_022145605.1,19321223,19327852,6629
2113,NW_022145605.1,19660478,19676300,15822
2114,NW_022145605.1,19702742,19703568,826
2115,NW_022145605.1,19711652,19714312,2660
2116,NW_022145605.1,19719158,19749044,29886
2117,NW_022145605.1,19905200,19907843,2643
2118,NW_022145605.1,19935037,19937375,2338
2119,NW_022145605.1,20458878,20458887,9
2120,NW_022145605.1,20575130,20575634,504
2121,NW_022145605.1,20595278,20595652,374
2122,NW_022145605.1,20713565,20717149,3584
2123,NW_022145605.1,20909989,20913277,3288
2124,NW_022145605.1,20914314,20915738,1424
2125,NW_022145605.1,21197536,21200551,3015
2126,NW_022145605.1,21241916,21245181,3265
2127,NW_022145605.1,21369756,21372093,2337
2128,NW_022145605.1,21399664,21402679,3015
2129,NW_022145605.1,21601073,21616381,15308
2130,NW_022145605.1,21615843,21624321,8478
2131,NW_022145605.1,21620790,21623642,2852
2132,NW_022145605.1,21714899,21715193,294
2133,NW_022145605.1,22073511,22076073,2562
2134,NW_022145605.1,22315339,22315731,392
2135,NW_022145605.1,22321673,22321739,66
2136,NW_022145605.1,22558383,22572829,14446
2137,NW_022145605.1,22579274,22582404,3130
2138,NW_022145605.1,23827572,23828444,872
2139,NW_022145605.1,24144281,24150549,6268
2140,NW_022145605.1,24498708,24510882,12174
2141,NW_022145605.1,24516920,24536615,19695
2142,NW_022145605.1,24541444,24544014,2570
2143,NW_022145605.1,24544793,24548353,3560
2144,NW_022145605.1,24552467,24558992,6525
2145,NW_022145605.1,24567140,24577790,10650
2146,NW_022145605.1,24583284,24591546,8262
2147,NW_022145605.1,24595532,24597137,1605
2148,NW_022145605.1,24601353,24606097,4744
2149,NW_022145605.1,24621486,24627372,5886
2150,NW_022145605.1,24631800,24632585,785
2151,NW_022145605.1,25161135,25162710,1575
2152,NW_022145605.1,25248328,25249911,1583
2153,NW_022145605.1,25289794,25295235,5441
2154,NW_022145605.1,25360906,25363014,2108
2155,NW_022145605.1,25914952,25920851,5899
2156,NW_022145605.1,25998525,25999477,952
2157,NW_022145605.1,26091524,26093022,1498
2158,NW_022145605.1,26115694,26117988,2294
2159,NW_022145605.1,26230665,26231134,469
2160,NW_022145605.1,26880193,26881770,1577
2161,NW_022145605.1,26965203,26979961,14758
2162,NW_022145605.1,27912706,27918322,5616
2163,NW_022145605.1,28136596,28141599,5003
2164,NW_022145605.1,28154716,28159960,5244
2165,NW_022145605.1,28266857,28277682,10825
2166,NW_022145605.1,28760646,28763540,2894
2167,NW_022145605.1,28763638,28769489,5851
2168,NW_022145605.1,28872209,28872744,535
2169,NW_022145605.1,28883152,28884677,1525
2170,NW_022145605.1,29116929,29122191,5262
2171,NW_022145605.1,29556557,29558296,1739
2172,NW_022145605.1,29672592,29673850,1258
2173,NW_022145605.1,29723901,29723928,27
2174,NW_022145605.1,29746917,29747886,969
2175,NW_022145605.1,29758092,29758515,423
2176,NW_022145605.1,30341258,30343222,1964
2177,NW_022145605.1,30399225,30402252,3027
2178,NW_022145605.1,31370292,31373806,3514
2179,NW_022145605.1,31403164,31405945,2781
2180,NW_022145605.1,31425181,31431295,6114
2181,NW_022145605.1,31478743,31479179,436
2182,NW_022145605.1,31487841,31488518,677
2183,NW_022145605.1,31532542,31534288,1746
2184,NW_022145605.1,32496953,32499764,2811
2185,NW_022145605.1,32510253,32511260,1007
2186,NW_022145605.1,32668171,32671451,3280
2187,NW_022145605.1,32925914,32927666,1752
2188,NW_022145605.1,32954923,32956850,1927
2189,NW_022145605.1,33132953,33137834,4881
2190,NW_022145605.1,33690529,33692339,1810
2191,NW_022145605.1,33805400,33808732,3332
2192,NW_022145605.1,33828397,33830092,1695
2193,NW_022145605.1,34230429,34236176,5747
2194,NW_022145605.1,34304322,34308602,4280
2195,NW_022145605.1,34468796,34473861,5065
2196,NW_022145605.1,34510425,34512196,1771
2197,NW_022145605.1,34616806,34617948,1142
2198,NW_022145605.1,34632212,34636998,4786
2199,NW_022145605.1,34900918,34903975,3057
2200,NW_022145605.1,34946404,34949081,2677
2201,NW_022145605.1,34946421,34951244,4823
2202,NW_022145605.1,35076975,35077708,733
2203,NW_022145605.1,35576646,35577950,1304
2204,NW_022145605.1,35582574,35591714,9140
2205,NW_022145605.1,35595367,35597709,2342
2206,NW_022145605.1,35774763,35776658,1895
2207,NW_022145605.1,36073402,36073570,168
2208,NW_022145605.1,36358582,36360647,2065
2209,NW_022145605.1,36769861,36771554,1693
2210,NW_022145605.1,36974267,36976905,2638
2211,NW_022145605.1,37090791,37102675,11884
2212,NW_022145605.1,37648735,37649084,349
2213,NW_022145605.1,38961083,38962662,1579
2214,NW_022145605.1,38988349,38990576,2227
2215,NW_022145605.1,39213494,39216519,3025
2216,NW_022145605.1,39395706,39437727,42021
2217,NW_022145605.1,39607495,39607790,295
2218,NW_022145605.1,40057381,40059701,2320
2219,NW_022145605.1,40095769,40100057,4288
2220,NW_022145605.1,40255328,40260754,5426
2221,NW_022145605.1,40270585,40270641,56
2222,NW_022145605.1,40321457,40341009,19552
2223,NW_022145605.1,40391876,40394254,2378
2224,NW_022145605.1,40411327,40411418,91
2225,NW_022145605.1,41095361,41095440,79
2226,NW_022145605.1,41349781,41380416,30635
2227,NW_022145605.1,41602168,41608323,6155
2228,NW_022145605.1,41747236,41748192,956
2229,NW_022145605.1,41771072,41772266,1194
2230,NW_022145605.1,42088781,42088783,2
2231,NW_022145605.1,42339170,42339920,750
2232,NW_022145605.1,42340638,42342039,1401
2233,NW_022145606.1,234890,235568,678
2234,NW_022145606.1,423955,425797,1842
2235,NW_022145606.1,426473,428314,1841
2236,NW_022145606.1,612843,617953,5110
2237,NW_022145606.1,624414,625402,988
2238,NW_022145606.1,916918,924465,7547
2239,NW_022145606.1,933120,934212,1092
2240,NW_022145606.1,1953693,1957543,3850
2241,NW_022145606.1,2705280,2706751,1471
2242,NW_022145606.1,2968278,2991926,23648
2243,NW_022145606.1,2995599,2998567,2968
2244,NW_022145606.1,3013189,3016021,2832
2245,NW_022145606.1,3760866,3761454,588
2246,NW_022145606.1,4215122,4215986,864
2247,NW_022145606.1,4222767,4225965,3198
2248,NW_022145606.1,4928863,4931559,2696
2249,NW_022145606.1,5146478,5146671,193
2250,NW_022145606.1,5422272,5429518,7246
2251,NW_022145606.1,5430075,5433388,3313
2252,NW_022145606.1,6593295,6596861,3566
2253,NW_022145606.1,6640226,6648384,8158
2254,NW_022145606.1,6652780,6656094,3314
2255,NW_022145606.1,6660831,6663483,2652
2256,NW_022145606.1,6695775,6697385,1610
2257,NW_022145606.1,7829368,7837148,7780
2258,NW_022145606.1,7927547,7934587,7040
2259,NW_022145606.1,8792121,8792889,768
2260,NW_022145606.1,8818781,8819899,1118
2261,NW_022145606.1,8865677,8866866,1189
2262,NW_022145606.1,8878343,8885429,7086
2263,NW_022145606.1,8889612,8890973,1361
2264,NW_022145606.1,8893637,8905842,12205
2265,NW_022145606.1,8922035,8924064,2029
2266,NW_022145606.1,9026835,9027535,700
2267,NW_022145606.1,9800537,9809674,9137
2268,NW_022145606.1,11863478,11868739,5261
2269,NW_022145606.1,12952422,12956297,3875
2270,NW_022145606.1,13107489,13107815,326
2271,NW_022145606.1,13122811,13182115,59304
2272,NW_022145606.1,13211813,13226362,14549
2273,NW_022145606.1,13236443,13242065,5622
2274,NW_022145606.1,13322232,13327980,5748
2275,NW_022145606.1,13371070,13377336,6266
2276,NW_022145606.1,13435943,13438860,2917
2277,NW_022145606.1,13726281,13726455,174
2278,NW_022145606.1,13962453,13966679,4226
2279,NW_022145606.1,14008450,14009004,554
2280,NW_022145606.1,14024514,14027585,3071
2281,NW_022145606.1,14501780,14503917,2137
2282,NW_022145606.1,14598748,14601091,2343
2283,NW_022145606.1,14609658,14611204,1546
2284,NW_022145606.1,14622593,14623864,1271
2285,NW_022145606.1,14862906,14882742,19836
2286,NW_022145606.1,14897575,14899888,2313
2287,NW_022145606.1,15182377,15185278,2901
2288,NW_022145606.1,15242581,15243173,592
2289,NW_022145606.1,15243284,15244767,1483
2290,NW_022145606.1,15248021,15248347,326
2291,NW_022145606.1,15270376,15271076,700
2292,NW_022145606.1,15421243,15425558,4315
2293,NW_022145606.1,15716749,15716795,46
2294,NW_022145606.1,15918715,15919204,489
2295,NW_022145606.1,15940985,15941503,518
2296,NW_022145606.1,15955690,15956546,856
2297,NW_022145606.1,15972942,15973488,546
2298,NW_022145606.1,15978947,15982065,3118
2299,NW_022145606.1,15987949,15989078,1129
2300,NW_022145606.1,16044144,16083389,39245
2301,NW_022145606.1,16087977,16094161,6184
2302,NW_022145606.1,16104654,16111025,6371
2303,NW_022145606.1,16177139,16181167,4028
2304,NW_022145606.1,16532725,16536217,3492
2305,NW_022145606.1,16603492,16608424,4932
2306,NW_022145606.1,16760412,16761864,1452
2307,NW_022145606.1,16834404,16835406,1002
2308,NW_022145606.1,16835491,16838983,3492
2309,NW_022145606.1,16964941,16970156,5215
2310,NW_022145606.1,16985340,16986124,784
2311,NW_022145606.1,17378571,17384891,6320
2312,NW_022145606.1,17685108,17686047,939
2313,NW_022145606.1,17832403,17833924,1521
2314,NW_022145606.1,17975422,17978147,2725
2315,NW_022145606.1,18085171,18086973,1802
2316,NW_022145606.1,18106650,18115239,8589
2317,NW_022145606.1,18118739,18120790,2051
2318,NW_022145606.1,18141027,18143690,2663
2319,NW_022145606.1,18407715,18409561,1846
2320,NW_022145606.1,18437256,18441463,4207
2321,NW_022145606.1,18451304,18451426,122
2322,NW_022145606.1,18455451,18458715,3264
2323,NW_022145606.1,18490395,18492302,1907
2324,NW_022145606.1,18950200,18952718,2518
2325,NW_022145606.1,18993142,18994039,897
2326,NW_022145606.1,19136418,19139353,2935
2327,NW_022145606.1,19160052,19160161,109
2328,NW_022145606.1,19301228,19303796,2568
2329,NW_022145606.1,20907369,20911387,4018
2330,NW_022145606.1,21295169,21297546,2377
2331,NW_022145606.1,21465712,21465854,142
2332,NW_022145606.1,22151163,22156384,5221
2333,NW_022145606.1,22584506,22586340,1834
2334,NW_022145606.1,22811027,22811948,921
2335,NW_022145606.1,22822557,22826072,3515
2336,NW_022145606.1,22834394,22834990,596
2337,NW_022145606.1,22855251,22855648,397
2338,NW_022145606.1,22884695,22888516,3821
2339,NW_022145606.1,23041949,23043453,1504
2340,NW_022145606.1,23294195,23296921,2726
2341,NW_022145606.1,23914353,23918178,3825
2342,NW_022145606.1,23918035,23918290,255
2343,NW_022145606.1,24384822,24385777,955
2344,NW_022145606.1,24495629,24496647,1018
2345,NW_022145606.1,24750777,24753714,2937
2346,NW_022145606.1,24757375,24768580,11205
2347,NW_022145606.1,25153157,25157938,4781
2348,NW_022145606.1,25306129,25308159,2030
2349,NW_022145606.1,26343181,26345651,2470
2350,NW_022145606.1,27284897,27288235,3338
2351,NW_022145606.1,27322423,27324269,1846
2352,NW_022145606.1,27695025,27695130,105
2353,NW_022145606.1,27756187,27759436,3249
2354,NW_022145606.1,28294594,28296119,1525
2355,NW_022145606.1,28399466,28400083,617
2356,NW_022145606.1,28491153,28493821,2668
2357,NW_022145606.1,28575541,28597694,22153
2358,NW_022145606.1,28999107,29001695,2588
2359,NW_022145606.1,29100692,29102093,1401
2360,NW_022145606.1,29240508,29249862,9354
2361,NW_022145606.1,29428952,29432401,3449
2362,NW_022145606.1,29837740,29839352,1612
2363,NW_022145606.1,31055411,31060841,5430
2364,NW_022145606.1,31172932,31177101,4169
2365,NW_022145606.1,31663540,31665457,1917
2366,NW_022145606.1,31670318,31684595,14277
2367,NW_022145606.1,31714028,31717054,3026
2368,NW_022145606.1,32111984,32118125,6141
2369,NW_022145606.1,32189748,32192520,2772
2370,NW_022145606.1,32426480,32429193,2713
2371,NW_022145606.1,32480977,32482346,1369
2372,NW_022145606.1,32682793,32683529,736
2373,NW_022145606.1,32691336,32691920,584
2374,NW_022145606.1,33243473,33246274,2801
2375,NW_022145606.1,33285638,33291686,6048
2376,NW_022145606.1,33601439,33607438,5999
2377,NW_022145606.1,33707285,33712198,4913
2378,NW_022145606.1,33713802,33715296,1494
2379,NW_022145606.1,34648505,34654351,5846
2380,NW_022145606.1,34875869,34879336,3467
2381,NW_022145606.1,34880342,34882809,2467
2382,NW_022145606.1,35025908,35028393,2485
2383,NW_022145606.1,35084290,35086507,2217
2384,NW_022145606.1,35216439,35242518,26079
2385,NW_022145606.1,35252739,35274228,21489
2386,NW_022145606.1,35298974,35315339,16365
2387,NW_022145606.1,35274914,35277746,2832
2388,NW_022145606.1,35298489,35333481,34992
2389,NW_022145606.1,35362665,35364084,1419
2390,NW_022145606.1,35913326,35918760,5434
2391,NW_022145606.1,35950633,35952738,2105
2392,NW_022145606.1,36331138,36335875,4737
2393,NW_022145606.1,36547051,36550123,3072
2394,NW_022145606.1,36936047,36937127,1080
2395,NW_022145606.1,36978174,36980359,2185
2396,NW_022145606.1,37359376,37362241,2865
2397,NW_022145606.1,38260252,38260619,367
2398,NW_022145606.1,38989230,38993551,4321
2399,NW_022145606.1,39053011,39058163,5152
2400,NW_022145606.1,39509911,39514752,4841
2401,NW_022145606.1,39706423,39706650,227
2402,NW_022145606.1,39768973,39774685,5712
2403,NW_022145606.1,40468578,40479985,11407
2404,NW_022145606.1,41217026,41217493,467
2405,NW_022145606.1,42127072,42129689,2617
2406,NW_022145606.1,42133575,42134043,468
2407,NW_022145606.1,42196493,42197856,1363
2408,NW_022145606.1,42222214,42224593,2379
2409,NW_022145606.1,42281167,42282699,1532
2410,NW_022145606.1,42371725,42373135,1410
2411,NW_022145606.1,43056073,43060013,3940
2412,NW_022145606.1,43343273,43345411,2138
2413,NW_022145606.1,43673504,43675020,1516
2414,NW_022145606.1,44278180,44281970,3790
2415,NW_022145606.1,45010012,45010013,1
2416,NW_022145606.1,45157273,45157710,437
2417,NW_022145606.1,45530892,45538909,8017
2418,NW_022145606.1,45611854,45612491,637
2419,NW_022145606.1,45682363,45685254,2891
2420,NW_022145606.1,45790601,45794764,4163
2421,NW_022145606.1,46147070,46147136,66
2422,NW_022145606.1,46335585,46337637,2052
2423,NW_022145606.1,47089452,47091064,1612
2424,NW_022145606.1,47393907,47395805,1898
2425,NW_022145606.1,47590029,47591746,1717
2426,NW_022145606.1,47702616,47703892,1276
2427,NW_022145606.1,47707397,47708274,877
2428,NW_022145606.1,48462529,48471992,9463
2429,NW_022145606.1,48779387,48781823,2436
2430,NW_022145606.1,49186753,49187833,1080
2431,NW_022145606.1,49292646,49292895,249
2432,NW_022145606.1,49472264,49476443,4179
2433,NW_022145606.1,49648270,49650125,1855
2434,NW_022145606.1,49649129,49649633,504
2435,NW_022145606.1,50152285,50154656,2371
2436,NW_022145606.1,50176623,50176672,49
2437,NW_022145606.1,50207930,50208389,459
2438,NW_022145606.1,50215713,50220818,5105
2439,NW_022145606.1,50224954,50226134,1180
2440,NW_022145606.1,50225372,50240036,14664
2441,NW_022145606.1,50474646,50478079,3433
2442,NW_022145606.1,50479180,50481770,2590
2443,NW_022145606.1,50488478,50489004,526
2444,NW_022145606.1,50563210,50570240,7030
2445,NW_022145606.1,50577543,50584008,6465
2446,NW_022145606.1,50728633,50732859,4226
2447,NW_022145606.1,51437752,51438860,1108
2448,NW_022145606.1,51528032,51531365,3333
2449,NW_022145606.1,51747004,51747838,834
2450,NW_022145606.1,51752200,51753388,1188
2451,NW_022145606.1,51757807,51760233,2426
2452,NW_022145606.1,52003516,52003584,68
2453,NW_022145606.1,52296238,52299034,2796
2454,NW_022145607.1,138391,146983,8592
2455,NW_022145607.1,268831,275420,6589
2456,NW_022145607.1,569817,570117,300
2457,NW_022145607.1,873956,874526,570
2458,NW_022145607.1,1299880,1301978,2098
2459,NW_022145607.1,2039281,2043524,4243
2460,NW_022145607.1,2075058,2079451,4393
2461,NW_022145607.1,2263750,2264930,1180
2462,NW_022145607.1,2682468,2685973,3505
2463,NW_022145607.1,3106218,3131660,25442
2464,NW_022145607.1,3166065,3167707,1642
2465,NW_022145607.1,3178234,3178619,385
2466,NW_022145607.1,3483908,3484568,660
2467,NW_022145607.1,4130865,4136170,5305
2468,NW_022145607.1,4132286,4133906,1620
2469,NW_022145607.1,4502789,4502794,5
2470,NW_022145607.1,4521338,4533795,12457
2471,NW_022145607.1,4541126,4590542,49416
2472,NW_022145607.1,4594095,4605084,10989
2473,NW_022145607.1,4618347,4656003,37656
2474,NW_022145607.1,4663659,4668792,5133
2475,NW_022145607.1,4678370,4702491,24121
2476,NW_022145607.1,4805409,4806626,1217
2477,NW_022145607.1,5049394,5049489,95
2478,NW_022145607.1,5062086,5063917,1831
2479,NW_022145607.1,6435169,6438976,3807
2480,NW_022145607.1,7229445,7229984,539
2481,NW_022145607.1,7237479,7238579,1100
2482,NW_022145607.1,7250999,7252561,1562
2483,NW_022145607.1,7365082,7367365,2283
2484,NW_022145607.1,7644735,7651087,6352
2485,NW_022145607.1,8765582,8769121,3539
2486,NW_022145607.1,9321192,9323050,1858
2487,NW_022145607.1,9665963,9669016,3053
2488,NW_022145607.1,10046250,10048893,2643
2489,NW_022145607.1,10245334,10248098,2764
2490,NW_022145607.1,10252671,10253612,941
2491,NW_022145607.1,10458980,10459186,206
2492,NW_022145607.1,10890176,10891067,891
2493,NW_022145607.1,10941269,10943409,2140
2494,NW_022145607.1,11329603,11331748,2145
2495,NW_022145607.1,11668464,11671992,3528
2496,NW_022145607.1,11741678,11741820,142
2497,NW_022145607.1,12122870,12126464,3594
2498,NW_022145607.1,12242449,12246997,4548
2499,NW_022145607.1,12272078,12274192,2114
2500,NW_022145607.1,12548099,12551242,3143
2501,NW_022145607.1,13039358,13041061,1703
2502,NW_022145607.1,13067391,13069763,2372
2503,NW_022145607.1,13076128,13081608,5480
2504,NW_022145607.1,13103746,13114294,10548
2505,NW_022145607.1,13483046,13487413,4367
2506,NW_022145607.1,13502490,13530307,27817
2507,NW_022145607.1,13537270,13542468,5198
2508,NW_022145607.1,13546030,13562189,16159
2509,NW_022145607.1,13508731,13510330,1599
2510,NW_022145607.1,13770023,13772091,2068
2511,NW_022145607.1,13831631,13831781,150
2512,NW_022145607.1,14177962,14180520,2558
2513,NW_022145607.1,15120458,15122481,2023
2514,NW_022145607.1,15256474,15256819,345
2515,NW_022145607.1,15630861,15640686,9825
2516,NW_022145607.1,15758604,15760895,2291
2517,NW_022145607.1,16969081,16972569,3488
2518,NW_022145607.1,16982637,16982653,16
2519,NW_022145607.1,17841575,17845551,3976
2520,NW_022145607.1,18257946,18257958,12
2521,NW_022145607.1,18453141,18456037,2896
2522,NW_022145607.1,18592081,18598108,6027
2523,NW_022145607.1,18778234,18778239,5
2524,NW_022145607.1,19304369,19306833,2464
2525,NW_022145607.1,19313403,19316289,2886
2526,NW_022145607.1,19606788,19608956,2168
2527,NW_022145607.1,19720826,19720850,24
2528,NW_022145607.1,19740091,19740392,301
2529,NW_022145607.1,19785915,19787167,1252
2530,NW_022145607.1,19892217,19894984,2767
2531,NW_022145607.1,19907422,19909240,1818
2532,NW_022145607.1,20198919,20216429,17510
2533,NW_022145607.1,20271030,20272650,1620
2534,NW_022145607.1,20648305,20651002,2697
2535,NW_022145607.1,21039848,21055530,15682
2536,NW_022145607.1,21153140,21155195,2055
2537,NW_022145607.1,21652826,21653340,514
2538,NW_022145607.1,21731154,21731326,172
2539,NW_022145607.1,22213161,22336346,123185
2540,NW_022145607.1,22353124,22356486,3362
2541,NW_022145607.1,22732929,22733815,886
2542,NW_022145607.1,22744292,22747167,2875
2543,NW_022145607.1,22753337,22760043,6706
2544,NW_022145607.1,22869266,22891242,21976
2545,NW_022145607.1,22899979,22902576,2597
2546,NW_022145607.1,22903501,22904664,1163
2547,NW_022145607.1,23047619,23052868,5249
2548,NW_022145607.1,23309591,23311185,1594
2549,NW_022145607.1,23327796,23333322,5526
2550,NW_022145607.1,23670707,23674938,4231
2551,NW_022145607.1,23670788,23671558,770
2552,NW_022145607.1,23672868,23676286,3418
2553,NW_022145607.1,23807939,23809087,1148
2554,NW_022145607.1,24271037,24272110,1073
2555,NW_022145607.1,24450321,24457330,7009
2556,NW_022145607.1,24738078,24741075,2997
2557,NW_022145607.1,24908138,24909150,1012
2558,NW_022145607.1,25112512,25115286,2774
2559,NW_022145607.1,25148105,25152018,3913
2560,NW_022145607.1,25267184,25270059,2875
2561,NW_022145607.1,25289938,25293811,3873
2562,NW_022145607.1,25691258,25691767,509
2563,NW_022145607.1,26058393,26060597,2204
2564,NW_022145607.1,26624511,26625422,911
2565,NW_022145607.1,26640136,26642526,2390
2566,NW_022145607.1,26669616,26671684,2068
2567,NW_022145607.1,26782871,26786725,3854
2568,NW_022145607.1,27189041,27191608,2567
2569,NW_022145607.1,27336043,27337001,958
2570,NW_022145607.1,27384873,27387913,3040
2571,NW_022145607.1,27520964,27523831,2867
2572,NW_022145607.1,28276177,28278690,2513
2573,NW_022145607.1,28330326,28331517,1191
2574,NW_022145607.1,28453547,28460752,7205
2575,NW_022145607.1,28628207,28628345,138
2576,NW_022145607.1,28659367,28682810,23443
2577,NW_022145607.1,28751023,28754033,3010
2578,NW_022145607.1,28762751,28771992,9241
2579,NW_022145607.1,29075599,29080403,4804
2580,NW_022145607.1,29204189,29231466,27277
2581,NW_022145607.1,29265739,29268490,2751
2582,NW_022145607.1,29362889,29363542,653
2583,NW_022145607.1,29364397,29367474,3077
2584,NW_022145607.1,29379451,29380511,1060
2585,NW_022145607.1,29603294,29603689,395
2586,NW_022145607.1,29860168,29863661,3493
2587,NW_022145607.1,29871326,29893676,22350
2588,NW_022145607.1,29939184,29941001,1817
2589,NW_022145607.1,30105060,30105967,907
2590,NW_022145607.1,30107346,30112793,5447
2591,NW_022145607.1,30148797,30164414,15617
2592,NW_022145607.1,30497229,30499420,2191
2593,NW_022145607.1,30767619,30768969,1350
2594,NW_022145607.1,30769184,30774890,5706
2595,NW_022145607.1,30973587,30975484,1897
2596,NW_022145607.1,30980800,30985116,4316
2597,NW_022145607.1,31113733,31117889,4156
2598,NW_022145607.1,31808191,31809674,1483
2599,NW_022145607.1,31829500,31832705,3205
2600,NW_022145607.1,32714148,32715329,1181
2601,NW_022145607.1,32750820,32753451,2631
2602,NW_022145607.1,32871169,32874474,3305
2603,NW_022145607.1,33693246,33693985,739
2604,NW_022145607.1,34021533,34030393,8860
2605,NW_022145607.1,34193998,34208953,14955
2606,NW_022145607.1,34239654,34242766,3112
2607,NW_022145607.1,34403832,34405621,1789
2608,NW_022145607.1,34536415,34539172,2757
2609,NW_022145607.1,34593138,34596322,3184
2610,NW_022145607.1,34599861,34618988,19127
2611,NW_022145607.1,34653662,34655958,2296
2612,NW_022145607.1,34803685,34817690,14005
2613,NW_022145607.1,35120538,35120681,143
2614,NW_022145607.1,35195202,35196210,1008
2615,NW_022145607.1,35301870,35303730,1860
2616,NW_022145607.1,35432812,35433192,380
2617,NW_022145607.1,35437300,35452020,14720
2618,NW_022145607.1,35458521,35463203,4682
2619,NW_022145607.1,35468525,35472727,4202
2620,NW_022145607.1,35810863,35811716,853
2621,NW_022145607.1,35963054,35965740,2686
2622,NW_022145607.1,36061199,36062628,1429
2623,NW_022145607.1,36129898,36131964,2066
2624,NW_022145607.1,36483557,36484719,1162
2625,NW_022145607.1,36529553,36529722,169
2626,NW_022145607.1,37097111,37098881,1770
2627,NW_022145607.1,37346536,37350013,3477
2628,NW_022145607.1,37639458,37643529,4071
2629,NW_022145607.1,38023379,38023701,322
2630,NW_022145607.1,38288725,38290643,1918
2631,NW_022145607.1,38438380,38457515,19135
2632,NW_022145607.1,38770019,38770021,2
2633,NW_022145607.1,38808178,38810457,2279
2634,NW_022145607.1,38901497,38904739,3242
2635,NW_022145607.1,38904824,38905733,909
2636,NW_022145607.1,39113279,39114643,1364
2637,NW_022145607.1,39227728,39227767,39
2638,NW_022145607.1,39270977,39274146,3169
2639,NW_022145607.1,39274361,39274493,132
2640,NW_022145607.1,39492191,39496801,4610
2641,NW_022145607.1,39510070,39511083,1013
2642,NW_022145607.1,39965537,39971544,6007
2643,NW_022145607.1,40144747,40144852,105
2644,NW_022145607.1,40537343,40538882,1539
2645,NW_022145607.1,41870263,41875125,4862
2646,NW_022145607.1,42115652,42123235,7583
2647,NW_022145607.1,42126279,42127749,1470
2648,NW_022145607.1,42366777,42368448,1671
2649,NW_022145607.1,44109988,44111985,1997
2650,NW_022145607.1,45010035,45011210,1175
2651,NW_022145609.1,1510632,1511730,1098
2652,NW_022145609.1,1628033,1640188,12155
2653,NW_022145609.1,1810011,1812280,2269
2654,NW_022145609.1,1836677,1837119,442
2655,NW_022145609.1,1858172,1863596,5424
2656,NW_022145609.1,2166649,2167856,1207
2657,NW_022145609.1,2553263,2561184,7921
2658,NW_022145609.1,2904521,2912471,7950
2659,NW_022145609.1,2904876,2906909,2033
2660,NW_022145609.1,3353045,3355578,2533
2661,NW_022145609.1,3405403,3409275,3872
2662,NW_022145609.1,4176241,4176680,439
2663,NW_022145609.1,4926606,4926982,376
2664,NW_022145609.1,5037032,5037951,919
2665,NW_022145609.1,5056785,5058910,2125
2666,NW_022145609.1,5256735,5259104,2369
2667,NW_022145609.1,5591033,5597514,6481
2668,NW_022145609.1,5623151,5627114,3963
2669,NW_022145609.1,6801065,6802866,1801
2670,NW_022145609.1,6827098,6827730,632
2671,NW_022145609.1,7182595,7184422,1827
2672,NW_022145609.1,7204656,7208437,3781
2673,NW_022145609.1,7213329,7215044,1715
2674,NW_022145609.1,7221284,7224904,3620
2675,NW_022145609.1,7238128,7251169,13041
2676,NW_022145609.1,7604618,7607166,2548
2677,NW_022145609.1,8030838,8033203,2365
2678,NW_022145609.1,8102723,8105057,2334
2679,NW_022145609.1,8431917,8434245,2328
2680,NW_022145609.1,8514928,8515073,145
2681,NW_022145609.1,9285862,9285953,91
2682,NW_022145609.1,9368962,9374458,5496
2683,NW_022145609.1,10410173,10412672,2499
2684,NW_022145609.1,10514064,10514960,896
2685,NW_022145609.1,10687832,10690811,2979
2686,NW_022145609.1,10816296,10822685,6389
2687,NW_022145609.1,10845686,10852993,7307
2688,NW_022145609.1,11141570,11144135,2565
2689,NW_022145609.1,11245310,11245719,409
2690,NW_022145609.1,11380577,11381578,1001
2691,NW_022145609.1,11990163,11992447,2284
2692,NW_022145609.1,12068769,12069396,627
2693,NW_022145609.1,12132591,12136411,3820
2694,NW_022145609.1,13309192,13311572,2380
2695,NW_022145609.1,13482967,13485922,2955
2696,NW_022145609.1,13612216,13614573,2357
2697,NW_022145609.1,13991381,14002393,11012
2698,NW_022145609.1,14804924,14805040,116
2699,NW_022145609.1,14806011,14806868,857
2700,NW_022145609.1,15040373,15040774,401
2701,NW_022145609.1,15493250,15493977,727
2702,NW_022145609.1,15592432,15598151,5719
2703,NW_022145609.1,15856790,15889195,32405
2704,NW_022145609.1,15996631,15999810,3179
2705,NW_022145609.1,16433500,16435140,1640
2706,NW_022145609.1,16961978,16966955,4977
2707,NW_022145609.1,17301548,17304041,2493
2708,NW_022145609.1,17425990,17427625,1635
2709,NW_022145609.1,17587572,17588592,1020
2710,NW_022145609.1,17734853,17737246,2393
2711,NW_022145609.1,18047153,18049174,2021
2712,NW_022145609.1,18568828,18569474,646
2713,NW_022145609.1,19343888,19350248,6360
2714,NW_022145609.1,19372940,19373523,583
2715,NW_022145609.1,20685667,20686875,1208
2716,NW_022145609.1,20945966,20974251,28285
2717,NW_022145609.1,20994420,20994424,4
2718,NW_022145609.1,21323690,21330963,7273
2719,NW_022145609.1,21822251,21827877,5626
2720,NW_022145609.1,22028804,22030576,1772
2721,NW_022145609.1,22094954,22095376,422
2722,NW_022145609.1,22225014,22226090,1076
2723,NW_022145609.1,22234295,22238616,4321
2724,NW_022145609.1,22245671,22255395,9724
2725,NW_022145609.1,22265030,22266997,1967
2726,NW_022145609.1,22476316,22479687,3371
2727,NW_022145609.1,22658505,22661646,3141
2728,NW_022145609.1,22879199,22881465,2266
2729,NW_022145609.1,22876546,22881466,4920
2730,NW_022145609.1,22917258,22917448,190
2731,NW_022145609.1,23191243,23191395,152
2732,NW_022145609.1,23200380,23204061,3681
2733,NW_022145609.1,25555606,25562012,6406
2734,NW_022145609.1,25572404,25582598,10194
2735,NW_022145609.1,26467994,26468027,33
2736,NW_022145609.1,27105570,27108236,2666
2737,NW_022145609.1,27182809,27186438,3629
2738,NW_022145609.1,27694965,27697410,2445
2739,NW_022145609.1,28489228,28491710,2482
2740,NW_022145609.1,28498974,28498988,14
2741,NW_022145609.1,28548972,28549955,983
2742,NW_022145609.1,28802666,28802807,141
2743,NW_022145609.1,28801340,28806726,5386
2744,NW_022145609.1,28806275,28809093,2818
2745,NW_022145609.1,28935122,28935408,286
2746,NW_022145609.1,28981173,29001214,20041
2747,NW_022145609.1,29001591,29002877,1286
2748,NW_022145609.1,29074199,29076137,1938
2749,NW_022145609.1,29289464,29291663,2199
2750,NW_022145609.1,29357151,29359054,1903
2751,NW_022145609.1,29525940,29528881,2941
2752,NW_022145609.1,29559594,29561390,1796
2753,NW_022145609.1,29514730,29529763,15033
2754,NW_022145609.1,29775929,29776160,231
2755,NW_022145609.1,29834207,29836570,2363
2756,NW_022145609.1,29862406,29864966,2560
2757,NW_022145609.1,29865163,29867633,2470
2758,NW_022145609.1,29987183,29990141,2958
2759,NW_022145609.1,30049003,30051047,2044
2760,NW_022145609.1,30128499,30132524,4025
2761,NW_022145609.1,30242706,30244467,1761
2762,NW_022145609.1,30263110,30266841,3731
2763,NW_022145609.1,30379984,30382031,2047
2764,NW_022145609.1,30516448,30516707,259
2765,NW_022145609.1,30846793,30850551,3758
2766,NW_022145609.1,31650308,31654063,3755
2767,NW_022145609.1,31842446,31843489,1043
2768,NW_022145609.1,31847671,31850972,3301
2769,NW_022145609.1,32092811,32095044,2233
2770,NW_022145609.1,32102403,32102983,580
2771,NW_022145609.1,32184063,32186295,2232
2772,NW_022145609.1,32539504,32541971,2467
2773,NW_022145609.1,32542643,32545720,3077
2774,NW_022145609.1,33089022,33091026,2004
2775,NW_022145609.1,33094992,33098927,3935
2776,NW_022145609.1,33099021,33103902,4881
2777,NW_022145609.1,33262833,33266526,3693
2778,NW_022145609.1,33863955,33869930,5975
2779,NW_022145609.1,33953826,33953943,117
2780,NW_022145609.1,34899925,34900803,878
2781,NW_022145609.1,35716284,35717935,1651
2782,NW_022145609.1,35840229,35840433,204
2783,NW_022145609.1,35847542,35854748,7206
2784,NW_022145609.1,35871752,35874271,2519
2785,NW_022145609.1,35895340,35898009,2669
2786,NW_022145609.1,36107607,36108923,1316
2787,NW_022145609.1,36262799,36267081,4282
2788,NW_022145609.1,36631045,36640470,9425
2789,NW_022145609.1,36658366,36661998,3632
2790,NW_022145609.1,36666464,36673638,7174
2791,NW_022145609.1,36687851,36689520,1669
2792,NW_022145609.1,36704411,36707610,3199
2793,NW_022145609.1,36711708,36723629,11921
2794,NW_022145609.1,36727822,36734015,6193
2795,NW_022145609.1,36831775,36835044,3269
2796,NW_022145609.1,36864604,36864605,1
2797,NW_022145609.1,36867299,36869683,2384
2798,NW_022145609.1,36877683,36884898,7215
2799,NW_022145609.1,37000595,37002391,1796
2800,NW_022145609.1,37111033,37111849,816
2801,NW_022145609.1,37134159,37137764,3605
2802,NW_022145609.1,37489121,37492067,2946
2803,NW_022145609.1,37951332,37955148,3816
2804,NW_022145609.1,38095322,38100197,4875
2805,NW_022145609.1,38215581,38227901,12320
2806,NW_022145609.1,38315930,38317806,1876
2807,NW_022145609.1,38439760,38443715,3955
2808,NW_022145609.1,38501033,38503595,2562
2809,NW_022145609.1,38503596,38505088,1492
2810,NW_022145610.1,320349,321297,948
2811,NW_022145610.1,414322,419524,5202
2812,NW_022145610.1,555133,557160,2027
2813,NW_022145610.1,651902,655742,3840
2814,NW_022145610.1,816296,816474,178
2815,NW_022145610.1,931573,934217,2644
2816,NW_022145610.1,958666,958904,238
2817,NW_022145610.1,1075605,1076435,830
2818,NW_022145610.1,1334007,1334699,692
2819,NW_022145610.1,1525662,1541063,15401
2820,NW_022145610.1,1645728,1649363,3635
2821,NW_022145610.1,2220827,2220841,14
2822,NW_022145610.1,2253302,2261929,8627
2823,NW_022145610.1,2845143,2846143,1000
2824,NW_022145610.1,2868200,2869185,985
2825,NW_022145610.1,2924318,2926929,2611
2826,NW_022145610.1,3025462,3030499,5037
2827,NW_022145610.1,3712821,3712823,2
2828,NW_022145610.1,3894609,3897783,3174
2829,NW_022145610.1,3997463,4000571,3108
2830,NW_022145610.1,4263299,4267268,3969
2831,NW_022145610.1,4341429,4342517,1088
2832,NW_022145610.1,5181047,5181067,20
2833,NW_022145610.1,5177424,5178340,916
2834,NW_022145610.1,5331531,5332093,562
2835,NW_022145610.1,5529594,5542660,13066
2836,NW_022145610.1,5860432,5863463,3031
2837,NW_022145610.1,6357676,6361980,4304
2838,NW_022145610.1,6366963,6367492,529
2839,NW_022145610.1,6390953,6392003,1050
2840,NW_022145610.1,6395773,6398029,2256
2841,NW_022145610.1,7237563,7248309,10746
2842,NW_022145610.1,7249453,7250918,1465
2843,NW_022145610.1,7437627,7437800,173
2844,NW_022145610.1,7597207,7599263,2056
2845,NW_022145610.1,8423447,8427116,3669
2846,NW_022145610.1,8473703,8473838,135
2847,NW_022145610.1,8867997,8874402,6405
2848,NW_022145610.1,9167427,9171726,4299
2849,NW_022145610.1,9258750,9260621,1871
2850,NW_022145610.1,9260692,9266599,5907
2851,NW_022145610.1,9375229,9376917,1688
2852,NW_022145610.1,9431650,9434172,2522
2853,NW_022145610.1,9443483,9448653,5170
2854,NW_022145610.1,9972210,9979328,7118
2855,NW_022145610.1,10182237,10184245,2008
2856,NW_022145610.1,10252995,10255876,2881
2857,NW_022145610.1,10599623,10600760,1137
2858,NW_022145610.1,10760582,10764759,4177
2859,NW_022145610.1,10977974,10981824,3850
2860,NW_022145610.1,11489536,11492766,3230
2861,NW_022145610.1,11726015,11727390,1375
2862,NW_022145610.1,11831414,11832906,1492
2863,NW_022145610.1,12683564,12685519,1955
2864,NW_022145610.1,12719467,12721766,2299
2865,NW_022145610.1,13388739,13425158,36419
2866,NW_022145610.1,13443850,13445459,1609
2867,NW_022145610.1,13769334,13773636,4302
2868,NW_022145610.1,13976133,13977936,1803
2869,NW_022145610.1,14097911,14101442,3531
2870,NW_022145610.1,14588307,14592913,4606
2871,NW_022145610.1,14782053,14783553,1500
2872,NW_022145610.1,15278152,15281537,3385
2873,NW_022145610.1,15452283,15454052,1769
2874,NW_022145610.1,15802198,15802284,86
2875,NW_022145610.1,15969801,15969890,89
2876,NW_022145610.1,16082456,16090771,8315
2877,NW_022145610.1,16095274,16095517,243
2878,NW_022145610.1,16456376,16463923,7547
2879,NW_022145610.1,17063590,17067266,3676
2880,NW_022145610.1,17481552,17483940,2388
2881,NW_022145610.1,17550077,17572745,22668
2882,NW_022145610.1,18165489,18168546,3057
2883,NW_022145610.1,18246720,18251108,4388
2884,NW_022145610.1,19201380,19207911,6531
2885,NW_022145610.1,19286711,19291712,5001
2886,NW_022145610.1,19477539,19482447,4908
2887,NW_022145610.1,19478858,19479876,1018
2888,NW_022145610.1,19514197,19520024,5827
2889,NW_022145610.1,19976404,19979614,3210
2890,NW_022145610.1,20795077,20796771,1694
2891,NW_022145610.1,20970513,20972266,1753
2892,NW_022145610.1,21007137,21010804,3667
2893,NW_022145610.1,21333406,21337536,4130
2894,NW_022145610.1,21441417,21451206,9789
2895,NW_022145610.1,21467445,21472825,5380
2896,NW_022145610.1,22346992,22349915,2923
2897,NW_022145610.1,22511202,22515310,4108
2898,NW_022145610.1,22775824,22780287,4463
2899,NW_022145610.1,23030443,23031088,645
2900,NW_022145610.1,23054606,23058982,4376
2901,NW_022145610.1,23811403,23816954,5551
2902,NW_022145610.1,23831594,23834555,2961
2903,NW_022145610.1,24124726,24125426,700
2904,NW_022145610.1,24196398,24199851,3453
2905,NW_022145610.1,24248001,24250730,2729
2906,NW_022145610.1,24250818,24254770,3952
2907,NW_022145610.1,24273800,24275499,1699
2908,NW_022145610.1,24389202,24390614,1412
2909,NW_022145610.1,24657299,24661784,4485
2910,NW_022145610.1,24974689,24974976,287
2911,NW_022145610.1,25709724,25710614,890
2912,NW_022145610.1,25906400,25909936,3536
2913,NW_022145610.1,26012774,26013468,694
2914,NW_022145610.1,26050881,26052156,1275
2915,NW_022145610.1,26213710,26215719,2009
2916,NW_022145610.1,26276082,26278642,2560
2917,NW_022145610.1,26373385,26386718,13333
2918,NW_022145610.1,26838589,26838860,271
2919,NW_022145610.1,26941640,26941642,2
2920,NW_022145610.1,27104118,27105738,1620
2921,NW_022145610.1,27288245,27289928,1683
2922,NW_022145610.1,27311419,27317255,5836
2923,NW_022145610.1,27319815,27323738,3923
2924,NW_022145610.1,27331293,27332845,1552
2925,NW_022145610.1,27672469,27675153,2684
2926,NW_022145610.1,27790919,27792092,1173
2927,NW_022145610.1,27856745,27858391,1646
2928,NW_022145610.1,27866600,27867601,1001
2929,NW_022145610.1,27878600,27880806,2206
2930,NW_022145610.1,27881837,27885467,3630
2931,NW_022145610.1,27975532,27976700,1168
2932,NW_022145610.1,28284505,28285000,495
2933,NW_022145610.1,28291718,28296389,4671
2934,NW_022145610.1,28316466,28318763,2297
2935,NW_022145610.1,28452648,28456658,4010
2936,NW_022145610.1,28464281,28465102,821
2937,NW_022145610.1,28468119,28470897,2778
2938,NW_022145610.1,29002502,29003305,803
2939,NW_022145610.1,29232412,29234368,1956
2940,NW_022145610.1,29775051,29777409,2358
2941,NW_022145610.1,29852626,29853013,387
2942,NW_022145610.1,30173641,30173661,20
2943,NW_022145610.1,30341201,30366869,25668
2944,NW_022145610.1,30606037,30606042,5
2945,NW_022145610.1,30983237,30986330,3093
2946,NW_022145610.1,31105540,31110402,4862
2947,NW_022145610.1,31234395,31237097,2702
2948,NW_022145610.1,31850572,31850583,11
2949,NW_022145610.1,32335235,32340729,5494
2950,NW_022145610.1,32500886,32500963,77
2951,NW_022145610.1,32629200,32632535,3335
2952,NW_022145610.1,32739189,32749267,10078
2953,NW_022145610.1,32746771,32747150,379
2954,NW_022145610.1,32747589,32749660,2071
2955,NW_022145610.1,32769294,32773679,4385
2956,NW_022145610.1,33337549,33338568,1019
2957,NW_022145610.1,33587839,33591761,3922
2958,NW_022145610.1,33788131,33799444,11313
2959,NW_022145610.1,34159964,34162202,2238
2960,NW_022145610.1,34505589,34506975,1386
2961,NW_022145610.1,34828351,34833258,4907
2962,NW_022145610.1,34908402,34916576,8174
2963,NW_022145610.1,34978953,34985333,6380
2964,NW_022145610.1,35031543,35033966,2423
2965,NW_022145611.1,74721,75569,848
2966,NW_022145611.1,80026,81057,1031
2967,NW_022145611.1,357838,359844,2006
2968,NW_022145611.1,1115642,1117498,1856
2969,NW_022145611.1,1318431,1327655,9224
2970,NW_022145611.1,1357185,1361885,4700
2971,NW_022145611.1,1384617,1397310,12693
2972,NW_022145611.1,1445446,1448620,3174
2973,NW_022145611.1,1537364,1541542,4178
2974,NW_022145611.1,1926569,1929562,2993
2975,NW_022145611.1,1973025,1976935,3910
2976,NW_022145611.1,2110344,2111038,694
2977,NW_022145611.1,2133200,2133296,96
2978,NW_022145611.1,2542977,2545204,2227
2979,NW_022145611.1,2813570,2816755,3185
2980,NW_022145611.1,2880704,2883741,3037
2981,NW_022145611.1,3009207,3010303,1096
2982,NW_022145611.1,3013099,3013384,285
2983,NW_022145611.1,3040015,3041426,1411
2984,NW_022145611.1,3042500,3043684,1184
2985,NW_022145611.1,3064110,3067802,3692
2986,NW_022145611.1,3176065,3176419,354
2987,NW_022145611.1,3299083,3300656,1573
2988,NW_022145611.1,3362691,3363284,593
2989,NW_022145611.1,3789472,3794304,4832
2990,NW_022145611.1,4164224,4164657,433
2991,NW_022145611.1,4320755,4322182,1427
2992,NW_022145611.1,4349555,4349977,422
2993,NW_022145611.1,4911312,4917162,5850
2994,NW_022145611.1,5321102,5326059,4957
2995,NW_022145611.1,5505793,5507474,1681
2996,NW_022145611.1,5519346,5519421,75
2997,NW_022145611.1,5681945,5683485,1540
2998,NW_022145611.1,5870189,5870990,801
2999,NW_022145611.1,5948015,5948676,661
3000,NW_022145611.1,6036992,6039555,2563
3001,NW_022145611.1,6689424,6691005,1581
3002,NW_022145611.1,6746821,6752054,5233
3003,NW_022145611.1,6955946,6955954,8
3004,NW_022145611.1,7294809,7294964,155
3005,NW_022145611.1,7509321,7511539,2218
3006,NW_022145611.1,7635783,7637073,1290
3007,NW_022145611.1,7724503,7728901,4398
3008,NW_022145611.1,7798275,7798297,22
3009,NW_022145611.1,7917133,7919640,2507
3010,NW_022145611.1,8183650,8184813,1163
3011,NW_022145611.1,8203366,8206089,2723
3012,NW_022145611.1,8303696,8306401,2705
3013,NW_022145611.1,8441499,8444295,2796
3014,NW_022145611.1,8560503,8561993,1490
3015,NW_022145611.1,8722137,8727098,4961
3016,NW_022145611.1,8863817,8867471,3654
3017,NW_022145611.1,8914606,8917842,3236
3018,NW_022145611.1,8921488,8923406,1918
3019,NW_022145611.1,9177630,9177681,51
3020,NW_022145611.1,9501252,9503461,2209
3021,NW_022145611.1,9503565,9504568,1003
3022,NW_022145611.1,9595989,9596952,963
3023,NW_022145611.1,10221380,10280664,59284
3024,NW_022145611.1,10538919,10544968,6049
3025,NW_022145611.1,10566261,10573257,6996
3026,NW_022145611.1,10819744,10821711,1967
3027,NW_022145611.1,11081436,11091744,10308
3028,NW_022145611.1,11110986,11124691,13705
3029,NW_022145611.1,11140747,11147554,6807
3030,NW_022145611.1,11164929,11176077,11148
3031,NW_022145611.1,12022474,12022533,59
3032,NW_022145611.1,12160410,12162933,2523
3033,NW_022145611.1,12220357,12220566,209
3034,NW_022145611.1,12333284,12338143,4859
3035,NW_022145611.1,12626152,12630742,4590
3036,NW_022145611.1,13102689,13105187,2498
3037,NW_022145611.1,13356234,13357940,1706
3038,NW_022145611.1,13390008,13390993,985
3039,NW_022145611.1,13437305,13442571,5266
3040,NW_022145611.1,13470241,13472534,2293
3041,NW_022145611.1,13726929,13728403,1474
3042,NW_022145611.1,14626852,14627676,824
3043,NW_022145611.1,15211859,15214893,3034
3044,NW_022145611.1,15264988,15269097,4109
3045,NW_022145611.1,15575754,15576291,537
3046,NW_022145611.1,16187775,16190625,2850
3047,NW_022145611.1,16195461,16196367,906
3048,NW_022145611.1,16238025,16239673,1648
3049,NW_022145611.1,16365464,16366176,712
3050,NW_022145611.1,16564462,16566908,2446
3051,NW_022145611.1,16708072,16713686,5614
3052,NW_022145611.1,18100186,18107411,7225
3053,NW_022145611.1,18132089,18133516,1427
3054,NW_022145611.1,18139606,18142731,3125
3055,NW_022145611.1,18384439,18384474,35
3056,NW_022145611.1,18484886,18511632,26746
3057,NW_022145611.1,18516729,18517214,485
3058,NW_022145611.1,18746909,18748255,1346
3059,NW_022145611.1,18959976,18962355,2379
3060,NW_022145611.1,19264921,19269856,4935
3061,NW_022145611.1,19635263,19637564,2301
3062,NW_022145611.1,20314945,20316274,1329
3063,NW_022145611.1,20490361,20491355,994
3064,NW_022145611.1,20563030,20563245,215
3065,NW_022145611.1,20690305,20693361,3056
3066,NW_022145611.1,21004283,21006314,2031
3067,NW_022145611.1,21606118,21611810,5692
3068,NW_022145611.1,22451911,22455927,4016
3069,NW_022145611.1,23076485,23080367,3882
3070,NW_022145611.1,24293317,24293633,316
3071,NW_022145611.1,24566019,24567772,1753
3072,NW_022145611.1,24569853,24571303,1450
3073,NW_022145611.1,25172473,25173427,954
3074,NW_022145611.1,25524568,25525100,532
3075,NW_022145611.1,26084477,26087944,3467
3076,NW_022145611.1,26838356,26840860,2504
3077,NW_022145611.1,27311211,27312788,1577
3078,NW_022145611.1,27435843,27437449,1606
3079,NW_022145611.1,27536390,27537764,1374
3080,NW_022145611.1,27541636,27542985,1349
3081,NW_022145611.1,27571963,27591390,19427
3082,NW_022145611.1,27613418,27616073,2655
3083,NW_022145611.1,28080977,28117510,36533
3084,NW_022145611.1,28423588,28427133,3545
3085,NW_022145611.1,29175077,29176933,1856
3086,NW_022145611.1,29639933,29640382,449
3087,NW_022145611.1,29899002,29899237,235
3088,NW_022145611.1,30133214,30134055,841
3089,NW_022145611.1,30456542,30458585,2043
3090,NW_022145611.1,30780201,30780334,133
3091,NW_022145611.1,30992166,30993456,1290
3092,NW_022145611.1,31752424,31758214,5790
3093,NW_022145611.1,32212470,32212573,103
3094,NW_022145611.1,32232525,32235746,3221
3095,NW_022145611.1,32294147,32298160,4013
3096,NW_022145611.1,32621442,32660924,39482
3097,NW_022145611.1,33321691,33322037,346
3098,NW_022145611.1,33342325,33342351,26
3099,NW_022145611.1,33575076,33576970,1894
3100,NW_022145611.1,33886087,33888098,2011
3101,NW_022145611.1,34018259,34018990,731
3102,NW_022145611.1,34169193,34169194,1
3103,NW_022145611.1,34350775,34360751,9976
3104,NW_022145611.1,34508908,34511122,2214
3105,NW_022145611.1,34572494,34573174,680
3106,NW_022145611.1,35652682,35658334,5652
3107,NW_022145611.1,36024741,36030871,6130
3108,NW_022145611.1,36034901,36035611,710
3109,NW_022145611.1,36102961,36103581,620
3110,NW_022145611.1,36584803,36589664,4861
3111,NW_022145611.1,36814797,36817131,2334
3112,NW_022145611.1,37960150,37960154,4
3113,NW_022145611.1,38007375,38056746,49371
3114,NW_022145611.1,38065568,38071232,5664
3115,NW_022145611.1,38884532,38889833,5301
3116,NW_022145611.1,39535425,39537670,2245
3117,NW_022145611.1,39538991,39543053,4062
3118,NW_022145611.1,41711958,41711960,2
3119,NW_022145611.1,41712953,41716953,4000
3120,NW_022145611.1,42477380,42483377,5997
3121,NW_022145611.1,42485450,42490952,5502
3122,NW_022145611.1,42513682,42539745,26063
3123,NW_022145611.1,42762919,42764094,1175
3124,NW_022145611.1,42785793,42787134,1341
3125,NW_022145611.1,43789717,43789790,73
3126,NW_022145611.1,44572715,44574292,1577
3127,NW_022145611.1,44711752,44711953,201
3128,NW_022145612.1,52495,54358,1863
3129,NW_022145612.1,396344,396346,2
3130,NW_022145612.1,887903,888631,728
3131,NW_022145612.1,1780336,1780513,177
3132,NW_022145612.1,1787139,1794715,7576
3133,NW_022145612.1,2752254,2752895,641
3134,NW_022145612.1,3013123,3013672,549
3135,NW_022145612.1,3502905,3505666,2761
3136,NW_022145612.1,3706107,3707235,1128
3137,NW_022145612.1,3747583,3747588,5
3138,NW_022145612.1,3874884,3881174,6290
3139,NW_022145612.1,4174014,4177205,3191
3140,NW_022145612.1,4498205,4502714,4509
3141,NW_022145612.1,4947103,4947363,260
3142,NW_022145612.1,5040174,5040233,59
3143,NW_022145612.1,5112986,5117826,4840
3144,NW_022145612.1,5592025,5592866,841
3145,NW_022145612.1,5734344,5734387,43
3146,NW_022145612.1,5867314,5867613,299
3147,NW_022145612.1,6058292,6058511,219
3148,NW_022145612.1,6280485,6284024,3539
3149,NW_022145612.1,6330186,6335403,5217
3150,NW_022145612.1,6934980,6944309,9329
3151,NW_022145612.1,6956394,6966285,9891
3152,NW_022145612.1,6970080,6970464,384
3153,NW_022145612.1,7260895,7262573,1678
3154,NW_022145612.1,7657706,7658190,484
3155,NW_022145612.1,8791801,8793995,2194
3156,NW_022145612.1,8891730,8895693,3963
3157,NW_022145612.1,8988858,8992209,3351
3158,NW_022145612.1,9298075,9303415,5340
3159,NW_022145612.1,9315406,9317788,2382
3160,NW_022145612.1,9629882,9657608,27726
3161,NW_022145612.1,9661756,9671282,9526
3162,NW_022145612.1,9674672,9728496,53824
3163,NW_022145612.1,9756745,9756983,238
3164,NW_022145612.1,9993519,9993622,103
3165,NW_022145612.1,9993796,9997694,3898
3166,NW_022145612.1,10116664,10118589,1925
3167,NW_022145612.1,10884110,10886369,2259
3168,NW_022145612.1,11170072,11172911,2839
3169,NW_022145612.1,11287885,11297537,9652
3170,NW_022145612.1,11654587,11655212,625
3171,NW_022145612.1,12001906,12002709,803
3172,NW_022145612.1,12363307,12365498,2191
3173,NW_022145612.1,13436845,13444051,7206
3174,NW_022145612.1,13477165,13479608,2443
3175,NW_022145612.1,13792742,13794985,2243
3176,NW_022145612.1,14159018,14162751,3733
3177,NW_022145612.1,14236638,14239059,2421
3178,NW_022145612.1,14461125,14467409,6284
3179,NW_022145612.1,14787180,14790493,3313
3180,NW_022145612.1,14788837,14790493,1656
3181,NW_022145612.1,15476454,15476590,136
3182,NW_022145612.1,15480025,15490022,9997
3183,NW_022145612.1,16277759,16279287,1528
3184,NW_022145612.1,16905884,16905972,88
3185,NW_022145612.1,17090128,17106026,15898
3186,NW_022145612.1,17111834,17121678,9844
3187,NW_022145612.1,17157989,17160626,2637
3188,NW_022145612.1,17400467,17409458,8991
3189,NW_022145612.1,17551695,17554926,3231
3190,NW_022145612.1,17554944,17556635,1691
3191,NW_022145612.1,17657310,17658257,947
3192,NW_022145612.1,17790583,17794729,4146
3193,NW_022145612.1,18086323,18090657,4334
3194,NW_022145612.1,18648072,18654387,6315
3195,NW_022145612.1,18944028,18944903,875
3196,NW_022145612.1,19025311,19025320,9
3197,NW_022145612.1,19035793,19036177,384
3198,NW_022145612.1,19038001,19039146,1145
3199,NW_022145612.1,19050204,19051201,997
3200,NW_022145612.1,19068932,19070328,1396
3201,NW_022145612.1,19261656,19267587,5931
3202,NW_022145612.1,19608048,19609084,1036
3203,NW_022145612.1,20260036,20260708,672
3204,NW_022145612.1,20319863,20323625,3762
3205,NW_022145612.1,20396285,20400732,4447
3206,NW_022145612.1,20534731,20535161,430
3207,NW_022145612.1,20610487,20614116,3629
3208,NW_022145612.1,20684624,20690222,5598
3209,NW_022145612.1,20690523,20695609,5086
3210,NW_022145612.1,21254874,21254923,49
3211,NW_022145612.1,21634890,21637341,2451
3212,NW_022145612.1,21764265,21768527,4262
3213,NW_022145612.1,21768853,21771327,2474
3214,NW_022145612.1,21831116,21832788,1672
3215,NW_022145612.1,21838886,21839002,116
3216,NW_022145612.1,22086112,22086322,210
3217,NW_022145612.1,22434465,22435717,1252
3218,NW_022145612.1,22602681,22610615,7934
3219,NW_022145612.1,23281586,23282055,469
3220,NW_022145612.1,23527501,23529998,2497
3221,NW_022145612.1,23948030,23949137,1107
3222,NW_022145612.1,24499561,24501784,2223
3223,NW_022145612.1,24572282,24573190,908
3224,NW_022145612.1,24782916,24788179,5263
3225,NW_022145612.1,24790177,24790988,811
3226,NW_022145612.1,24797684,24799850,2166
3227,NW_022145612.1,24870627,24872634,2007
3228,NW_022145612.1,24875462,24877010,1548
3229,NW_022145612.1,25196263,25199811,3548
3230,NW_022145612.1,25242663,25242760,97
3231,NW_022145612.1,25895371,25895467,96
3232,NW_022145612.1,26086869,26090278,3409
3233,NW_022145612.1,26538399,26538417,18
3234,NW_022145612.1,26999783,27001789,2006
3235,NW_022145612.1,27137993,27142532,4539
3236,NW_022145612.1,27411241,27418980,7739
3237,NW_022145612.1,28423350,28423827,477
3238,NW_022145612.1,28418252,28421103,2851
3239,NW_022145612.1,28541873,28542820,947
3240,NW_022145612.1,28824874,28824927,53
3241,NW_022145612.1,29008401,29012413,4012
3242,NW_022145612.1,29042281,29043110,829
3243,NW_022145612.1,29179923,29181159,1236
3244,NW_022145612.1,29396196,29399674,3478
3245,NW_022145612.1,29415353,29418579,3226
3246,NW_022145612.1,29460433,29464081,3648
3247,NW_022145612.1,29812417,29812984,567
3248,NW_022145612.1,29847101,29848899,1798
3249,NW_022145612.1,29947881,29948589,708
3250,NW_022145612.1,30242747,30243400,653
3251,NW_022145612.1,30262536,30266652,4116
3252,NW_022145612.1,30547983,30550686,2703
3253,NW_022145612.1,30604303,30604466,163
3254,NW_022145612.1,31016798,31060745,43947
3255,NW_022145612.1,31294101,31337464,43363
3256,NW_022145612.1,31380057,31382744,2687
3257,NW_022145612.1,31640517,31644270,3753
3258,NW_022145612.1,31895326,31897465,2139
3259,NW_022145612.1,31925446,31926721,1275
3260,NW_022145612.1,31933463,31960741,27278
3261,NW_022145612.1,31977479,31977482,3
3262,NW_022145612.1,32223150,32223176,26
3263,NW_022145612.1,32897272,32898429,1157
3264,NW_022145612.1,32946326,32949094,2768
3265,NW_022145612.1,32971338,32971683,345
3266,NW_022145612.1,33039517,33042358,2841
3267,NW_022145612.1,33193930,33199815,5885
3268,NW_022145612.1,33535765,33538199,2434
3269,NW_022145612.1,33718910,33721512,2602
3270,NW_022145612.1,33812685,33814311,1626
3271,NW_022145612.1,35206610,35208607,1997
3272,NW_022145612.1,35396956,35399548,2592
3273,NW_022145612.1,35559698,35565362,5664
3274,NW_022145612.1,35583000,35583664,664
3275,NW_022145612.1,36063327,36063675,348
3276,NW_022145612.1,36085057,36090016,4959
3277,NW_022145612.1,36178872,36181768,2896
3278,NW_022145612.1,36185712,36190930,5218
3279,NW_022145612.1,36315323,36315787,464
3280,NW_022145612.1,36394648,36404145,9497
3281,NW_022145612.1,36774113,36774119,6
3282,NW_022145612.1,36940104,36941124,1020
3283,NW_022145612.1,36977277,36978391,1114
3284,NW_022145612.1,37056429,37058426,1997
3285,NW_022145612.1,38529983,38532196,2213
3286,NW_022145612.1,38568693,38569295,602
3287,NW_022145612.1,39409122,39409326,204
3288,NW_022145612.1,39806127,39810823,4696
3289,NW_022145612.1,39825392,39835101,9709
3290,NW_022145612.1,39848318,39852282,3964
3291,NW_022145612.1,40044963,40050599,5636
3292,NW_022145612.1,40055289,40055336,47
3293,NW_022145612.1,40158544,40160572,2028
3294,NW_022145612.1,40483185,40488170,4985
3295,NW_022145612.1,40588220,40590239,2019
3296,NW_022145612.1,41199221,41199354,133
3297,NW_022145612.1,41286956,41287066,110
3298,NW_022145612.1,41630667,41658527,27860
3299,NW_022145612.1,41677225,41689654,12429
3300,NW_022145612.1,41772673,41774860,2187
3301,NW_022145612.1,41778847,41779007,160
3302,NW_022145612.1,41794338,41794587,249
3303,NW_022145612.1,41827412,41831460,4048
3304,NW_022145612.1,41837365,41838936,1571
3305,NW_022145612.1,41845677,41853069,7392
3306,NW_022145612.1,41855078,41856491,1413
3307,NW_022145612.1,41871898,41873273,1375
3308,NW_022145612.1,42045164,42046245,1081
3309,NW_022145612.1,42152550,42154165,1615
3310,NW_022145612.1,42356665,42357539,874
3311,NW_022145612.1,42375513,42375655,142
3312,NW_022145612.1,42440980,42441996,1016
3313,NW_022145612.1,42612452,42633367,20915
3314,NW_022145612.1,42635918,42642213,6295
3315,NW_022145612.1,43106654,43111489,4835
3316,NW_022145612.1,43794885,43798798,3913
3317,NW_022145612.1,43919169,43926055,6886
3318,NW_022145612.1,44326282,44326745,463
3319,NW_022145612.1,45289972,45293617,3645
3320,NW_022145612.1,45313486,45315436,1950
3321,NW_022145612.1,45316792,45319816,3024
3322,NW_022145612.1,45435150,45443319,8169
3323,NW_022145612.1,45780865,45782510,1645
3324,NW_022145612.1,45941465,45942883,1418
3325,NW_022145612.1,46129238,46130366,1128
3326,NW_022145612.1,46137457,46141997,4540
3327,NW_022145612.1,46156910,46222979,66069
3328,NW_022145612.1,47127882,47128477,595
3329,NW_022145612.1,47257764,47262887,5123
3330,NW_022145612.1,47682342,47683986,1644
3331,NW_022145612.1,47839845,47842012,2167
3332,NW_022145612.1,47849685,47864779,15094
3333,NW_022145612.1,48646954,48649054,2100
3334,NW_022145612.1,49081432,49082589,1157
3335,NW_022145612.1,49581870,49582874,1004
3336,NW_022145612.1,50115768,50117594,1826
3337,NW_022145612.1,50117696,50152841,35145
3338,NW_022145612.1,50348404,50349212,808
3339,NW_022145612.1,50384375,50390059,5684
3340,NW_022145612.1,50648436,50651866,3430
3341,NW_022145612.1,50797893,50803970,6077
3342,NW_022145612.1,50804111,50805133,1022
3343,NW_022145612.1,50919492,50928595,9103
3344,NW_022145612.1,50923425,50934705,11280
3345,NW_022145612.1,51058049,51058054,5
3346,NW_022145612.1,51197648,51197649,1
3347,NW_022145612.1,51204816,51225365,20549
3348,NW_022145612.1,51209040,51233485,24445
3349,NW_022145612.1,51233486,51237150,3664
3350,NW_022145612.1,51497248,51497251,3
3351,NW_022145612.1,51659080,51663493,4413
3352,NW_022145612.1,51674057,51676136,2079
3353,NW_022145612.1,51684365,51684383,18
3354,NW_022145612.1,51836206,51842494,6288
3355,NW_022145612.1,52020315,52025065,4750
3356,NW_022145612.1,52162933,52165836,2903
3357,NW_022145612.1,52166057,52168959,2902
3358,NW_022145612.1,53525313,53525938,625
3359,NW_022145612.1,53829618,53833400,3782
3360,NW_022145612.1,54031352,54045569,14217
3361,NW_022145612.1,54055429,54084540,29111
3362,NW_022145612.1,54297812,54298186,374
3363,NW_022145612.1,55000625,55003312,2687
3364,NW_022145612.1,55053230,55054735,1505
3365,NW_022145612.1,55126526,55128124,1598
3366,NW_022145612.1,55746893,55751122,4229
3367,NW_022145612.1,55763814,55763953,139
3368,NW_022145612.1,55772317,55772658,341
3369,NW_022145612.1,55784145,55784910,765
3370,NW_022145612.1,55794450,55795393,943
3371,NW_022145612.1,56068525,56087429,18904
3372,NW_022145612.1,56094202,56106361,12159
3373,NW_022145612.1,56151626,56151628,2
3374,NW_022145612.1,56405512,56405513,1
3375,NW_022145612.1,56469536,56471078,1542
3376,NW_022145612.1,58851525,58891359,39834
3377,NW_022145612.1,59104425,59106253,1828
3378,NW_022145612.1,59283693,59283854,161
3379,NW_022145612.1,59990535,59992402,1867
3380,NW_022145612.1,60042271,60064964,22693
3381,NW_022145612.1,60264445,60267252,2807
3382,NW_022145612.1,60974386,60974433,47
3383,NW_022145613.1,56027,59373,3346
3384,NW_022145613.1,270848,272188,1340
3385,NW_022145613.1,576477,577693,1216
3386,NW_022145613.1,1420926,1420936,10
3387,NW_022145613.1,1440591,1440710,119
3388,NW_022145613.1,1490512,1491237,725
3389,NW_022145613.1,1510397,1537717,27320
3390,NW_022145613.1,2312131,2312133,2
3391,NW_022145613.1,2670957,2675288,4331
3392,NW_022145613.1,2894710,2894776,66
3393,NW_022145613.1,3585051,3590503,5452
3394,NW_022145613.1,3709855,3711737,1882
3395,NW_022145613.1,3712071,3712908,837
3396,NW_022145613.1,3721615,3757249,35634
3397,NW_022145613.1,3806875,3808764,1889
3398,NW_022145613.1,3809645,3811153,1508
3399,NW_022145613.1,3834244,3834863,619
3400,NW_022145613.1,3844187,3844303,116
3401,NW_022145613.1,4106588,4108646,2058
3402,NW_022145613.1,4178237,4178240,3
3403,NW_022145613.1,5432585,5434988,2403
3404,NW_022145613.1,5605303,5606454,1151
3405,NW_022145613.1,5982001,5982834,833
3406,NW_022145613.1,5977857,5979661,1804
3407,NW_022145613.1,6048126,6048132,6
3408,NW_022145613.1,6222040,6223559,1519
3409,NW_022145613.1,6288339,6289545,1206
3410,NW_022145613.1,6391219,6394975,3756
3411,NW_022145613.1,6412483,6421499,9016
3412,NW_022145613.1,6424827,6425260,433
3413,NW_022145613.1,6429516,6434880,5364
3414,NW_022145613.1,6438795,6439909,1114
3415,NW_022145613.1,6486720,6486858,138
3416,NW_022145613.1,6675561,6698695,23134
3417,NW_022145613.1,6789947,6790468,521
3418,NW_022145613.1,6900543,6903049,2506
3419,NW_022145613.1,6975322,6978136,2814
3420,NW_022145613.1,7070208,7070525,317
3421,NW_022145613.1,7074143,7074960,817
3422,NW_022145613.1,7193506,7196128,2622
3423,NW_022145613.1,7561950,7562485,535
3424,NW_022145613.1,7609508,7612433,2925
3425,NW_022145613.1,8084491,8084533,42
3426,NW_022145613.1,8349022,8351268,2246
3427,NW_022145613.1,8545053,8545138,85
3428,NW_022145613.1,9219455,9223453,3998
3429,NW_022145613.1,9373224,9376664,3440
3430,NW_022145613.1,9494078,9494992,914
3431,NW_022145613.1,9529482,9529634,152
3432,NW_022145613.1,9586154,9588778,2624
3433,NW_022145613.1,10129067,10130046,979
3434,NW_022145613.1,10481973,10482690,717
3435,NW_022145613.1,10619027,10619029,2
3436,NW_022145613.1,10780286,10783207,2921
3437,NW_022145613.1,10784858,10785451,593
3438,NW_022145613.1,10795457,10797180,1723
3439,NW_022145613.1,11550754,11554344,3590
3440,NW_022145613.1,11640186,11642606,2420
3441,NW_022145613.1,11677729,11683049,5320
3442,NW_022145613.1,11691132,11692748,1616
3443,NW_022145613.1,11751081,11751580,499
3444,NW_022145613.1,11751794,11754198,2404
3445,NW_022145613.1,11854266,11858352,4086
3446,NW_022145613.1,11865192,11868220,3028
3447,NW_022145613.1,12138695,12141059,2364
3448,NW_022145613.1,12232587,12238104,5517
3449,NW_022145613.1,12396727,12400188,3461
3450,NW_022145613.1,12879176,12905523,26347
3451,NW_022145613.1,12907806,12939097,31291
3452,NW_022145613.1,12945217,12981553,36336
3453,NW_022145613.1,12985479,13013710,28231
3454,NW_022145613.1,12891231,12897457,6226
3455,NW_022145613.1,12903745,12909157,5412
3456,NW_022145613.1,13380936,13385604,4668
3457,NW_022145613.1,13585092,13593229,8137
3458,NW_022145613.1,13604593,13606635,2042
3459,NW_022145613.1,13849768,13854676,4908
3460,NW_022145613.1,14384343,14386390,2047
3461,NW_022145613.1,14660977,14660981,4
3462,NW_022145613.1,14811800,14813827,2027
3463,NW_022145613.1,15287870,15289015,1145
3464,NW_022145613.1,15595886,15600520,4634
3465,NW_022145613.1,15596643,15601516,4873
3466,NW_022145613.1,15605073,15613155,8082
3467,NW_022145613.1,15940854,15943163,2309
3468,NW_022145613.1,15966759,15969412,2653
3469,NW_022145613.1,15970356,15970627,271
3470,NW_022145613.1,16011273,16014704,3431
3471,NW_022145613.1,16334703,16335113,410
3472,NW_022145613.1,16467160,16468237,1077
3473,NW_022145613.1,16544756,16546060,1304
3474,NW_022145613.1,16576302,16576983,681
3475,NW_022145613.1,16640079,16643686,3607
3476,NW_022145613.1,16818020,16819073,1053
3477,NW_022145613.1,17013871,17015118,1247
3478,NW_022145613.1,17092875,17095702,2827
3479,NW_022145613.1,17096365,17096909,544
3480,NW_022145613.1,17126104,17129099,2995
3481,NW_022145613.1,17129142,17132419,3277
3482,NW_022145613.1,17153488,17159261,5773
3483,NW_022145613.1,17575378,17579111,3733
3484,NW_022145613.1,17749790,17751699,1909
3485,NW_022145613.1,17914500,17917670,3170
3486,NW_022145613.1,18150550,18160135,9585
3487,NW_022145613.1,18498370,18499945,1575
3488,NW_022145613.1,18613975,18614035,60
3489,NW_022145613.1,18647518,18650026,2508
3490,NW_022145613.1,18972650,18976821,4171
3491,NW_022145613.1,19609744,19618304,8560
3492,NW_022145613.1,19781046,19781236,190
3493,NW_022145613.1,19790518,19790519,1
3494,NW_022145613.1,20208038,20209770,1732
3495,NW_022145613.1,20236817,20239615,2798
3496,NW_022145613.1,20600540,20608116,7576
3497,NW_022145613.1,20739744,20740413,669
3498,NW_022145613.1,20776422,20785868,9446
3499,NW_022145613.1,21067193,21068396,1203
3500,NW_022145613.1,21147325,21149559,2234
3501,NW_022145613.1,21232463,21237091,4628
3502,NW_022145613.1,21588314,21597641,9327
3503,NW_022145613.1,21973641,21976158,2517
3504,NW_022145613.1,22224174,22224838,664
3505,NW_022145613.1,22409882,22411039,1157
3506,NW_022145613.1,22621461,22674843,53382
3507,NW_022145613.1,23072172,23072173,1
3508,NW_022145613.1,23563838,23565513,1675
3509,NW_022145613.1,23572006,23587319,15313
3510,NW_022145613.1,23677290,23679922,2632
3511,NW_022145613.1,23851060,23853361,2301
3512,NW_022145613.1,24157266,24161738,4472
3513,NW_022145613.1,24373707,24379205,5498
3514,NW_022145613.1,24502478,24503531,1053
3515,NW_022145613.1,24910110,24910137,27
3516,NW_022145613.1,25324748,25325831,1083
3517,NW_022145613.1,25333913,25335550,1637
3518,NW_022145613.1,25375212,25375629,417
3519,NW_022145613.1,25379535,25384950,5415
3520,NW_022145613.1,25536188,25554535,18347
3521,NW_022145613.1,25580265,25581955,1690
3522,NW_022145613.1,25585796,25587265,1469
3523,NW_022145613.1,25733665,25737253,3588
3524,NW_022145613.1,25868759,25871040,2281
3525,NW_022145613.1,26459762,26463619,3857
3526,NW_022145613.1,26949045,26950526,1481
3527,NW_022145613.1,26955420,26956869,1449
3528,NW_022145613.1,27000275,27002599,2324
3529,NW_022145613.1,27003979,27008991,5012
3530,NW_022145613.1,27010454,27014448,3994
3531,NW_022145613.1,27157316,27160099,2783
3532,NW_022145613.1,27188436,27190543,2107
3533,NW_022145613.1,27409032,27412063,3031
3534,NW_022145613.1,27496729,27501954,5225
3535,NW_022145613.1,27696157,27711055,14898
3536,NW_022145613.1,28007551,28014033,6482
3537,NW_022145613.1,28117366,28122556,5190
3538,NW_022145613.1,28297112,28297123,11
3539,NW_022145613.1,28704963,28706397,1434
3540,NW_022145613.1,29053688,29056746,3058
3541,NW_022145613.1,29168928,29172123,3195
3542,NW_022145613.1,29234284,29234953,669
3543,NW_022145613.1,29610546,29610744,198
3544,NW_022145613.1,29617542,29669216,51674
3545,NW_022145613.1,29962889,29981395,18506
3546,NW_022145613.1,30003376,30078985,75609
3547,NW_022145613.1,30499524,30500680,1156
3548,NW_022145613.1,30501297,30505803,4506
3549,NW_022145613.1,30784012,30784120,108
3550,NW_022145613.1,30992157,30993900,1743
3551,NW_022145613.1,31420757,31423067,2310
3552,NW_022145613.1,31493400,31499125,5725
3553,NW_022145613.1,31702840,31756913,54073
3554,NW_022145613.1,32048141,32051482,3341
3555,NW_022145613.1,32053563,32060753,7190
3556,NW_022145613.1,32099412,32101154,1742
3557,NW_022145613.1,32101155,32103254,2099
3558,NW_022145613.1,32233362,32237395,4033
3559,NW_022145613.1,32350098,32351643,1545
3560,NW_022145613.1,32806478,32809365,2887
3561,NW_022145613.1,32809751,32810356,605
3562,NW_022145613.1,32992486,32992779,293
3563,NW_022145613.1,33099023,33103265,4242
3564,NW_022145613.1,33103910,33109725,5815
3565,NW_022145613.1,33253081,33312905,59824
3566,NW_022145613.1,33353006,33353106,100
3567,NW_022145613.1,34499195,34507506,8311
3568,NW_022145613.1,34673563,34674213,650
3569,NW_022145613.1,35224767,35231112,6345
3570,NW_022145613.1,35311837,35314154,2317
3571,NW_022145613.1,35345162,35348361,3199
3572,NW_022145613.1,35677978,35678910,932
3573,NW_022145613.1,35870610,35872474,1864
3574,NW_022145613.1,36081101,36081444,343
3575,NW_022145613.1,36096033,36096289,256
3576,NW_022145613.1,36429174,36430421,1247
3577,NW_022145613.1,36465044,36465970,926
3578,NW_022145613.1,36581146,36583280,2134
3579,NW_022145613.1,36629831,36631392,1561
3580,NW_022145613.1,37378743,37382507,3764
3581,NW_022145613.1,37897706,37901958,4252
3582,NW_022145613.1,38235255,38239566,4311
3583,NW_022145613.1,39055979,39057933,1954
3584,NW_022145613.1,39195169,39201628,6459
3585,NW_022145613.1,39203709,39230025,26316
3586,NW_022145613.1,39257833,39266235,8402
3587,NW_022145614.1,535276,537745,2469
3588,NW_022145614.1,613738,615476,1738
3589,NW_022145614.1,1166402,1167562,1160
3590,NW_022145614.1,1469335,1470361,1026
3591,NW_022145614.1,2019524,2019665,141
3592,NW_022145614.1,2369879,2376346,6467
3593,NW_022145614.1,2734645,2737114,2469
3594,NW_022145614.1,2866071,2868028,1957
3595,NW_022145614.1,2938756,2938794,38
3596,NW_022145614.1,2952986,2953477,491
3597,NW_022145614.1,3053244,3058224,4980
3598,NW_022145614.1,3181600,3186959,5359
3599,NW_022145614.1,3739758,3739793,35
3600,NW_022145614.1,4162318,4164717,2399
3601,NW_022145614.1,4310142,4313073,2931
3602,NW_022145614.1,4586278,4586961,683
3603,NW_022145614.1,4600017,4601454,1437
3604,NW_022145614.1,4743877,4753641,9764
3605,NW_022145614.1,4744411,4746050,1639
3606,NW_022145614.1,5035160,5036496,1336
3607,NW_022145614.1,5171971,5172049,78
3608,NW_022145614.1,5701997,5702006,9
3609,NW_022145614.1,5718234,5718343,109
3610,NW_022145614.1,5723334,5725892,2558
3611,NW_022145614.1,6238710,6238763,53
3612,NW_022145614.1,6570149,6617158,47009
3613,NW_022145614.1,6825048,6825801,753
3614,NW_022145614.1,6842743,6844568,1825
3615,NW_022145614.1,6906718,6908506,1788
3616,NW_022145614.1,7000016,7002454,2438
3617,NW_022145614.1,7055968,7121361,65393
3618,NW_022145614.1,7126869,7132341,5472
3619,NW_022145614.1,7441021,7446303,5282
3620,NW_022145614.1,7441764,7446303,4539
3621,NW_022145614.1,7991806,7993872,2066
3622,NW_022145614.1,8340805,8342054,1249
3623,NW_022145614.1,8358424,8362291,3867
3624,NW_022145614.1,8376246,8377429,1183
3625,NW_022145614.1,8462324,8464662,2338
3626,NW_022145614.1,8473487,8475888,2401
3627,NW_022145614.1,8479894,8480539,645
3628,NW_022145614.1,8917931,8918025,94
3629,NW_022145614.1,9077729,9080664,2935
3630,NW_022145614.1,9102420,9105738,3318
3631,NW_022145614.1,9217173,9217734,561
3632,NW_022145614.1,10894593,10897902,3309
3633,NW_022145614.1,10965825,10967927,2102
3634,NW_022145614.1,10971139,10971149,10
3635,NW_022145614.1,11237352,11237413,61
3636,NW_022145614.1,11726378,11728687,2309
3637,NW_022145614.1,11928913,11950689,21776
3638,NW_022145614.1,12264313,12264334,21
3639,NW_022145614.1,12370219,12376173,5954
3640,NW_022145614.1,12455030,12458227,3197
3641,NW_022145614.1,12618151,12626465,8314
3642,NW_022145614.1,12903346,12905601,2255
3643,NW_022145614.1,12948992,12955110,6118
3644,NW_022145614.1,12979460,13027318,47858
3645,NW_022145614.1,13069856,13074022,4166
3646,NW_022145614.1,13723946,13727978,4032
3647,NW_022145614.1,14075162,14080877,5715
3648,NW_022145614.1,14089918,14124238,34320
3649,NW_022145614.1,14242784,14247860,5076
3650,NW_022145614.1,14588919,14588931,12
3651,NW_022145614.1,14863457,14864499,1042
3652,NW_022145614.1,15315397,15319041,3644
3653,NW_022145614.1,15346203,15346513,310
3654,NW_022145614.1,15461375,15466506,5131
3655,NW_022145614.1,15718569,15720749,2180
3656,NW_022145614.1,15846386,15848177,1791
3657,NW_022145614.1,16077516,16079239,1723
3658,NW_022145614.1,16337938,16340302,2364
3659,NW_022145614.1,16511526,16512615,1089
3660,NW_022145614.1,16928965,16937828,8863
3661,NW_022145614.1,16949257,16968091,18834
3662,NW_022145614.1,17606630,17644026,37396
3663,NW_022145614.1,17646754,17646800,46
3664,NW_022145614.1,17650881,17661221,10340
3665,NW_022145614.1,17665650,17665673,23
3666,NW_022145614.1,17670934,17690334,19400
3667,NW_022145614.1,17702566,17708882,6316
3668,NW_022145614.1,17714211,17728050,13839
3669,NW_022145614.1,17742175,17751342,9167
3670,NW_022145614.1,17944209,17949052,4843
3671,NW_022145614.1,18162461,18163008,547
3672,NW_022145614.1,18179708,18232425,52717
3673,NW_022145614.1,18571018,18571918,900
3674,NW_022145614.1,18571073,18571717,644
3675,NW_022145614.1,18645518,18649369,3851
3676,NW_022145614.1,18666005,18668753,2748
3677,NW_022145614.1,18675170,18685937,10767
3678,NW_022145614.1,18697458,18702063,4605
3679,NW_022145614.1,18959659,18960928,1269
3680,NW_022145614.1,18973295,18975812,2517
3681,NW_022145614.1,19147822,19147824,2
3682,NW_022145614.1,19183875,19185555,1680
3683,NW_022145614.1,19264941,19270545,5604
3684,NW_022145614.1,19398115,19411437,13322
3685,NW_022145614.1,19636724,19637208,484
3686,NW_022145614.1,19874572,19878452,3880
3687,NW_022145614.1,19892464,19894629,2165
3688,NW_022145614.1,19945782,19947628,1846
3689,NW_022145614.1,19955665,19960910,5245
3690,NW_022145614.1,20324465,20331442,6977
3691,NW_022145614.1,20602371,20605309,2938
3692,NW_022145614.1,20690567,20696231,5664
3693,NW_022145614.1,20897691,20899986,2295
3694,NW_022145614.1,20901144,20902089,945
3695,NW_022145614.1,20912019,20950989,38970
3696,NW_022145614.1,20982811,21014949,32138
3697,NW_022145614.1,21024550,21026677,2127
3698,NW_022145614.1,21044076,21050971,6895
3699,NW_022145614.1,21424568,21429309,4741
3700,NW_022145614.1,22140961,22141198,237
3701,NW_022145614.1,22890112,22892877,2765
3702,NW_022145614.1,23142320,23143447,1127
3703,NW_022145614.1,23596173,23599591,3418
3704,NW_022145614.1,24009088,24010141,1053
3705,NW_022145614.1,24011588,24020347,8759
3706,NW_022145614.1,24318816,24320579,1763
3707,NW_022145614.1,24591816,24592083,267
3708,NW_022145614.1,25477261,25479508,2247
3709,NW_022145614.1,25780131,25784290,4159
3710,NW_022145614.1,25926365,25927918,1553
3711,NW_022145614.1,25994577,25996925,2348
3712,NW_022145614.1,26080245,26080318,73
3713,NW_022145614.1,26092286,26093778,1492
3714,NW_022145614.1,26504322,26506236,1914
3715,NW_022145614.1,26683019,26685434,2415
3716,NW_022145614.1,26778865,26782054,3189
3717,NW_022145614.1,26799363,26801146,1783
3718,NW_022145614.1,26880627,26882818,2191
3719,NW_022145614.1,27277008,27278922,1914
3720,NW_022145614.1,27714526,27718247,3721
3721,NW_022145614.1,27975839,27976777,938
3722,NW_022145614.1,28186228,28188389,2161
3723,NW_022145614.1,28193151,28197443,4292
3724,NW_022145614.1,28422967,28426392,3425
3725,NW_022145614.1,28438525,28439890,1365
3726,NW_022145614.1,28541420,28544159,2739
3727,NW_022145614.1,28604624,28606670,2046
3728,NW_022145614.1,28686082,28690778,4696
3729,NW_022145614.1,28728636,28728938,302
3730,NW_022145614.1,29293872,29295717,1845
3731,NW_022145614.1,29307093,29313791,6698
3732,NW_022145614.1,29322466,29333023,10557
3733,NW_022145614.1,29347486,29350727,3241
3734,NW_022145614.1,29402824,29404920,2096
3735,NW_022145614.1,30020806,30024327,3521
3736,NW_022145614.1,30570217,30576144,5927
3737,NW_022145614.1,30764289,30769678,5389
3738,NW_022145614.1,30912160,30912944,784
3739,NW_022145614.1,30934171,30936486,2315
3740,NW_022145614.1,30960148,30962606,2458
3741,NW_022145614.1,30971747,30973668,1921
3742,NW_022145614.1,31286732,31288156,1424
3743,NW_022145614.1,31288468,31293193,4725
3744,NW_022145614.1,31593274,31601071,7797
3745,NW_022145614.1,31833284,31877410,44126
3746,NW_022145614.1,31893408,31898771,5363
3747,NW_022145614.1,32010319,32010481,162
3748,NW_022145614.1,32022238,32023581,1343
3749,NW_022145614.1,32388568,32390947,2379
3750,NW_022145614.1,33605626,33605864,238
3751,NW_022145615.1,793814,795266,1452
3752,NW_022145615.1,879202,883242,4040
3753,NW_022145615.1,1238331,1238899,568
3754,NW_022145615.1,1240813,1244505,3692
3755,NW_022145615.1,1550776,1552972,2196
3756,NW_022145615.1,1856713,1858667,1954
3757,NW_022145615.1,2193769,2195732,1963
3758,NW_022145615.1,2204256,2204368,112
3759,NW_022145615.1,2205373,2205451,78
3760,NW_022145615.1,2386425,2386446,21
3761,NW_022145615.1,2399785,2401172,1387
3762,NW_022145615.1,2402852,2403778,926
3763,NW_022145615.1,2860087,2860469,382
3764,NW_022145615.1,3177368,3193483,16115
3765,NW_022145615.1,3456312,3460099,3787
3766,NW_022145615.1,3755076,3755964,888
3767,NW_022145615.1,4227217,4228710,1493
3768,NW_022145615.1,4756606,4759701,3095
3769,NW_022145615.1,4759774,4776441,16667
3770,NW_022145615.1,5132237,5138237,6000
3771,NW_022145615.1,5274867,5275913,1046
3772,NW_022145615.1,6001542,6024864,23322
3773,NW_022145615.1,6282377,6290618,8241
3774,NW_022145615.1,6293764,6299030,5266
3775,NW_022145615.1,6314871,6325757,10886
3776,NW_022145615.1,6429618,6462189,32571
3777,NW_022145615.1,6475380,6522219,46839
3778,NW_022145615.1,6555798,6558352,2554
3779,NW_022145615.1,6558444,6558627,183
3780,NW_022145615.1,7078053,7081586,3533
3781,NW_022145615.1,7128231,7128902,671
3782,NW_022145615.1,7475828,7480436,4608
3783,NW_022145615.1,7671013,7671021,8
3784,NW_022145615.1,7691267,7692187,920
3785,NW_022145615.1,7728446,7730737,2291
3786,NW_022145615.1,7792336,7794484,2148
3787,NW_022145615.1,8174428,8176781,2353
3788,NW_022145615.1,8448780,8450139,1359
3789,NW_022145615.1,8949506,8949701,195
3790,NW_022145615.1,9005869,9009292,3423
3791,NW_022145615.1,9201718,9202746,1028
3792,NW_022145615.1,9352453,9355381,2928
3793,NW_022145615.1,9437114,9439947,2833
3794,NW_022145615.1,9525361,9535830,10469
3795,NW_022145615.1,9541459,9544908,3449
3796,NW_022145615.1,9549247,9562854,13607
3797,NW_022145615.1,9568663,9575664,7001
3798,NW_022145615.1,9656732,9663176,6444
3799,NW_022145615.1,9929567,9934284,4717
3800,NW_022145615.1,9935771,9938109,2338
3801,NW_022145615.1,10346238,10348551,2313
3802,NW_022145615.1,10398871,10401145,2274
3803,NW_022145615.1,10448805,10449610,805
3804,NW_022145615.1,10502533,10504338,1805
3805,NW_022145615.1,10535796,10536945,1149
3806,NW_022145615.1,10682515,10686653,4138
3807,NW_022145615.1,11202031,11202116,85
3808,NW_022145615.1,11205508,11208414,2906
3809,NW_022145615.1,11569463,11570792,1329
3810,NW_022145615.1,11964437,11965120,683
3811,NW_022145615.1,12038735,12041143,2408
3812,NW_022145615.1,12292016,12300245,8229
3813,NW_022145615.1,12456026,12456817,791
3814,NW_022145615.1,12869389,12872943,3554
3815,NW_022145615.1,14697452,14702268,4816
3816,NW_022145615.1,15000444,15002087,1643
3817,NW_022145615.1,15305734,15313857,8123
3818,NW_022145615.1,15365227,15367975,2748
3819,NW_022145615.1,15721900,15723896,1996
3820,NW_022145615.1,15905165,15907263,2098
3821,NW_022145615.1,16324308,16324867,559
3822,NW_022145615.1,16661868,16663972,2104
3823,NW_022145615.1,16966007,16970115,4108
3824,NW_022145615.1,17160163,17160299,136
3825,NW_022145615.1,17351015,17352531,1516
3826,NW_022145615.1,17631630,17638286,6656
3827,NW_022145615.1,17750927,17755737,4810
3828,NW_022145615.1,17955170,17955810,640
3829,NW_022145615.1,17953216,17965524,12308
3830,NW_022145615.1,18197823,18198731,908
3831,NW_022145615.1,18266606,18267852,1246
3832,NW_022145615.1,18286295,18291824,5529
3833,NW_022145615.1,18659874,18663161,3287
3834,NW_022145615.1,19115608,19117555,1947
3835,NW_022145615.1,19212027,19212122,95
3836,NW_022145615.1,19229476,19230800,1324
3837,NW_022145615.1,19230947,19237616,6669
3838,NW_022145615.1,19308647,19309106,459
3839,NW_022145615.1,19333236,19333673,437
3840,NW_022145615.1,19361223,19365102,3879
3841,NW_022145615.1,19460316,19460343,27
3842,NW_022145615.1,19501118,19516540,15422
3843,NW_022145615.1,19577154,19577253,99
3844,NW_022145615.1,19656217,19662828,6611
3845,NW_022145615.1,19794018,19798901,4883
3846,NW_022145615.1,20595290,20597896,2606
3847,NW_022145615.1,20629626,20637412,7786
3848,NW_022145615.1,20650751,20652242,1491
3849,NW_022145615.1,20664643,20670382,5739
3850,NW_022145615.1,21434464,21436062,1598
3851,NW_022145615.1,21462300,21468023,5723
3852,NW_022145615.1,21469731,21473980,4249
3853,NW_022145615.1,21744891,21747413,2522
3854,NW_022145615.1,21748176,21751052,2876
3855,NW_022145615.1,21900326,21903192,2866
3856,NW_022145615.1,23186510,23191929,5419
3857,NW_022145615.1,23303905,23305351,1446
3858,NW_022145615.1,23530151,23534192,4041
3859,NW_022145615.1,23537836,23540164,2328
3860,NW_022145615.1,24002390,24004228,1838
3861,NW_022145615.1,24212577,24215408,2831
3862,NW_022145615.1,24281259,24282807,1548
3863,NW_022145615.1,24562930,24564956,2026
3864,NW_022145615.1,25293388,25302771,9383
3865,NW_022145615.1,25536318,25542688,6370
3866,NW_022145615.1,25695941,25698720,2779
3867,NW_022145615.1,25732711,25736458,3747
3868,NW_022145615.1,25790269,25792366,2097
3869,NW_022145615.1,25792372,25794590,2218
3870,NW_022145615.1,26114655,26117258,2603
3871,NW_022145615.1,26459609,26459976,367
3872,NW_022145615.1,26482242,26484276,2034
3873,NW_022145615.1,26713600,26714148,548
3874,NW_022145615.1,26815595,26817690,2095
3875,NW_022145615.1,27101532,27114577,13045
3876,NW_022145615.1,27580130,27583169,3039
3877,NW_022145615.1,27606841,27609693,2852
3878,NW_022145615.1,27841049,27843839,2790
3879,NW_022145615.1,27849228,27851922,2694
3880,NW_022145615.1,27891878,27892778,900
3881,NW_022145615.1,28220575,28224609,4034
3882,NW_022145615.1,28848725,28849398,673
3883,NW_022145615.1,28851497,28851698,201
3884,NW_022145615.1,28938056,28954132,16076
3885,NW_022145615.1,28980109,28980712,603
3886,NW_022145615.1,29049193,29050483,1290
3887,NW_022145615.1,29050567,29054577,4010
3888,NW_022145615.1,29380602,29382351,1749
3889,NW_022145615.1,29706487,29707927,1440
3890,NW_022145615.1,30346308,30351332,5024
3891,NW_022145615.1,30451748,30457958,6210
3892,NW_022145615.1,30680841,30732719,51878
3893,NW_022145615.1,30732720,30747991,15271
3894,NW_022145615.1,30769344,30783656,14312
3895,NW_022145615.1,30873203,30876740,3537
3896,NW_022145615.1,31031005,31031733,728
3897,NW_022145615.1,31258862,31259927,1065
3898,NW_022145615.1,31456798,31458825,2027
3899,NW_022145615.1,32152622,32152649,27
3900,NW_022145615.1,32584183,32585615,1432
3901,NW_022145615.1,32821243,32825474,4231
3902,NW_022145615.1,33518461,33520908,2447
3903,NW_022145615.1,34032124,34033757,1633
3904,NW_022145615.1,34217295,34220214,2919
3905,NW_022145615.1,34224938,34225084,146
3906,NW_022145615.1,34446857,34450238,3381
3907,NW_022145615.1,35109075,35112512,3437
3908,NW_022144974.1,5685,9546,3861
3909,NW_022145247.1,210,1480,1270
