first.seqnames	first.start	first.end	first.width	first.strand	second.seqnames	second.start	second.end	second.width	second.strand
Scaffold0	66444	66493	50	*	Scaffold1150	336735	336784	50	*
Scaffold10	2792	2869	78	*	Scaffold1224	406308	406385	78	*
Scaffold10	8733	8796	64	*	Scaffold1224	412338	412401	64	*
Scaffold10	9955	10021	67	*	Scaffold1224	413007	413073	67	*
Scaffold10	4629	4678	50	*	Scaffold1224	408208	408257	50	*
Scaffold10	16428	16492	65	*	Scaffold26	202880	202944	65	*
Scaffold10	34754	34817	64	*	Scaffold26	222693	222756	64	*
Scaffold10	41461	41512	52	*	Scaffold26	227312	227363	52	*
Scaffold10	16692	16752	61	*	Scaffold26	203143	203203	61	*
Scaffold10	8733	8796	64	*	Scaffold26	195715	195778	64	*
Scaffold10	15657	15715	59	*	Scaffold26	202071	202129	59	*
Scaffold10	32391	32480	90	*	Scaffold26	219379	219468	90	*
Scaffold10	16560	16614	55	*	Scaffold26	203012	203066	55	*
Scaffold10	9955	10021	67	*	Scaffold26	197013	197079	67	*
Scaffold10	34846	34902	57	*	Scaffold26	222784	222840	57	*
Scaffold10	32306	32359	54	*	Scaffold26	219294	219347	54	*
Scaffold10	32534	32590	57	*	Scaffold26	219523	219579	57	*
Scaffold10	53856	53914	59	*	Scaffold29	6385	6443	59	*
Scaffold10	63618	63668	51	*	Scaffold29	4071	4121	51	*
Scaffold10	63294	63359	66	*	Scaffold29	3737	3802	66	*
Scaffold1000	13770	13830	61	*	Scaffold1081	150143	150203	61	*
Scaffold10006	29349	29400	52	*	Scaffold170	618698	618749	52	*
Scaffold10007	10382	10444	63	*	Scaffold114	437851	437913	63	*
Scaffold10007	10380	10443	64	*	Scaffold1212	44688	44751	64	*
Scaffold10007	10374	10434	61	*	Scaffold1268	118811	118871	61	*
Scaffold10007	10385	10443	59	*	Scaffold127	1166229	1166287	59	*
Scaffold10007	10381	10441	61	*	Scaffold184	636839	636899	61	*
Scaffold10007	10380	10444	65	*	Scaffold20121	430	494	65	*
Scaffold10007	10380	10451	72	*	Scaffold3474	5463	5534	72	*
Scaffold10007	10378	10445	68	*	Scaffold438	175967	176034	68	*
Scaffold10007	10385	10446	62	*	Scaffold47	735497	735558	62	*
Scaffold10007	10376	10436	61	*	Scaffold544	597613	597673	61	*
Scaffold10007	10377	10443	67	*	Scaffold623	337181	337247	67	*
Scaffold10007	10389	10442	54	*	Scaffold756	57652	57705	54	*
Scaffold10007	10382	10439	58	*	Scaffold856	175937	175994	58	*
Scaffold10007	10380	10447	68	*	Scaffold96	429627	429694	68	*
Scaffold10007	10377	10436	60	*	Scaffold996	15569	15628	60	*
Scaffold100079	927	982	56	*	Scaffold1924	82114	82169	56	*
Scaffold1001	39865	39917	53	*	Scaffold1079	175006	175058	53	*
Scaffold1001	36806	36863	58	*	Scaffold1079	178074	178131	58	*
Scaffold10026	1074	1176	103	*	Scaffold10	1374495	1374597	103	*
Scaffold10026	990	1064	75	*	Scaffold10	1374602	1374676	75	*
Scaffold10026	1003	1064	62	*	Scaffold1163	167927	167988	62	*
Scaffold10026	1011	1064	54	*	Scaffold1198	181013	181066	54	*
Scaffold10026	1074	1177	104	*	Scaffold1198	180905	181008	104	*
Scaffold10026	1074	1177	104	*	Scaffold11987	344	447	104	*
Scaffold10026	1086	1177	92	*	Scaffold12	934534	934625	92	*
Scaffold10026	1114	1180	67	*	Scaffold1580	112782	112848	67	*
Scaffold10026	1115	1178	64	*	Scaffold161	811071	811134	64	*
Scaffold10026	999	1059	61	*	Scaffold161	289291	289351	61	*
Scaffold10026	1098	1175	78	*	Scaffold168	494811	494888	78	*
Scaffold10026	990	1048	59	*	Scaffold1691	323477	323535	59	*
Scaffold10026	1126	1182	57	*	Scaffold17	146921	146977	57	*
Scaffold10026	1109	1179	71	*	Scaffold184	437123	437193	71	*
Scaffold10026	988	1050	63	*	Scaffold1896	215223	215285	63	*
Scaffold10026	1118	1174	57	*	Scaffold1910	114819	114875	57	*
Scaffold10026	1120	1177	58	*	Scaffold1986	95920	95977	58	*
Scaffold10026	984	1051	68	*	Scaffold1997	67603	67670	68	*
Scaffold10026	1088	1177	90	*	Scaffold248	63740	63829	90	*
Scaffold10026	1000	1061	62	*	Scaffold249	89554	89615	62	*
Scaffold10026	1007	1063	57	*	Scaffold2533	39923	39979	57	*
Scaffold10026	989	1052	64	*	Scaffold267	505225	505288	64	*
Scaffold10026	1077	1170	94	*	Scaffold2767	8890	8983	94	*
Scaffold10026	1095	1171	77	*	Scaffold2883	4777	4853	77	*
Scaffold10026	1113	1175	63	*	Scaffold29789	1	63	63	*
Scaffold10026	995	1050	56	*	Scaffold3	638103	638158	56	*
Scaffold10026	1074	1177	104	*	Scaffold31122	511	614	104	*
Scaffold10026	1009	1064	56	*	Scaffold31122	619	674	56	*
Scaffold10026	1086	1172	87	*	Scaffold38	141688	141774	87	*
Scaffold10026	1106	1180	75	*	Scaffold391	323813	323887	75	*
Scaffold10026	1112	1178	67	*	Scaffold391	341981	342047	67	*
Scaffold10026	1076	1132	57	*	Scaffold400	284764	284820	57	*
Scaffold10026	1003	1068	66	*	Scaffold449	339549	339614	66	*
Scaffold10026	1101	1174	74	*	Scaffold501	545397	545470	74	*
Scaffold10026	1077	1177	101	*	Scaffold547	175626	175726	101	*
Scaffold10026	1080	1133	54	*	Scaffold559	458732	458785	54	*
Scaffold10026	1107	1180	74	*	Scaffold623	429772	429845	74	*
Scaffold10026	1012	1071	60	*	Scaffold658	14400	14459	60	*
Scaffold10026	1118	1176	59	*	Scaffold69	527730	527788	59	*
Scaffold10026	983	1040	58	*	Scaffold698	95502	95559	58	*
Scaffold10026	985	1042	58	*	Scaffold713	167645	167702	58	*
Scaffold10026	987	1064	78	*	Scaffold728	240426	240503	78	*
Scaffold10026	1101	1175	75	*	Scaffold730	186254	186328	75	*
Scaffold10026	1117	1176	60	*	Scaffold88	667685	667744	60	*
Scaffold10026	986	1058	73	*	Scaffold90	452158	452230	73	*
Scaffold10026	1074	1177	104	*	Scaffold9603	365	468	104	*
Scaffold10026	1074	1177	104	*	Scaffold999	106449	106552	104	*
Scaffold100292	223	276	54	*	Scaffold8	537470	537523	54	*
Scaffold100345	89	140	52	*	Scaffold868	15972	16023	52	*
Scaffold10040	6533	6589	57	*	Scaffold122	966270	966326	57	*
Scaffold10044	18893	18949	57	*	Scaffold400	90840	90896	57	*
Scaffold10044	19582	19635	54	*	Scaffold400	90174	90227	54	*
Scaffold10044	24382	24468	87	*	Scaffold400	86319	86405	87	*
Scaffold10044	27685	27745	61	*	Scaffold400	83284	83344	61	*
Scaffold10044	19406	19466	61	*	Scaffold400	90343	90403	61	*
Scaffold10044	27776	27846	71	*	Scaffold400	83183	83253	71	*
Scaffold10044	48651	48700	50	*	Scaffold400	72705	72754	50	*
Scaffold10049	33777	33847	71	*	Scaffold663	174796	174866	71	*
Scaffold1006	52444	52512	69	*	Scaffold15285	14101	14169	69	*
Scaffold1006	34603	34668	66	*	Scaffold15285	25029	25094	66	*
Scaffold1006	52444	52512	69	*	Scaffold1763	110	178	69	*
Scaffold1006	66283	66335	53	*	Scaffold1763	13775	13827	53	*
Scaffold1006	52444	52512	69	*	Scaffold1763	59087	59155	69	*
Scaffold1006	34603	34668	66	*	Scaffold1763	68982	69047	66	*
Scaffold10061	53961	54011	51	*	Scaffold122	143795	143845	51	*
Scaffold10061	58549	58610	62	*	Scaffold122	148510	148571	62	*
Scaffold10064	30455	30521	67	*	Scaffold215	171022	171088	67	*
Scaffold10064	30523	30575	53	*	Scaffold215	171090	171142	53	*
Scaffold10064	1690	1749	60	*	Scaffold3000	3348	3407	60	*
Scaffold10064	30524	30595	72	*	Scaffold558	394255	394326	72	*
Scaffold10064	30419	30522	104	*	Scaffold558	394150	394253	104	*
Scaffold100698	2	85	84	*	Scaffold4559	5788	5871	84	*
Scaffold10082	25364	25448	85	*	Scaffold153	308117	308201	85	*
Scaffold10086	31217	31268	52	*	Scaffold402	435008	435059	52	*
Scaffold101	147282	147345	64	*	Scaffold1174	140568	140631	64	*
Scaffold101	147156	147206	51	*	Scaffold1174	140707	140757	51	*
Scaffold101	147129	147180	52	*	Scaffold1354	51391	51442	52	*
Scaffold101	147210	147266	57	*	Scaffold144	588890	588946	57	*
Scaffold101	147118	147197	80	*	Scaffold144	588959	589038	80	*
Scaffold101	146974	147026	53	*	Scaffold14890	347	399	53	*
Scaffold101	147216	147280	65	*	Scaffold16	669246	669310	65	*
Scaffold101	147097	147154	58	*	Scaffold16	669127	669184	58	*
Scaffold101	147262	147321	60	*	Scaffold1603	133172	133231	60	*
Scaffold101	147200	147249	50	*	Scaffold1603	133110	133159	50	*
Scaffold101	122090	122142	53	*	Scaffold170	636144	636196	53	*
Scaffold101	109906	109967	62	*	Scaffold1763	124157	124218	62	*
Scaffold101	147278	147332	55	*	Scaffold1873	78500	78554	55	*
Scaffold101	147138	147198	61	*	Scaffold188	548936	548996	61	*
Scaffold101	147221	147278	58	*	Scaffold188	549019	549076	58	*
Scaffold101	147167	147216	50	*	Scaffold198	537639	537688	50	*
Scaffold101	65799	65856	58	*	Scaffold224	384533	384590	58	*
Scaffold101	141986	142036	51	*	Scaffold224	321238	321288	51	*
Scaffold101	142161	142216	56	*	Scaffold224	321051	321106	56	*
Scaffold101	152879	152929	51	*	Scaffold224	311540	311590	51	*
Scaffold101	76816	76870	55	*	Scaffold224	378471	378525	55	*
Scaffold101	162910	162961	52	*	Scaffold224	303242	303293	52	*
Scaffold101	146993	147051	59	*	Scaffold24	88178	88236	59	*
Scaffold101	147291	147342	52	*	Scaffold242	280783	280834	52	*
Scaffold101	147142	147204	63	*	Scaffold283	692396	692458	63	*
Scaffold101	147286	147335	50	*	Scaffold288	298799	298848	50	*
Scaffold101	147088	147148	61	*	Scaffold3672	141	201	61	*
Scaffold101	147010	147064	55	*	Scaffold5191	8560	8614	55	*
Scaffold101	147114	147339	226	*	Scaffold5191	8285	8510	226	*
Scaffold101	105408	105555	148	*	Scaffold558	394162	394309	148	*
Scaffold101	131675	131727	53	*	Scaffold668	10309	10361	53	*
Scaffold101	147256	147309	54	*	Scaffold937	60769	60822	54	*
Scaffold10100	25741	25791	51	*	Scaffold698	89924	89974	51	*
Scaffold10112	26697	26753	57	*	Scaffold8391	3967	4023	57	*
Scaffold10114	6022	6081	60	*	Scaffold1831	1250	1309	60	*
Scaffold10114	5829	5939	111	*	Scaffold1831	1390	1500	111	*
Scaffold10114	5624	5673	50	*	Scaffold1831	35505	35554	50	*
Scaffold10114	5560	5622	63	*	Scaffold1831	35556	35618	63	*
Scaffold10114	6126	6187	62	*	Scaffold1831	1143	1204	62	*
Scaffold10114	6126	6190	65	*	Scaffold55	1296183	1296247	65	*
Scaffold10119	21275	21325	51	*	Scaffold633	196353	196403	51	*
Scaffold10131	5921	5981	61	*	Scaffold28	605444	605504	61	*
Scaffold101376	3530	3604	75	*	Scaffold404	166355	166429	75	*
Scaffold101376	3530	3606	77	*	Scaffold404	177475	177551	77	*
Scaffold10139	9069	9131	63	*	Scaffold1446	168820	168882	63	*
Scaffold1014	99260	99320	61	*	Scaffold30079	1134	1194	61	*
Scaffold1014	93111	93164	54	*	Scaffold394	292670	292723	54	*
Scaffold1014	99260	99320	61	*	Scaffold394	302867	302927	61	*
Scaffold10143	19424	19484	61	*	Scaffold650	215815	215875	61	*
Scaffold10143	28294	28346	53	*	Scaffold650	222487	222539	53	*
Scaffold10144	10490	10571	82	*	Scaffold65	282192	282273	82	*
Scaffold101503	49	119	71	*	Scaffold4	1362814	1362884	71	*
Scaffold10151	7617	7670	54	*	Scaffold104	434516	434569	54	*
Scaffold10151	26109	26191	83	*	Scaffold104	443768	443850	83	*
Scaffold1016	71685	71735	51	*	Scaffold1117	330842	330892	51	*
Scaffold1016	24517	24569	53	*	Scaffold1117	283392	283444	53	*
Scaffold1016	28913	28967	55	*	Scaffold1117	286763	286817	55	*
Scaffold1016	169589	169641	53	*	Scaffold1117	468228	468280	53	*
Scaffold1016	39614	39663	50	*	Scaffold1117	296480	296529	50	*
Scaffold1016	121692	121753	62	*	Scaffold1117	424170	424231	62	*
Scaffold1016	52581	52641	61	*	Scaffold1117	309053	309113	61	*
Scaffold1016	122917	122966	50	*	Scaffold1117	425108	425157	50	*
Scaffold1016	172465	172524	60	*	Scaffold1117	471116	471175	60	*
Scaffold1016	154118	154167	50	*	Scaffold1117	451192	451241	50	*
Scaffold1016	39492	39548	57	*	Scaffold1117	296357	296413	57	*
Scaffold1016	157384	157438	55	*	Scaffold1117	454802	454856	55	*
Scaffold1016	117962	118025	64	*	Scaffold1117	418508	418571	64	*
Scaffold1016	158496	158558	63	*	Scaffold1117	456076	456138	63	*
Scaffold1016	178721	178770	50	*	Scaffold1117	477305	477354	50	*
Scaffold1016	106168	106222	55	*	Scaffold1117	367516	367570	55	*
Scaffold1016	104365	104419	55	*	Scaffold1117	367516	367570	55	*
Scaffold1016	28178	28232	55	*	Scaffold1117	286763	286817	55	*
Scaffold1016	121692	121753	62	*	Scaffold1117	397662	397723	62	*
Scaffold1016	172684	172743	60	*	Scaffold1117	471358	471417	60	*
Scaffold1016	117962	118025	64	*	Scaffold1117	392437	392500	64	*
Scaffold1016	109043	109094	52	*	Scaffold1117	370102	370153	52	*
Scaffold1016	92194	92245	52	*	Scaffold24462	205	256	52	*
Scaffold1016	86189	86243	55	*	Scaffold5555	20207	20261	55	*
Scaffold1016	92195	92245	51	*	Scaffold5555	22568	22618	51	*
Scaffold1016	71685	71735	51	*	Scaffold5555	8505	8555	51	*
Scaffold1017	32080	32130	51	*	Scaffold197	702946	702996	51	*
Scaffold1017	2482	2532	51	*	Scaffold197	726492	726542	51	*
Scaffold10171	23382	23433	52	*	Scaffold405	608141	608192	52	*
Scaffold10172	30675	30730	56	*	Scaffold636	164889	164944	56	*
Scaffold101851	370	426	57	*	Scaffold77	1031162	1031218	57	*
Scaffold10187	93803	93858	56	*	Scaffold32	641213	641268	56	*
Scaffold10187	32447	32505	59	*	Scaffold688	145655	145713	59	*
Scaffold10187	68685	68782	98	*	Scaffold688	115427	115524	98	*
Scaffold10187	98047	98116	70	*	Scaffold688	93543	93612	70	*
Scaffold10187	34002	34058	57	*	Scaffold688	144495	144551	57	*
Scaffold10187	72520	72636	117	*	Scaffold688	111988	112104	117	*
Scaffold10187	96412	96488	77	*	Scaffold688	95332	95408	77	*
Scaffold10187	30720	30772	53	*	Scaffold688	148088	148140	53	*
Scaffold10187	911	968	58	*	Scaffold688	174882	174939	58	*
Scaffold10187	54767	54820	54	*	Scaffold688	123983	124036	54	*
Scaffold10187	87719	87797	79	*	Scaffold688	101454	101532	79	*
Scaffold10187	98266	98357	92	*	Scaffold688	93304	93395	92	*
Scaffold10187	73150	73202	53	*	Scaffold688	111426	111478	53	*
Scaffold10187	69275	69336	62	*	Scaffold688	114816	114877	62	*
Scaffold10187	37898	37953	56	*	Scaffold688	138453	138508	56	*
Scaffold10187	32567	32637	71	*	Scaffold688	145523	145593	71	*
Scaffold10187	85645	85696	52	*	Scaffold688	103374	103425	52	*
Scaffold10187	73204	73253	50	*	Scaffold688	111375	111424	50	*
Scaffold10187	30612	30663	52	*	Scaffold688	148197	148248	52	*
Scaffold10187	96552	96638	87	*	Scaffold688	95182	95268	87	*
Scaffold10187	14936	14987	52	*	Scaffold688	162779	162830	52	*
Scaffold10187	69001	69058	58	*	Scaffold688	115094	115151	58	*
Scaffold10187	50443	50494	52	*	Scaffold688	126246	126297	52	*
Scaffold10187	795	848	54	*	Scaffold688	175002	175055	54	*
Scaffold10187	1350	1434	85	*	Scaffold688	174403	174487	85	*
Scaffold10187	66367	66445	79	*	Scaffold688	117861	117939	79	*
Scaffold10187	30532	30587	56	*	Scaffold688	148273	148328	56	*
Scaffold10187	96803	96860	58	*	Scaffold688	94967	95024	58	*
Scaffold10187	3548	3605	58	*	Scaffold688	171793	171850	58	*
Scaffold10187	68149	68199	51	*	Scaffold688	116005	116055	51	*
Scaffold10187	69184	69273	90	*	Scaffold688	114879	114968	90	*
Scaffold10187	68048	68113	66	*	Scaffold688	116091	116156	66	*
Scaffold10187	3548	3605	58	*	Scaffold7770	5533	5590	58	*
Scaffold10187	911	968	58	*	Scaffold7770	8668	8725	58	*
Scaffold10187	795	848	54	*	Scaffold7770	8788	8841	54	*
Scaffold10187	1350	1434	85	*	Scaffold7770	8189	8273	85	*
Scaffold10190	21823	21894	72	*	Scaffold421	343526	343597	72	*
Scaffold10191	4018	4071	54	*	Scaffold1706	105522	105575	54	*
Scaffold10191	3920	4005	86	*	Scaffold1706	105424	105509	86	*
Scaffold10191	56210	56259	50	*	Scaffold2072	4389	4438	50	*
Scaffold10191	3950	4002	53	*	Scaffold645	372934	372986	53	*
Scaffold10191	48558	48616	59	*	Scaffold912	221747	221805	59	*
Scaffold10193	51288	51359	72	*	Scaffold388	392158	392229	72	*
Scaffold10193	49697	49755	59	*	Scaffold388	393776	393834	59	*
Scaffold102	230843	230921	79	*	Scaffold1054	196025	196103	79	*
Scaffold1020	157795	157852	58	*	Scaffold100	4183	4240	58	*
Scaffold1020	157693	157751	59	*	Scaffold100	4081	4139	59	*
Scaffold1020	103383	103443	61	*	Scaffold1068	82137	82197	61	*
Scaffold1020	157808	157865	58	*	Scaffold1081	7145	7202	58	*
Scaffold1020	157811	157866	56	*	Scaffold1109	196406	196461	56	*
Scaffold1020	157499	157550	52	*	Scaffold1109	196098	196149	52	*
Scaffold1020	157687	157737	51	*	Scaffold1109	196282	196332	51	*
Scaffold1020	162457	162543	87	*	Scaffold1125	54491	54577	87	*
Scaffold1020	55326	55392	67	*	Scaffold1125	133705	133771	67	*
Scaffold1020	19642	19699	58	*	Scaffold1125	166823	166880	58	*
Scaffold1020	19545	19640	96	*	Scaffold1125	166882	166977	96	*
Scaffold1020	53356	53406	51	*	Scaffold1125	135394	135444	51	*
Scaffold1020	157685	157751	67	*	Scaffold115	688165	688231	67	*
Scaffold1020	103360	103440	81	*	Scaffold116	65900	65980	81	*
Scaffold1020	103347	103444	98	*	Scaffold1308	4549	4646	98	*
Scaffold1020	103364	103430	67	*	Scaffold131	787826	787892	67	*
Scaffold1020	193427	193480	54	*	Scaffold1366	91658	91711	54	*
Scaffold1020	157640	157703	64	*	Scaffold1370	155	218	64	*
Scaffold1020	157708	157769	62	*	Scaffold1370	89	150	62	*
Scaffold1020	103357	103430	74	*	Scaffold1462	68570	68643	74	*
Scaffold1020	157839	157909	71	*	Scaffold15001	382	452	71	*
Scaffold1020	157482	157552	71	*	Scaffold15001	21	91	71	*
Scaffold1020	157761	157816	56	*	Scaffold15001	304	359	56	*
Scaffold1020	103378	103441	64	*	Scaffold15535	652	715	64	*
Scaffold1020	103336	103431	96	*	Scaffold1678	118536	118631	96	*
Scaffold1020	103384	103439	56	*	Scaffold1755	37274	37329	56	*
Scaffold1020	157739	157792	54	*	Scaffold1838	6187	6240	54	*
Scaffold1020	157812	157864	53	*	Scaffold1951	112157	112209	53	*
Scaffold1020	76642	76840	199	*	Scaffold198	603594	603792	199	*
Scaffold1020	96184	96383	200	*	Scaffold198	603619	603818	200	*
Scaffold1020	157605	157657	53	*	Scaffold1996	25334	25386	53	*
Scaffold1020	157669	157727	59	*	Scaffold1996	25264	25322	59	*
Scaffold1020	103357	103440	84	*	Scaffold216	104177	104260	84	*
Scaffold1020	103370	103442	73	*	Scaffold2205	38446	38518	73	*
Scaffold1020	157758	157813	56	*	Scaffold22659	86	141	56	*
Scaffold1020	157833	157882	50	*	Scaffold22659	17	66	50	*
Scaffold1020	157689	157738	50	*	Scaffold22659	161	210	50	*
Scaffold1020	157346	157404	59	*	Scaffold22897	591	649	59	*
Scaffold1020	157748	157800	53	*	Scaffold22897	357	409	53	*
Scaffold1020	103374	103439	66	*	Scaffold249	436822	436887	66	*
Scaffold1020	103357	103407	51	*	Scaffold25397	338	388	51	*
Scaffold1020	157328	157384	57	*	Scaffold27251	1265	1321	57	*
Scaffold1020	157767	157832	66	*	Scaffold27251	815	880	66	*
Scaffold1020	103357	103433	77	*	Scaffold2851	8373	8449	77	*
Scaffold1020	103357	103412	56	*	Scaffold30581	1269	1324	56	*
Scaffold1020	103380	103441	62	*	Scaffold313	576114	576175	62	*
Scaffold1020	77978	78032	55	*	Scaffold31318	2421	2475	55	*
Scaffold1020	103360	103440	81	*	Scaffold316	281334	281414	81	*
Scaffold1020	157510	157561	52	*	Scaffold371	480199	480250	52	*
Scaffold1020	157684	157734	51	*	Scaffold376	47042	47092	51	*
Scaffold1020	157506	157576	71	*	Scaffold386	271491	271561	71	*
Scaffold1020	157626	157678	53	*	Scaffold386	271604	271656	53	*
Scaffold1020	157337	157390	54	*	Scaffold386	271324	271377	54	*
Scaffold1020	157636	157731	96	*	Scaffold389	405968	406063	96	*
Scaffold1020	157813	157869	57	*	Scaffold389	406151	406207	57	*
Scaffold1020	76691	76745	55	*	Scaffold4	1826919	1826973	55	*
Scaffold1020	76657	76711	55	*	Scaffold400	76076	76130	55	*
Scaffold1020	76790	76840	51	*	Scaffold400	76222	76272	51	*
Scaffold1020	161659	161735	77	*	Scaffold411	299319	299395	77	*
Scaffold1020	157465	157515	51	*	Scaffold5191	7751	7801	51	*
Scaffold1020	157626	157863	238	*	Scaffold5191	8273	8510	238	*
Scaffold1020	103336	103429	94	*	Scaffold540	226930	227023	94	*
Scaffold1020	157672	157723	52	*	Scaffold569	480677	480728	52	*
Scaffold1020	157734	157789	56	*	Scaffold569	480739	480794	56	*
Scaffold1020	157651	157706	56	*	Scaffold572	202946	203001	56	*
Scaffold1020	157331	157396	66	*	Scaffold6104	1782	1847	66	*
Scaffold1020	103357	103433	77	*	Scaffold626	232924	233000	77	*
Scaffold1020	51646	51776	131	*	Scaffold73	10874	11004	131	*
Scaffold1020	103316	103397	82	*	Scaffold731	280727	280808	82	*
Scaffold1020	157682	157799	118	*	Scaffold749	140838	140955	118	*
Scaffold1020	157829	157880	52	*	Scaffold749	140757	140808	52	*
Scaffold1020	103357	103439	83	*	Scaffold783	120547	120629	83	*
Scaffold1020	103333	103388	56	*	Scaffold827	106669	106724	56	*
Scaffold1020	103392	103441	50	*	Scaffold888	113660	113709	50	*
Scaffold1020	157750	157820	71	*	Scaffold909	89673	89743	71	*
Scaffold1020	103365	103443	79	*	Scaffold92	265464	265542	79	*
Scaffold1020	103383	103440	58	*	Scaffold95	964416	964473	58	*
Scaffold10207	13981	14032	52	*	Scaffold132	484124	484175	52	*
Scaffold10207	45355	45409	55	*	Scaffold1321	4948	5002	55	*
Scaffold1021	17534	17588	55	*	Scaffold21731	163	217	55	*
Scaffold10211	7870	7928	59	*	Scaffold33	93106	93164	59	*
Scaffold10216	43240	43290	51	*	Scaffold59	707256	707306	51	*
Scaffold10216	43379	43430	52	*	Scaffold59	707395	707446	52	*
Scaffold10216	25399	25454	56	*	Scaffold59	687417	687472	56	*
Scaffold10218	30481	30534	54	*	Scaffold1697	145881	145934	54	*
Scaffold1022	143569	143624	56	*	Scaffold1078	136118	136173	56	*
Scaffold1022	95087	95184	98	*	Scaffold14	938328	938425	98	*
Scaffold1022	145384	145443	60	*	Scaffold14	895734	895793	60	*
Scaffold1022	47912	47966	55	*	Scaffold14	981715	981769	55	*
Scaffold1022	95561	95621	61	*	Scaffold14	937890	937950	61	*
Scaffold1022	123087	123138	52	*	Scaffold14	915410	915461	52	*
Scaffold1022	108023	108081	59	*	Scaffold14	927713	927771	59	*
Scaffold1022	133418	133487	70	*	Scaffold14	908061	908130	70	*
Scaffold1022	90354	90405	52	*	Scaffold14	942784	942835	52	*
Scaffold1022	145245	145329	85	*	Scaffold14	895848	895932	85	*
Scaffold1022	30041	30126	86	*	Scaffold14	993738	993823	86	*
Scaffold1022	49892	49965	74	*	Scaffold14	979967	980040	74	*
Scaffold1022	94981	95085	105	*	Scaffold14	938427	938531	105	*
Scaffold1022	57547	57603	57	*	Scaffold14	974659	974715	57	*
Scaffold1022	145896	145957	62	*	Scaffold14	895221	895282	62	*
Scaffold1022	145471	145542	72	*	Scaffold14	895635	895706	72	*
Scaffold1022	91919	91968	50	*	Scaffold14	941568	941617	50	*
Scaffold1022	12937	12988	52	*	Scaffold2280	3304	3355	52	*
Scaffold10222	15427	15498	72	*	Scaffold688	11391	11462	72	*
Scaffold10223	36868	36945	78	*	Scaffold203	20331	20408	78	*
Scaffold10226	26557	26606	50	*	Scaffold22659	92	141	50	*
Scaffold10226	34370	34435	66	*	Scaffold45	758422	758487	66	*
Scaffold10226	34280	34344	65	*	Scaffold45	758513	758577	65	*
Scaffold10226	26545	26601	57	*	Scaffold6	1419372	1419428	57	*
Scaffold10226	26545	26601	57	*	Scaffold6	1419061	1419117	57	*
Scaffold10228	26905	26959	55	*	Scaffold294	521177	521231	55	*
Scaffold102308	7	65	59	*	Scaffold18	683118	683176	59	*
Scaffold1024	10092	10159	68	*	Scaffold22	1059976	1060043	68	*
Scaffold1025	41312	41361	50	*	Scaffold21251	38	87	50	*
Scaffold1025	41312	41382	71	*	Scaffold219	58373	58443	71	*
Scaffold1025	134464	134536	73	*	Scaffold5191	8272	8344	73	*
Scaffold10255	2255	2305	51	*	Scaffold822	242919	242969	51	*
Scaffold1026	74062	74124	63	*	Scaffold29201	1070	1132	63	*
Scaffold1026	80330	80381	52	*	Scaffold391	439823	439874	52	*
Scaffold1026	72789	72840	52	*	Scaffold391	433189	433240	52	*
Scaffold1026	67356	67405	50	*	Scaffold391	426174	426223	50	*
Scaffold1026	74062	74124	63	*	Scaffold391	435453	435515	63	*
Scaffold10263	20425	20480	56	*	Scaffold1053	204978	205033	56	*
Scaffold10263	20361	20424	64	*	Scaffold1053	205035	205098	64	*
Scaffold102686	55	144	90	*	Scaffold114	39514	39603	90	*
Scaffold10284	24224	24283	60	*	Scaffold486	35940	35999	60	*
Scaffold10288	17891	17961	71	*	Scaffold2506	40292	40362	71	*
Scaffold10288	50334	50393	60	*	Scaffold2663	22268	22327	60	*
Scaffold10288	23752	23815	64	*	Scaffold2663	40875	40938	64	*
Scaffold10288	22960	23036	77	*	Scaffold2663	41889	41965	77	*
Scaffold10288	23817	23875	59	*	Scaffold2663	40815	40873	59	*
Scaffold102888	525	576	52	*	Scaffold1232	82751	82802	52	*
Scaffold102888	589	648	60	*	Scaffold1248	119990	120049	60	*
Scaffold102888	519	587	69	*	Scaffold1248	120050	120118	69	*
Scaffold102888	590	662	73	*	Scaffold14	250962	251034	73	*
Scaffold102888	505	563	59	*	Scaffold15	687952	688010	59	*
Scaffold102888	589	649	61	*	Scaffold1739	56577	56637	61	*
Scaffold102888	589	639	51	*	Scaffold1882	68219	68269	51	*
Scaffold102888	519	592	74	*	Scaffold2524	40676	40749	74	*
Scaffold102888	505	557	53	*	Scaffold253	176400	176452	53	*
Scaffold102888	595	644	50	*	Scaffold2612	15400	15449	50	*
Scaffold102888	537	589	53	*	Scaffold267	609176	609228	53	*
Scaffold102888	505	555	51	*	Scaffold284	214610	214660	51	*
Scaffold102888	535	586	52	*	Scaffold2979	93148	93199	52	*
Scaffold102888	589	641	53	*	Scaffold305	393366	393418	53	*
Scaffold102888	589	652	64	*	Scaffold32	587967	588030	64	*
Scaffold102888	505	569	65	*	Scaffold39	1127020	1127084	65	*
Scaffold102888	591	652	62	*	Scaffold444	142912	142973	62	*
Scaffold102888	589	669	81	*	Scaffold50	1330726	1330806	81	*
Scaffold102888	594	660	67	*	Scaffold524	131693	131759	67	*
Scaffold102888	519	581	63	*	Scaffold563	317829	317891	63	*
Scaffold102888	588	667	80	*	Scaffold565	61813	61892	80	*
Scaffold102888	518	582	65	*	Scaffold672	117391	117455	65	*
Scaffold102888	593	666	74	*	Scaffold745	145846	145919	74	*
Scaffold102888	523	588	66	*	Scaffold8576	5554	5619	66	*
Scaffold102897	180	243	64	*	Scaffold2061	83297	83360	64	*
Scaffold102923	68	172	105	*	Scaffold2782	132456	132560	105	*
Scaffold102954	91	140	50	*	Scaffold198	603628	603677	50	*
Scaffold103	126404	126453	50	*	Scaffold29	762975	763024	50	*
Scaffold1030	120240	120308	69	*	Scaffold1321	5092	5160	69	*
Scaffold10301	7506	7584	79	*	Scaffold25	1179313	1179391	79	*
Scaffold10301	7508	7596	89	*	Scaffold340	92106	92194	89	*
Scaffold10305	14706	14757	52	*	Scaffold114	642501	642552	52	*
Scaffold10305	60324	60375	52	*	Scaffold186	338181	338232	52	*
Scaffold1031	149158	149209	52	*	Scaffold2501	19661	19712	52	*
Scaffold1031	145959	146010	52	*	Scaffold2501	19661	19712	52	*
Scaffold1031	38264	38322	59	*	Scaffold33	290937	290995	59	*
Scaffold10312	1523	1579	57	*	Scaffold213	270814	270870	57	*
Scaffold10315	49110	49159	50	*	Scaffold149	55015	55064	50	*
Scaffold10334	12283	12355	73	*	Scaffold636	557885	557957	73	*
Scaffold10337	13688	13747	60	*	Scaffold348	599249	599308	60	*
Scaffold103414	2032	2092	61	*	Scaffold1030	149239	149299	61	*
Scaffold103414	1761	1816	56	*	Scaffold11723	1273	1328	56	*
Scaffold103414	2024	2083	60	*	Scaffold169	491233	491292	60	*
Scaffold103414	2226	2339	114	*	Scaffold688	11391	11504	114	*
Scaffold103482	53	102	50	*	Scaffold2093	6813	6862	50	*
Scaffold10349	112151	112212	62	*	Scaffold305	559252	559313	62	*
Scaffold10349	100807	100860	54	*	Scaffold305	568864	568917	54	*
Scaffold10349	112214	112293	80	*	Scaffold305	559171	559250	80	*
Scaffold10349	112880	112959	80	*	Scaffold305	559171	559250	80	*
Scaffold10349	97930	97983	54	*	Scaffold305	571981	572034	54	*
Scaffold10349	37336	37399	64	*	Scaffold305	640095	640158	64	*
Scaffold10349	97805	97866	62	*	Scaffold305	572098	572159	62	*
Scaffold10349	112817	112878	62	*	Scaffold305	559252	559313	62	*
Scaffold10349	107936	108063	128	*	Scaffold305	561737	561864	128	*
Scaffold1035	70963	71036	74	*	Scaffold1881	219107	219180	74	*
Scaffold103558	19	71	53	*	Scaffold671	54185	54237	53	*
Scaffold10359	11745	11812	68	*	Scaffold536	164424	164491	68	*
Scaffold1036	44418	44471	54	*	Scaffold259	200532	200585	54	*
Scaffold1036	44379	44458	80	*	Scaffold550	340822	340901	80	*
Scaffold10363	39879	39939	61	*	Scaffold464	342247	342307	61	*
Scaffold10363	120120	120196	77	*	Scaffold464	426537	426613	77	*
Scaffold10363	80674	80742	69	*	Scaffold464	388702	388770	69	*
Scaffold10363	19947	20024	78	*	Scaffold464	322991	323068	78	*
Scaffold10363	1654	1717	64	*	Scaffold464	307431	307494	64	*
Scaffold10363	5694	5769	76	*	Scaffold464	311293	311368	76	*
Scaffold10363	89339	89397	59	*	Scaffold464	395572	395630	59	*
Scaffold10363	29628	29678	51	*	Scaffold464	333201	333251	51	*
Scaffold10363	15558	15631	74	*	Scaffold464	318974	319047	74	*
Scaffold10363	116547	116604	58	*	Scaffold464	423533	423590	58	*
Scaffold10363	94022	94071	50	*	Scaffold464	403172	403221	50	*
Scaffold10363	48560	48629	70	*	Scaffold464	352452	352521	70	*
Scaffold10363	66670	66730	61	*	Scaffold464	376737	376797	61	*
Scaffold10363	116606	116671	66	*	Scaffold464	423591	423656	66	*
Scaffold10363	48171	48240	70	*	Scaffold464	352452	352521	70	*
Scaffold10363	3825	3892	68	*	Scaffold464	309169	309236	68	*
Scaffold10363	82404	82466	63	*	Scaffold464	389689	389751	63	*
Scaffold10363	69203	69277	75	*	Scaffold464	378971	379045	75	*
Scaffold10363	64605	64672	68	*	Scaffold464	374373	374440	68	*
Scaffold10370	33461	33514	54	*	Scaffold3904	2147	2200	54	*
Scaffold10371	1	61	61	*	Scaffold856	177289	177349	61	*
Scaffold10382	11835	11889	55	*	Scaffold13	1129721	1129775	55	*
Scaffold10389	84130	84267	138	*	Scaffold1763	123705	123842	138	*
Scaffold10389	26313	26372	60	*	Scaffold4771	13685	13744	60	*
Scaffold10389	26019	26089	71	*	Scaffold5191	8795	8865	71	*
Scaffold10389	26262	26463	202	*	Scaffold5191	8266	8467	202	*
Scaffold10389	26335	26404	70	*	Scaffold882	279558	279627	70	*
Scaffold10389	26265	26333	69	*	Scaffold882	279629	279697	69	*
Scaffold10395	5979	6035	57	*	Scaffold1593	148737	148793	57	*
Scaffold103998	446	503	58	*	Scaffold126	435104	435161	58	*
Scaffold103998	441	492	52	*	Scaffold469	355386	355437	52	*
Scaffold104	100993	101046	54	*	Scaffold252	536823	536876	54	*
Scaffold104	101001	101058	58	*	Scaffold335	224775	224832	58	*
Scaffold1040	89688	89760	73	*	Scaffold1321	4848	4920	73	*
Scaffold104012	306	376	71	*	Scaffold558	394252	394322	71	*
Scaffold104012	194	282	89	*	Scaffold558	394140	394228	89	*
Scaffold10411	31812	31896	85	*	Scaffold661	78086	78170	85	*
Scaffold10411	45830	45880	51	*	Scaffold8	557160	557210	51	*
Scaffold10411	45961	46012	52	*	Scaffold8	557051	557102	52	*
Scaffold10415	34972	35061	90	*	Scaffold68	939715	939804	90	*
Scaffold10415	10374	10459	86	*	Scaffold68	963124	963209	86	*
Scaffold10415	62760	62830	71	*	Scaffold68	921844	921914	71	*
Scaffold10415	79454	79508	55	*	Scaffold68	904962	905016	55	*
Scaffold10415	5045	5096	52	*	Scaffold68	969819	969870	52	*
Scaffold10415	8552	8608	57	*	Scaffold68	964938	964994	57	*
Scaffold10415	67739	67791	53	*	Scaffold68	917502	917554	53	*
Scaffold10415	34843	34893	51	*	Scaffold68	939884	939934	51	*
Scaffold10415	7775	7853	79	*	Scaffold68	965924	966002	79	*
Scaffold1043	2811	2865	55	*	Scaffold305	727843	727897	55	*
Scaffold10430	12240	12320	81	*	Scaffold325	341524	341604	81	*
Scaffold1044	97457	97506	50	*	Scaffold1269	124966	125015	50	*
Scaffold1044	103996	104050	55	*	Scaffold1269	116429	116483	55	*
Scaffold1044	82446	82499	54	*	Scaffold1269	135502	135555	54	*
Scaffold104450	75	133	59	*	Scaffold62	1071790	1071848	59	*
Scaffold10448	788	867	80	*	Scaffold320	89963	90042	80	*
Scaffold1045	69966	70033	68	*	Scaffold1358	131997	132064	68	*
Scaffold1045	18732	18791	60	*	Scaffold421	480082	480141	60	*
Scaffold1045	44755	44819	65	*	Scaffold456	35413	35477	65	*
Scaffold1045	69966	70015	50	*	Scaffold456	56030	56079	50	*
Scaffold1045	44842	44892	51	*	Scaffold456	35500	35550	51	*
Scaffold10457	7350	7407	58	*	Scaffold1689	106781	106838	58	*
Scaffold104689	1	81	81	*	Scaffold114	252022	252102	81	*
Scaffold104689	2	80	79	*	Scaffold1311	277550	277628	79	*
Scaffold104689	1	65	65	*	Scaffold1312	136525	136589	65	*
Scaffold104689	42	134	93	*	Scaffold1419	121222	121314	93	*
Scaffold104689	1	65	65	*	Scaffold156	789812	789876	65	*
Scaffold104689	1	134	134	*	Scaffold2123	42672	42805	134	*
Scaffold104689	3	134	132	*	Scaffold22858	348	479	132	*
Scaffold104689	1	57	57	*	Scaffold2452	13760	13816	57	*
Scaffold104689	3	134	132	*	Scaffold353	136580	136711	132	*
Scaffold104689	1	134	134	*	Scaffold353	281316	281449	134	*
Scaffold104689	1	132	132	*	Scaffold501	556933	557064	132	*
Scaffold104689	6	134	129	*	Scaffold651	374952	375080	129	*
Scaffold104689	19	104	86	*	Scaffold72	934178	934263	86	*
Scaffold104689	2	97	96	*	Scaffold984	225045	225140	96	*
Scaffold104690	85	146	62	*	Scaffold246	323167	323228	62	*
Scaffold104739	64	116	53	*	Scaffold7078	1854	1906	53	*
Scaffold10474	12755	12835	81	*	Scaffold803	58847	58927	81	*
Scaffold10477	30952	31006	55	*	Scaffold288	503325	503379	55	*
Scaffold10478	4370	4428	59	*	Scaffold476	478563	478621	59	*
Scaffold1048	67033	67086	54	*	Scaffold382	361389	361442	54	*
Scaffold1048	30967	31017	51	*	Scaffold382	336518	336568	51	*
Scaffold1048	67822	67875	54	*	Scaffold382	361389	361442	54	*
Scaffold1048	119995	120047	53	*	Scaffold62	478137	478189	53	*
Scaffold1048	116695	116750	56	*	Scaffold62	475321	475376	56	*
Scaffold1048	147196	147293	98	*	Scaffold62	505665	505762	98	*
Scaffold1048	126070	126146	77	*	Scaffold62	482226	482302	77	*
Scaffold1048	143347	143403	57	*	Scaffold62	501862	501918	57	*
Scaffold1048	106922	106972	51	*	Scaffold62	466495	466545	51	*
Scaffold1048	109869	109924	56	*	Scaffold62	470428	470483	56	*
Scaffold1048	141914	141979	66	*	Scaffold62	499493	499558	66	*
Scaffold1048	117084	117137	54	*	Scaffold62	475721	475774	54	*
Scaffold1048	108260	108313	54	*	Scaffold62	468454	468507	54	*
Scaffold104801	388	460	73	*	Scaffold502	134238	134310	73	*
Scaffold10483	15584	15634	51	*	Scaffold527	172604	172654	51	*
Scaffold10486	11118	11179	62	*	Scaffold285	161440	161501	62	*
Scaffold10486	14343	14419	77	*	Scaffold285	163273	163349	77	*
Scaffold104892	66	123	58	*	Scaffold39	520837	520894	58	*
Scaffold105	115192	115243	52	*	Scaffold1686	179503	179554	52	*
Scaffold105	239926	239977	52	*	Scaffold181	357451	357502	52	*
Scaffold105	239979	240040	62	*	Scaffold181	357504	357565	62	*
Scaffold10501	2633	2693	61	*	Scaffold1527	43370	43430	61	*
Scaffold10501	2535	2588	54	*	Scaffold1527	43270	43323	54	*
Scaffold10503	125	200	76	*	Scaffold1763	123796	123871	76	*
Scaffold10503	3	60	58	*	Scaffold1763	124151	124208	58	*
Scaffold10503	5917	5970	54	*	Scaffold644	323298	323351	54	*
Scaffold1051	70435	70562	128	*	Scaffold408	710810	710937	128	*
Scaffold10513	36594	36649	56	*	Scaffold18	332497	332552	56	*
Scaffold10513	36988	37057	70	*	Scaffold349	121731	121800	70	*
Scaffold10513	36509	36562	54	*	Scaffold449	334370	334423	54	*
Scaffold10513	36651	36701	51	*	Scaffold60	542367	542417	51	*
Scaffold10513	36497	36546	50	*	Scaffold750	296492	296541	50	*
Scaffold10526	49570	49623	54	*	Scaffold2340	83116	83169	54	*
Scaffold1053	23529	23582	54	*	Scaffold633	73079	73132	54	*
Scaffold1053	8997	9047	51	*	Scaffold633	56477	56527	51	*
Scaffold10532	6722	6801	80	*	Scaffold4	1007862	1007941	80	*
Scaffold10532	29511	29564	54	*	Scaffold4	982143	982196	54	*
Scaffold105350	13	66	54	*	Scaffold269	315076	315129	54	*
Scaffold105442	62	124	63	*	Scaffold1472	23756	23818	63	*
Scaffold10550	20071	20122	52	*	Scaffold2280	3500	3551	52	*
Scaffold105526	374	440	67	*	Scaffold69	663261	663327	67	*
Scaffold105651	280	378	99	*	Scaffold198	603561	603659	99	*
Scaffold10578	14208	14266	59	*	Scaffold1263	141297	141355	59	*
Scaffold1058	90575	90632	58	*	Scaffold2408	4261	4318	58	*
Scaffold10586	8298	8350	53	*	Scaffold198	603767	603819	53	*
Scaffold10586	8148	8200	53	*	Scaffold198	603622	603674	53	*
Scaffold10587	15214	15266	53	*	Scaffold1302	132490	132542	53	*
Scaffold10588	6222	6613	392	*	Scaffold1117	466	857	392	*
Scaffold10588	5906	6165	260	*	Scaffold1117	150	409	260	*
Scaffold10588	6222	6325	104	*	Scaffold2414	47796	47899	104	*
Scaffold10588	5907	5993	87	*	Scaffold79	179524	179610	87	*
Scaffold1059	82310	82569	260	*	Scaffold198	603561	603820	260	*
Scaffold1059	33007	33061	55	*	Scaffold313	385808	385862	55	*
Scaffold1059	32744	32798	55	*	Scaffold313	384041	384095	55	*
Scaffold1059	82524	82589	66	*	Scaffold521	429662	429727	66	*
Scaffold1059	82345	82436	92	*	Scaffold926	387204	387295	92	*
Scaffold1059	82453	82508	56	*	Scaffold926	387132	387187	56	*
Scaffold105919	36	102	67	*	Scaffold2782	26877	26943	67	*
Scaffold10596	33262	33313	52	*	Scaffold1109	196045	196096	52	*
Scaffold1060	33528	33598	71	*	Scaffold1269	171498	171568	71	*
Scaffold1060	7863	7914	52	*	Scaffold1269	159809	159860	52	*
Scaffold1060	7784	7860	77	*	Scaffold1269	159730	159806	77	*
Scaffold1060	26815	26864	50	*	Scaffold1269	167690	167739	50	*
Scaffold10602	9949	10040	92	*	Scaffold123	141618	141709	92	*
Scaffold106033	1	84	84	*	Scaffold655	152677	152760	84	*
Scaffold106037	36	94	59	*	Scaffold103	256284	256342	59	*
Scaffold106066	36	140	105	*	Scaffold1212	17845	17949	105	*
Scaffold106207	6	93	88	*	Scaffold636	557928	558015	88	*
Scaffold10624	11442	11493	52	*	Scaffold192	383773	383824	52	*
Scaffold10624	44492	44542	51	*	Scaffold192	324155	324205	51	*
Scaffold10624	44492	44542	51	*	Scaffold192	357123	357173	51	*
Scaffold10624	11885	11959	75	*	Scaffold192	383183	383257	75	*
Scaffold10624	6844	6896	53	*	Scaffold192	386927	386979	53	*
Scaffold10638	10670	10719	50	*	Scaffold95	475385	475434	50	*
Scaffold1064	163429	163483	55	*	Scaffold187	364053	364107	55	*
Scaffold1064	71418	71487	70	*	Scaffold3316	11062	11131	70	*
Scaffold1064	71749	71798	50	*	Scaffold3316	11290	11339	50	*
Scaffold106403	49	103	55	*	Scaffold189	643838	643892	55	*
Scaffold106403	17	96	80	*	Scaffold248	201142	201221	80	*
Scaffold106403	19	91	73	*	Scaffold420	387603	387675	73	*
Scaffold10644	8446	8513	68	*	Scaffold684	70211	70278	68	*
Scaffold10645	3459	3540	82	*	Scaffold95	907658	907739	82	*
Scaffold106514	40	106	67	*	Scaffold2679	39098	39164	67	*
Scaffold106514	143	194	52	*	Scaffold2679	39010	39061	52	*
Scaffold1067	56172	56236	65	*	Scaffold1108	71066	71130	65	*
Scaffold10674	30745	30796	52	*	Scaffold27191	15236	15287	52	*
Scaffold10674	30745	30796	52	*	Scaffold322	452517	452568	52	*
Scaffold10674	11151	11203	53	*	Scaffold322	436783	436835	53	*
Scaffold10678	30549	30632	84	*	Scaffold1527	43370	43453	84	*
Scaffold10678	30489	30543	55	*	Scaffold1527	43310	43364	55	*
Scaffold10678	30545	30603	59	*	Scaffold315	323593	323651	59	*
Scaffold10678	30494	30543	50	*	Scaffold315	323543	323592	50	*
Scaffold106816	88	155	68	*	Scaffold470	293537	293604	68	*
Scaffold10683	21458	21508	51	*	Scaffold1523	308168	308218	51	*
Scaffold10685	20481	20536	56	*	Scaffold3460	10506	10561	56	*
Scaffold1069	77492	77556	65	*	Scaffold853	187956	188020	65	*
Scaffold10696	2281	2346	66	*	Scaffold164	730373	730438	66	*
Scaffold10697	4874	4942	69	*	Scaffold688	11433	11501	69	*
Scaffold107	209419	209471	53	*	Scaffold1764	111796	111848	53	*
Scaffold107	209551	209600	50	*	Scaffold1764	111667	111716	50	*
Scaffold107	58948	59004	57	*	Scaffold226	39721	39777	57	*
Scaffold107	209419	209471	53	*	Scaffold7778	3744	3796	53	*
Scaffold107	209551	209600	50	*	Scaffold7778	3615	3664	50	*
Scaffold1070	11835	11923	89	*	Scaffold1366	94302	94390	89	*
Scaffold1070	11929	11987	59	*	Scaffold1366	94396	94454	59	*
Scaffold10711	25093	25145	53	*	Scaffold293	432147	432199	53	*
Scaffold107113	54	105	52	*	Scaffold294	521177	521228	52	*
Scaffold10717	22340	22394	55	*	Scaffold27737	15	69	55	*
Scaffold107173	140	205	66	*	Scaffold1763	123933	123998	66	*
Scaffold107173	25	116	92	*	Scaffold1763	123823	123914	92	*
Scaffold10718	448	501	54	*	Scaffold22412	189	242	54	*
Scaffold107182	1	70	70	*	Scaffold44	997957	998026	70	*
Scaffold107182	15	75	61	*	Scaffold663	93897	93957	61	*
Scaffold107190	109	167	59	*	Scaffold3088	37953	38011	59	*
Scaffold107190	178	231	54	*	Scaffold3088	37889	37942	54	*
Scaffold107190	104	231	128	*	Scaffold558	389765	389892	128	*
Scaffold107190	158	229	72	*	Scaffold582	455369	455440	72	*
Scaffold10725	9771	9820	50	*	Scaffold105	443134	443183	50	*
Scaffold10725	9777	9832	56	*	Scaffold1161	136591	136646	56	*
Scaffold10725	9786	9844	59	*	Scaffold124	693602	693660	59	*
Scaffold10725	9787	9856	70	*	Scaffold1562	155141	155210	70	*
Scaffold10725	9773	9863	91	*	Scaffold162	830008	830098	91	*
Scaffold10725	9786	9844	59	*	Scaffold1659	41880	41938	59	*
Scaffold10725	9792	9844	53	*	Scaffold2670	98137	98189	53	*
Scaffold10725	9771	9828	58	*	Scaffold382	11241	11298	58	*
Scaffold10725	9773	9828	56	*	Scaffold567	245488	245543	56	*
Scaffold10725	9771	9844	74	*	Scaffold665	110529	110602	74	*
Scaffold107381	37	93	57	*	Scaffold1817	109837	109893	57	*
Scaffold107398	68	122	55	*	Scaffold640	511097	511151	55	*
Scaffold10747	40441	40501	61	*	Scaffold577	65287	65347	61	*
Scaffold10747	285	341	57	*	Scaffold739	159584	159640	57	*
Scaffold107471	4	63	60	*	Scaffold458	382961	383020	60	*
Scaffold10749	5923	5973	51	*	Scaffold58	718287	718337	51	*
Scaffold1075	25825	25900	76	*	Scaffold454	370959	371034	76	*
Scaffold1075	59776	59856	81	*	Scaffold454	413379	413459	81	*
Scaffold10765	13029	13082	54	*	Scaffold407	261644	261697	54	*
Scaffold10765	13029	13082	54	*	Scaffold4169	17591	17644	54	*
Scaffold1078	67083	67134	52	*	Scaffold1503	88161	88212	52	*
Scaffold10797	56997	57079	83	*	Scaffold1527	43566	43648	83	*
Scaffold10799	23256	23311	56	*	Scaffold465	196330	196385	56	*
Scaffold10799	23256	23311	56	*	Scaffold465	198244	198299	56	*
Scaffold10803	25173	25246	74	*	Scaffold4971	33085	33158	74	*
Scaffold10804	10292	10344	53	*	Scaffold71	41609	41661	53	*
Scaffold10807	12397	12449	53	*	Scaffold468	304358	304410	53	*
Scaffold10807	14807	14884	78	*	Scaffold468	306496	306573	78	*
Scaffold1081	56175	56244	70	*	Scaffold18	332721	332790	70	*
Scaffold10813	24392	24450	59	*	Scaffold1527	43445	43503	59	*
Scaffold10813	24527	24616	90	*	Scaffold1527	43279	43368	90	*
Scaffold10813	24265	24322	58	*	Scaffold1527	43571	43628	58	*
Scaffold10814	26211	26261	51	*	Scaffold5	361194	361244	51	*
Scaffold10814	26211	26261	51	*	Scaffold5	369227	369277	51	*
Scaffold108171	207	259	53	*	Scaffold322	326985	327037	53	*
Scaffold10820	70857	70906	50	*	Scaffold946	310666	310715	50	*
Scaffold10820	62012	62067	56	*	Scaffold946	319067	319122	56	*
Scaffold10824	11273	11340	68	*	Scaffold1977	35703	35770	68	*
Scaffold10824	11370	11445	76	*	Scaffold2001	139752	139827	76	*
Scaffold10824	11159	11221	63	*	Scaffold470	293537	293599	63	*
Scaffold10824	11103	11152	50	*	Scaffold470	293606	293655	50	*
Scaffold108291	129	205	77	*	Scaffold431	286256	286332	77	*
Scaffold108366	70	128	59	*	Scaffold11	532794	532852	59	*
Scaffold108366	55	128	74	*	Scaffold1268	55365	55438	74	*
Scaffold108366	68	129	62	*	Scaffold1465	131079	131140	62	*
Scaffold108366	67	119	53	*	Scaffold148	135326	135378	53	*
Scaffold108366	67	126	60	*	Scaffold1529	74904	74963	60	*
Scaffold108366	70	128	59	*	Scaffold164	230120	230178	59	*
Scaffold108366	67	128	62	*	Scaffold1682	29508	29569	62	*
Scaffold108366	68	121	54	*	Scaffold1688	92117	92170	54	*
Scaffold108366	67	123	57	*	Scaffold1723	82891	82947	57	*
Scaffold108366	65	128	64	*	Scaffold188	540843	540906	64	*
Scaffold108366	71	128	58	*	Scaffold2467	146465	146522	58	*
Scaffold108366	67	128	62	*	Scaffold249	516132	516193	62	*
Scaffold108366	67	128	62	*	Scaffold249	512424	512485	62	*
Scaffold108366	62	119	58	*	Scaffold25	1481097	1481154	58	*
Scaffold108366	71	123	53	*	Scaffold2598	14634	14686	53	*
Scaffold108366	61	129	69	*	Scaffold34	717415	717483	69	*
Scaffold108366	74	125	52	*	Scaffold346	122622	122673	52	*
Scaffold108366	68	128	61	*	Scaffold388	701933	701993	61	*
Scaffold108366	70	128	59	*	Scaffold400	259976	260034	59	*
Scaffold108366	67	128	62	*	Scaffold454	398039	398100	62	*
Scaffold108366	68	129	62	*	Scaffold4662	2342	2403	62	*
Scaffold108366	68	126	59	*	Scaffold500	288773	288831	59	*
Scaffold108366	64	126	63	*	Scaffold507	94710	94772	63	*
Scaffold108366	69	128	60	*	Scaffold527	416452	416511	60	*
Scaffold108366	67	129	63	*	Scaffold55	999018	999080	63	*
Scaffold108366	67	130	64	*	Scaffold658	592673	592736	64	*
Scaffold108366	75	124	50	*	Scaffold69	961126	961175	50	*
Scaffold108366	70	128	59	*	Scaffold717	77890	77948	59	*
Scaffold108366	77	126	50	*	Scaffold761	135110	135159	50	*
Scaffold108366	67	129	63	*	Scaffold809	196273	196335	63	*
Scaffold108366	67	127	61	*	Scaffold864	275691	275751	61	*
Scaffold108366	70	120	51	*	Scaffold90	170913	170963	51	*
Scaffold108366	67	127	61	*	Scaffold969	29641	29701	61	*
Scaffold10840	1681	1730	50	*	Scaffold1062	197786	197835	50	*
Scaffold10840	17528	17580	53	*	Scaffold1608	158688	158740	53	*
Scaffold10840	5975	6029	55	*	Scaffold18	332506	332560	55	*
Scaffold10840	5698	5750	53	*	Scaffold18	332781	332833	53	*
Scaffold10848	12310	12366	57	*	Scaffold3112	32586	32642	57	*
Scaffold1086	57666	57730	65	*	Scaffold592	326656	326720	65	*
Scaffold108683	919	971	53	*	Scaffold1527	43316	43368	53	*
Scaffold108732	548	600	53	*	Scaffold1396	80521	80573	53	*
Scaffold10876	11028	11142	115	*	Scaffold661	78089	78203	115	*
Scaffold10885	17235	17287	53	*	Scaffold197	760736	760788	53	*
Scaffold10888	2274	2327	54	*	Scaffold196	667103	667156	54	*
Scaffold1089	13452	13506	55	*	Scaffold1523	392210	392264	55	*
Scaffold10895	5349	5401	53	*	Scaffold1136	181412	181464	53	*
Scaffold10895	16385	16444	60	*	Scaffold138	617709	617768	60	*
Scaffold10895	5283	5379	97	*	Scaffold5191	8414	8510	97	*
Scaffold10903	13974	14026	53	*	Scaffold1763	123769	123821	53	*
Scaffold10903	14211	14266	56	*	Scaffold1763	124008	124063	56	*
Scaffold10903	14028	14117	90	*	Scaffold1763	123823	123912	90	*
Scaffold10905	29590	29648	59	*	Scaffold419	80981	81039	59	*
Scaffold10905	47427	47477	51	*	Scaffold505	309447	309497	51	*
Scaffold1093	39227	39371	145	*	Scaffold198	603680	603824	145	*
Scaffold1093	80142	80209	68	*	Scaffold632	270655	270722	68	*
Scaffold1093	77821	77872	52	*	Scaffold632	268030	268081	52	*
Scaffold1093	78752	78806	55	*	Scaffold632	269162	269216	55	*
Scaffold10934	19214	19268	55	*	Scaffold566	273703	273757	55	*
Scaffold10935	25997	26055	59	*	Scaffold797	35105	35163	59	*
Scaffold10935	23210	23260	51	*	Scaffold797	33032	33082	51	*
Scaffold10937	3722	3776	55	*	Scaffold225	610174	610228	55	*
Scaffold10948	28252	28326	75	*	Scaffold296	625592	625666	75	*
Scaffold1096	118148	118218	71	*	Scaffold376	101658	101728	71	*
Scaffold1096	78461	78513	53	*	Scaffold376	132484	132536	53	*
Scaffold1096	80989	81058	70	*	Scaffold376	130740	130809	70	*
Scaffold1096	75560	75611	52	*	Scaffold376	135782	135833	52	*
Scaffold1096	44794	44845	52	*	Scaffold376	153554	153605	52	*
Scaffold1096	53997	54052	56	*	Scaffold376	147731	147786	56	*
Scaffold1096	90608	90682	75	*	Scaffold376	125061	125135	75	*
Scaffold1096	79006	79083	78	*	Scaffold376	131914	131991	78	*
Scaffold1096	82114	82183	70	*	Scaffold376	130740	130809	70	*
Scaffold1096	92777	92835	59	*	Scaffold376	122449	122507	59	*
Scaffold10963	2044	2140	97	*	Scaffold1395	158006	158102	97	*
Scaffold10965	18506	18558	53	*	Scaffold578	77878	77930	53	*
Scaffold10965	21731	21783	53	*	Scaffold8846	3252	3304	53	*
Scaffold10966	79567	79621	55	*	Scaffold1048	118375	118429	55	*
Scaffold10966	79561	79626	66	*	Scaffold1208	135562	135627	66	*
Scaffold10966	79557	79625	69	*	Scaffold125	447784	447852	69	*
Scaffold10966	79565	79626	62	*	Scaffold1339	225741	225802	62	*
Scaffold10966	79562	79623	62	*	Scaffold1365	92524	92585	62	*
Scaffold10966	79566	79623	58	*	Scaffold1564	91681	91738	58	*
Scaffold10966	79557	79624	68	*	Scaffold1657	69678	69745	68	*
Scaffold10966	79560	79621	62	*	Scaffold1714	5464	5525	62	*
Scaffold10966	79559	79625	67	*	Scaffold1780	112517	112583	67	*
Scaffold10966	79565	79622	58	*	Scaffold234	163712	163769	58	*
Scaffold10966	79556	79625	70	*	Scaffold240	3326	3395	70	*
Scaffold10966	79570	79626	57	*	Scaffold2719	44910	44966	57	*
Scaffold10966	79559	79615	57	*	Scaffold333	666239	666295	57	*
Scaffold10966	79567	79618	52	*	Scaffold364	736952	737003	52	*
Scaffold10966	79563	79621	59	*	Scaffold409	438255	438313	59	*
Scaffold10966	79571	79626	56	*	Scaffold4341	2168	2223	56	*
Scaffold10966	79571	79626	56	*	Scaffold4341	2941	2996	56	*
Scaffold10966	79561	79626	66	*	Scaffold529	22088	22153	66	*
Scaffold10966	79557	79625	69	*	Scaffold53	537733	537801	69	*
Scaffold10966	79566	79624	59	*	Scaffold90	63122	63180	59	*
Scaffold10968	9110	9163	54	*	Scaffold352	675904	675957	54	*
Scaffold10968	46193	46264	72	*	Scaffold352	641213	641284	72	*
Scaffold10968	12591	12643	53	*	Scaffold352	673374	673426	53	*
Scaffold10968	43766	43820	55	*	Scaffold352	642835	642889	55	*
Scaffold10968	18961	19030	70	*	Scaffold413	8586	8655	70	*
Scaffold1097	115615	115679	65	*	Scaffold171	227565	227629	65	*
Scaffold1097	115622	115680	59	*	Scaffold238	44676	44734	59	*
Scaffold1097	115623	115679	57	*	Scaffold238	397048	397104	57	*
Scaffold10974	493	542	50	*	Scaffold196	383167	383216	50	*
Scaffold10978	4074	4134	61	*	Scaffold2502	9977	10037	61	*
Scaffold10978	751	803	53	*	Scaffold86	197841	197893	53	*
Scaffold1098	22060	22109	50	*	Scaffold8522	23753	23802	50	*
Scaffold1098	17555	17605	51	*	Scaffold8522	28029	28079	51	*
Scaffold1098	21999	22052	54	*	Scaffold8522	23810	23863	54	*
Scaffold1099	62245	62294	50	*	Scaffold22659	161	210	50	*
Scaffold1099	62314	62365	52	*	Scaffold22659	90	141	52	*
Scaffold109934	583	667	85	*	Scaffold2	48812	48896	85	*
Scaffold109946	1	64	64	*	Scaffold1996	25347	25410	64	*
Scaffold10995	14615	14680	66	*	Scaffold3324	25497	25562	66	*
Scaffold10995	14279	14338	60	*	Scaffold364	601714	601773	60	*
Scaffold10995	14289	14351	63	*	Scaffold44	1133087	1133149	63	*
Scaffold10995	14424	14483	60	*	Scaffold44	1132955	1133014	60	*
Scaffold10995	14303	14373	71	*	Scaffold5191	8795	8865	71	*
Scaffold10995	14327	14416	90	*	Scaffold925	14915	15004	90	*
Scaffold10995	14418	14484	67	*	Scaffold925	15006	15072	67	*
Scaffold109963	224	282	59	*	Scaffold140	790807	790865	59	*
Scaffold11	209136	209185	50	*	Scaffold328	468678	468727	50	*
Scaffold11	180153	180214	62	*	Scaffold328	454129	454190	62	*
Scaffold11	181326	181380	55	*	Scaffold328	455168	455222	55	*
Scaffold110	151500	151576	77	*	Scaffold1263	141283	141359	77	*
Scaffold110	118213	118286	74	*	Scaffold165	448423	448496	74	*
Scaffold110	75752	75814	63	*	Scaffold165	475924	475986	63	*
Scaffold110	194068	194121	54	*	Scaffold165	382830	382883	54	*
Scaffold110	17031	17086	56	*	Scaffold222	169132	169187	56	*
Scaffold110	160296	160384	89	*	Scaffold296	625532	625620	89	*
Scaffold110	160609	160659	51	*	Scaffold296	625840	625890	51	*
Scaffold110	160348	160428	81	*	Scaffold424	24198	24278	81	*
Scaffold110	147273	147362	90	*	Scaffold655	152667	152756	90	*
Scaffold110	118213	118286	74	*	Scaffold960	57919	57992	74	*
Scaffold1100	47130	47185	56	*	Scaffold1	1533861	1533916	56	*
Scaffold110018	16	84	69	*	Scaffold1878	466	534	69	*
Scaffold11018	4051	4171	121	*	Scaffold749	140838	140958	121	*
Scaffold11022	19185	19263	79	*	Scaffold945	90607	90685	79	*
Scaffold110265	133	182	50	*	Scaffold661	77829	77878	50	*
Scaffold110265	33	94	62	*	Scaffold661	77920	77981	62	*
Scaffold1103	94635	94695	61	*	Scaffold13	310338	310398	61	*
Scaffold11030	13191	13246	56	*	Scaffold369	317607	317662	56	*
Scaffold11038	44804	44859	56	*	Scaffold249	54779	54834	56	*
Scaffold11054	31496	31547	52	*	Scaffold1206	124746	124797	52	*
Scaffold1106	3621	3684	64	*	Scaffold1461	138908	138971	64	*
Scaffold11069	19165	19222	58	*	Scaffold279	312967	313024	58	*
Scaffold1107	219290	219366	77	*	Scaffold121	168912	168988	77	*
Scaffold1107	188493	188579	87	*	Scaffold121	137835	137921	87	*
Scaffold1107	163537	163587	51	*	Scaffold121	102853	102903	51	*
Scaffold1107	132741	132791	51	*	Scaffold121	87057	87107	51	*
Scaffold1107	187478	187529	52	*	Scaffold121	136338	136389	52	*
Scaffold1107	220597	220659	63	*	Scaffold121	170641	170703	63	*
Scaffold1107	223576	223629	54	*	Scaffold121	174013	174066	54	*
Scaffold1107	132741	132791	51	*	Scaffold1381	197401	197451	51	*
Scaffold1107	102737	102821	85	*	Scaffold1381	171611	171695	85	*
Scaffold1107	108093	108146	54	*	Scaffold1381	175520	175573	54	*
Scaffold1107	144507	144563	57	*	Scaffold1381	210924	210980	57	*
Scaffold1107	62552	62615	64	*	Scaffold1381	126009	126072	64	*
Scaffold1107	22596	22648	53	*	Scaffold1381	79275	79327	53	*
Scaffold1107	61184	61257	74	*	Scaffold1381	124351	124424	74	*
Scaffold1107	159743	159800	58	*	Scaffold1381	225277	225334	58	*
Scaffold1107	117757	117806	50	*	Scaffold1381	184961	185010	50	*
Scaffold1107	102942	102992	51	*	Scaffold1381	171816	171866	51	*
Scaffold1107	117244	117293	50	*	Scaffold1381	184961	185010	50	*
Scaffold1107	143378	143434	57	*	Scaffold1381	209717	209773	57	*
Scaffold1107	132003	132060	58	*	Scaffold1381	196660	196717	58	*
Scaffold11077	136	206	71	*	Scaffold139	123101	123171	71	*
Scaffold11077	716	793	78	*	Scaffold1496	321224	321301	78	*
Scaffold11077	35564	35625	62	*	Scaffold1496	365605	365666	62	*
Scaffold11077	47394	47447	54	*	Scaffold1496	377109	377162	54	*
Scaffold11077	15927	15999	73	*	Scaffold1496	353831	353903	73	*
Scaffold11095	7324	7378	55	*	Scaffold4075	5562	5616	55	*
Scaffold110957	1	51	51	*	Scaffold62	1071680	1071730	51	*
Scaffold110957	248	298	51	*	Scaffold62	1071929	1071979	51	*
Scaffold110957	115	168	54	*	Scaffold62	1071795	1071848	54	*
Scaffold111	64404	64453	50	*	Scaffold1062	209886	209935	50	*
Scaffold111	64404	64453	50	*	Scaffold1062	328693	328742	50	*
Scaffold111	145070	145120	51	*	Scaffold332	485519	485569	51	*
Scaffold1110	48365	48414	50	*	Scaffold283	429039	429088	50	*
Scaffold1110	68214	68270	57	*	Scaffold283	447902	447958	57	*
Scaffold1110	49110	49159	50	*	Scaffold283	429039	429088	50	*
Scaffold11104	17656	17720	65	*	Scaffold1527	43370	43434	65	*
Scaffold11106	18194	18246	53	*	Scaffold645	372934	372986	53	*
Scaffold11106	18053	18103	51	*	Scaffold645	373077	373127	51	*
Scaffold11109	17414	17467	54	*	Scaffold564	309844	309897	54	*
Scaffold11109	16986	17036	51	*	Scaffold564	309336	309386	51	*
Scaffold1111	78189	78239	51	*	Scaffold858	520077	520127	51	*
Scaffold1114	101302	101362	61	*	Scaffold770	76225	76285	61	*
Scaffold11140	14212	14263	52	*	Scaffold391	764207	764258	52	*
Scaffold11140	11845	11898	54	*	Scaffold993	326231	326284	54	*
Scaffold11142	6087	6149	63	*	Scaffold1472	23460	23522	63	*
Scaffold111440	15402	15455	54	*	Scaffold413	8647	8700	54	*
Scaffold1115	56028	56083	56	*	Scaffold55	1029843	1029898	56	*
Scaffold11161	5905	5999	95	*	Scaffold2280	3213	3307	95	*
Scaffold1117	115320	115381	62	*	Scaffold1038	19770	19831	62	*
Scaffold1117	7512	7579	68	*	Scaffold1869	4660	4727	68	*
Scaffold1117	7272	7323	52	*	Scaffold1869	4917	4968	52	*
Scaffold1117	27324	27381	58	*	Scaffold77	448011	448068	58	*
Scaffold1117	18373	18461	89	*	Scaffold77	459479	459567	89	*
Scaffold1117	27324	27381	58	*	Scaffold792	199693	199750	58	*
Scaffold11177	17194	17250	57	*	Scaffold489	247382	247438	57	*
Scaffold11177	6758	6811	54	*	Scaffold489	236221	236274	54	*
Scaffold11191	54280	54330	51	*	Scaffold1046	93150	93200	51	*
Scaffold111989	227	278	52	*	Scaffold1446	122211	122262	52	*
Scaffold112001	211	263	53	*	Scaffold2782	44279	44331	53	*
Scaffold11206	38789	38842	54	*	Scaffold485	162145	162198	54	*
Scaffold11206	11853	11917	65	*	Scaffold661	78075	78139	65	*
Scaffold1121	16372	16426	55	*	Scaffold258	120305	120359	55	*
Scaffold1121	16372	16426	55	*	Scaffold3499	317	371	55	*
Scaffold11213	4256	4319	64	*	Scaffold1338	151679	151742	64	*
Scaffold11213	4267	4317	51	*	Scaffold2526	182487	182537	51	*
Scaffold11213	4270	4320	51	*	Scaffold267	463372	463422	51	*
Scaffold11213	4268	4318	51	*	Scaffold336	89964	90014	51	*
Scaffold11213	4279	4328	50	*	Scaffold404	340208	340257	50	*
Scaffold11213	4268	4317	50	*	Scaffold44	988450	988499	50	*
Scaffold11213	4270	4319	50	*	Scaffold903	7337	7386	50	*
Scaffold11213	4262	4320	59	*	Scaffold911	364085	364143	59	*
Scaffold1122	19486	19543	58	*	Scaffold126	156600	156657	58	*
Scaffold1122	43043	43109	67	*	Scaffold595	191523	191589	67	*
Scaffold1122	14890	14939	50	*	Scaffold79	375260	375309	50	*
Scaffold11225	17982	18040	59	*	Scaffold105	180622	180680	59	*
Scaffold11225	18586	18638	53	*	Scaffold2	624169	624221	53	*
Scaffold112258	37	97	61	*	Scaffold247	420751	420811	61	*
Scaffold1124	15950	16017	68	*	Scaffold5474	14347	14414	68	*
Scaffold112595	30	108	79	*	Scaffold1093	21962	22040	79	*
Scaffold112595	50	102	53	*	Scaffold1144	204238	204290	53	*
Scaffold112595	31	88	58	*	Scaffold1177	209992	210049	58	*
Scaffold112595	38	97	60	*	Scaffold12703	192	251	60	*
Scaffold112595	39	91	53	*	Scaffold1281	59391	59443	53	*
Scaffold112595	43	110	68	*	Scaffold1379	234054	234121	68	*
Scaffold112595	51	117	67	*	Scaffold142	601571	601637	67	*
Scaffold112595	33	87	55	*	Scaffold14720	3201	3255	55	*
Scaffold112595	90	150	61	*	Scaffold1539	155519	155579	61	*
Scaffold112595	56	110	55	*	Scaffold1640	266717	266771	55	*
Scaffold112595	33	100	68	*	Scaffold170	624033	624100	68	*
Scaffold112595	25	92	68	*	Scaffold1871	90505	90572	68	*
Scaffold112595	21	85	65	*	Scaffold195	503799	503863	65	*
Scaffold112595	37	91	55	*	Scaffold205	643135	643189	55	*
Scaffold112595	46	95	50	*	Scaffold2333	34701	34750	50	*
Scaffold112595	63	116	54	*	Scaffold267	542976	543029	54	*
Scaffold112595	58	112	55	*	Scaffold26791	632	686	55	*
Scaffold112595	70	119	50	*	Scaffold2704	58781	58830	50	*
Scaffold112595	36	99	64	*	Scaffold276	388609	388672	64	*
Scaffold112595	33	87	55	*	Scaffold364	575582	575636	55	*
Scaffold112595	47	116	70	*	Scaffold378	556159	556228	70	*
Scaffold112595	124	190	67	*	Scaffold39	838205	838271	67	*
Scaffold112595	32	84	53	*	Scaffold404	231050	231102	53	*
Scaffold112595	34	84	51	*	Scaffold469	194249	194299	51	*
Scaffold112595	34	104	71	*	Scaffold504	676071	676141	71	*
Scaffold112595	12	73	62	*	Scaffold55	424888	424949	62	*
Scaffold112595	16	70	55	*	Scaffold57	1427227	1427281	55	*
Scaffold112595	31	154	124	*	Scaffold692	205166	205289	124	*
Scaffold112595	91	146	56	*	Scaffold71	745347	745402	56	*
Scaffold112595	33	86	54	*	Scaffold824	127232	127285	54	*
Scaffold112595	30	80	51	*	Scaffold848	428140	428190	51	*
Scaffold11264	25134	25192	59	*	Scaffold1125	234679	234737	59	*
Scaffold11264	24970	25039	70	*	Scaffold5191	8359	8428	70	*
Scaffold11264	25084	25153	70	*	Scaffold5191	8245	8314	70	*
Scaffold11264	25134	25184	51	*	Scaffold578	189795	189845	51	*
Scaffold11264	24986	25055	70	*	Scaffold578	189653	189722	70	*
Scaffold112661	40	98	59	*	Scaffold1227	25094	25152	59	*
Scaffold11268	2690	2745	56	*	Scaffold365	282334	282389	56	*
Scaffold11269	45688	45750	63	*	Scaffold389	406209	406271	63	*
Scaffold112742	137	195	59	*	Scaffold100	4081	4139	59	*
Scaffold112910	7	60	54	*	Scaffold141	326618	326671	54	*
Scaffold112910	9	61	53	*	Scaffold1477	28217	28269	53	*
Scaffold112910	8	64	57	*	Scaffold18	409083	409139	57	*
Scaffold112910	1	61	61	*	Scaffold676	12210	12270	61	*
Scaffold112910	8	57	50	*	Scaffold857	184473	184522	50	*
Scaffold112956	194	245	52	*	Scaffold1763	123809	123860	52	*
Scaffold112961	29	81	53	*	Scaffold1062	173644	173696	53	*
Scaffold112975	390	462	73	*	Scaffold688	11425	11497	73	*
Scaffold11299	12086	12138	53	*	Scaffold1297	210846	210898	53	*
Scaffold11299	13739	13794	56	*	Scaffold1297	212137	212192	56	*
Scaffold11299	10835	10887	53	*	Scaffold1297	210846	210898	53	*
Scaffold113	141753	141827	75	*	Scaffold7861	7	81	75	*
Scaffold113	144947	145032	86	*	Scaffold796	26912	26997	86	*
Scaffold113	176707	176787	81	*	Scaffold796	42774	42854	81	*
Scaffold113	147495	147569	75	*	Scaffold796	28298	28372	75	*
Scaffold113	200019	200072	54	*	Scaffold796	67348	67401	54	*
Scaffold113	143122	143171	50	*	Scaffold796	25704	25753	50	*
Scaffold113	141753	141827	75	*	Scaffold796	24341	24415	75	*
Scaffold113	143178	143250	73	*	Scaffold796	25760	25832	73	*
Scaffold113	184352	184422	71	*	Scaffold796	49556	49626	71	*
Scaffold11308	40467	40531	65	*	Scaffold661	78136	78200	65	*
Scaffold113126	139	199	61	*	Scaffold265	368018	368078	61	*
Scaffold113126	102	190	89	*	Scaffold879	173596	173684	89	*
Scaffold11316	16346	16398	53	*	Scaffold33	369727	369779	53	*
Scaffold11319	6542	6599	58	*	Scaffold688	11430	11487	58	*
Scaffold11321	32007	32072	66	*	Scaffold80	683973	684038	66	*
Scaffold1133	28604	28667	64	*	Scaffold248	201131	201194	64	*
Scaffold11337	23469	23540	72	*	Scaffold1668	96348	96419	72	*
Scaffold1135	75360	75411	52	*	Scaffold136	44826	44877	52	*
Scaffold11351	219	283	65	*	Scaffold1358	19019	19083	65	*
Scaffold11351	221	273	53	*	Scaffold18782	1	53	53	*
Scaffold11351	289	340	52	*	Scaffold18782	69	120	52	*
Scaffold11351	303	352	50	*	Scaffold2280	3496	3545	50	*
Scaffold11351	277	350	74	*	Scaffold237	110129	110202	74	*
Scaffold11351	219	293	75	*	Scaffold3377	41797	41871	75	*
Scaffold11351	223	273	51	*	Scaffold400	607751	607801	51	*
Scaffold11351	249	298	50	*	Scaffold51	184314	184363	50	*
Scaffold113596	87	148	62	*	Scaffold1284	350374	350435	62	*
Scaffold113596	28	134	107	*	Scaffold1527	43436	43542	107	*
Scaffold113596	77	132	56	*	Scaffold77	996186	996241	56	*
Scaffold1136	28004	28056	53	*	Scaffold688	320128	320180	53	*
Scaffold1136	142405	142481	77	*	Scaffold688	429506	429582	77	*
Scaffold1136	26403	26478	76	*	Scaffold688	318801	318876	76	*
Scaffold1136	18698	18749	52	*	Scaffold688	313659	313710	52	*
Scaffold1136	27719	27779	61	*	Scaffold688	319846	319906	61	*
Scaffold1136	143023	143097	75	*	Scaffold688	430028	430102	75	*
Scaffold1136	26527	26583	57	*	Scaffold688	318923	318979	57	*
Scaffold1136	100302	100381	80	*	Scaffold688	391717	391796	80	*
Scaffold1136	105992	106042	51	*	Scaffold688	398831	398881	51	*
Scaffold1136	159380	159436	57	*	Scaffold688	439375	439431	57	*
Scaffold1136	80991	81054	64	*	Scaffold688	377426	377489	64	*
Scaffold1136	106386	106446	61	*	Scaffold688	399219	399279	61	*
Scaffold1136	136395	136470	76	*	Scaffold688	424893	424968	76	*
Scaffold1136	81056	81106	51	*	Scaffold688	377491	377541	51	*
Scaffold1136	104682	104734	53	*	Scaffold688	396910	396962	53	*
Scaffold1136	107796	107854	59	*	Scaffold688	401047	401105	59	*
Scaffold1136	106598	106650	53	*	Scaffold688	399429	399481	53	*
Scaffold1136	81244	81295	52	*	Scaffold688	377678	377729	52	*
Scaffold1136	101923	101986	64	*	Scaffold688	393451	393514	64	*
Scaffold1136	27882	27954	73	*	Scaffold688	320009	320081	73	*
Scaffold1136	82343	82399	57	*	Scaffold688	378950	379006	57	*
Scaffold1136	84709	84786	78	*	Scaffold688	381382	381459	78	*
Scaffold1136	103381	103439	59	*	Scaffold688	395372	395430	59	*
Scaffold1136	196450	196499	50	*	Scaffold688	463784	463833	50	*
Scaffold1136	100484	100605	122	*	Scaffold688	391896	392017	122	*
Scaffold1136	49587	49657	71	*	Scaffold688	336896	336966	71	*
Scaffold1136	189002	189096	95	*	Scaffold688	458790	458884	95	*
Scaffold1136	135571	135625	55	*	Scaffold688	423415	423469	55	*
Scaffold1136	18801	18875	75	*	Scaffold688	313766	313840	75	*
Scaffold1136	82229	82306	78	*	Scaffold688	378836	378913	78	*
Scaffold1136	47385	47455	71	*	Scaffold688	336896	336966	71	*
Scaffold1136	53646	53698	53	*	Scaffold688	347318	347370	53	*
Scaffold1136	194601	194652	52	*	Scaffold688	463111	463162	52	*
Scaffold11367	32534	32617	84	*	Scaffold571	255189	255272	84	*
Scaffold11376	8974	9043	70	*	Scaffold1063	396728	396797	70	*
Scaffold11376	8992	9053	62	*	Scaffold3351	788	849	62	*
Scaffold1138	145939	146013	75	*	Scaffold162	256432	256506	75	*
Scaffold1138	146137	146238	102	*	Scaffold162	256642	256743	102	*
Scaffold1138	139497	139552	56	*	Scaffold162	246442	246497	56	*
Scaffold1138	138926	138986	61	*	Scaffold162	245830	245890	61	*
Scaffold1138	114892	114943	52	*	Scaffold162	223973	224024	52	*
Scaffold1138	74759	74819	61	*	Scaffold162	186108	186168	61	*
Scaffold1138	126593	126676	84	*	Scaffold162	236260	236343	84	*
Scaffold11386	7705	7776	72	*	Scaffold1984	79184	79255	72	*
Scaffold11387	10159	10212	54	*	Scaffold142	936060	936113	54	*
Scaffold114	60429	60492	64	*	Scaffold633	232804	232867	64	*
Scaffold114	45845	45923	79	*	Scaffold670	158200	158278	79	*
Scaffold114	52709	52759	51	*	Scaffold670	81507	81557	51	*
Scaffold11406	36898	36952	55	*	Scaffold13430	2	56	55	*
Scaffold11410	13093	13148	56	*	Scaffold344	472593	472648	56	*
Scaffold11411	4566	4627	62	*	Scaffold196	382771	382832	62	*
Scaffold11413	4455	4509	55	*	Scaffold1642	105310	105364	55	*
Scaffold1142	63153	63202	50	*	Scaffold577	142429	142478	50	*
Scaffold1142	96663	96723	61	*	Scaffold577	120131	120191	61	*
Scaffold1142	8098	8148	51	*	Scaffold69	534167	534217	51	*
Scaffold11420	7723	7778	56	*	Scaffold470	293480	293535	56	*
Scaffold11420	7780	7845	66	*	Scaffold470	293537	293602	66	*
Scaffold114205	7	61	55	*	Scaffold2782	52417	52471	55	*
Scaffold114259	6	60	55	*	Scaffold2200	61272	61326	55	*
Scaffold1143	118481	118531	51	*	Scaffold417	287812	287862	51	*
Scaffold11430	13188	13253	66	*	Scaffold282	345818	345883	66	*
Scaffold11430	13320	13370	51	*	Scaffold282	345949	345999	51	*
Scaffold11430	13255	13312	58	*	Scaffold282	345885	345942	58	*
Scaffold114370	636	692	57	*	Scaffold898	158946	159002	57	*
Scaffold1144	34931	34981	51	*	Scaffold949	129667	129717	51	*
Scaffold1145	30958	31012	55	*	Scaffold549	28820	28874	55	*
Scaffold1145	30958	31012	55	*	Scaffold549	33248	33302	55	*
Scaffold114503	1627	1677	51	*	Scaffold113	356594	356644	51	*
Scaffold11453	13596	13700	105	*	Scaffold442	232089	232193	105	*
Scaffold114552	175	263	89	*	Scaffold124	457061	457149	89	*
Scaffold114552	198	256	59	*	Scaffold16	686365	686423	59	*
Scaffold11456	15763	15815	53	*	Scaffold1364	247772	247824	53	*
Scaffold11457	13334	13482	149	*	Scaffold5191	8352	8500	149	*
Scaffold11467	8186	8253	68	*	Scaffold879	173631	173698	68	*
Scaffold11472	1258	1313	56	*	Scaffold746	250079	250134	56	*
Scaffold11475	26326	26378	53	*	Scaffold1213	25876	25928	53	*
Scaffold114765	192	250	59	*	Scaffold248	201147	201205	59	*
Scaffold1148	68099	68202	104	*	Scaffold1564	138837	138940	104	*
Scaffold1148	122068	122148	81	*	Scaffold1564	97342	97422	81	*
Scaffold1148	68484	68539	56	*	Scaffold1564	139222	139277	56	*
Scaffold1148	96918	96983	66	*	Scaffold1564	121223	121288	66	*
Scaffold1148	88569	88644	76	*	Scaffold1564	127669	127744	76	*
Scaffold1148	6642	6711	70	*	Scaffold1564	203176	203245	70	*
Scaffold1148	67841	67928	88	*	Scaffold1564	138581	138668	88	*
Scaffold1148	100265	100323	59	*	Scaffold1564	118194	118252	59	*
Scaffold1148	68584	68635	52	*	Scaffold1564	139325	139376	52	*
Scaffold1148	68324	68394	71	*	Scaffold1564	139062	139132	71	*
Scaffold1148	61945	61996	52	*	Scaffold1564	146784	146835	52	*
Scaffold1148	87591	87660	70	*	Scaffold1564	129111	129180	70	*
Scaffold1148	99713	99789	77	*	Scaffold1564	118724	118800	77	*
Scaffold1148	20437	20491	55	*	Scaffold1564	190148	190202	55	*
Scaffold1148	7107	7182	76	*	Scaffold1564	202733	202808	76	*
Scaffold1148	5774	5831	58	*	Scaffold1564	203943	204000	58	*
Scaffold1148	92436	92488	53	*	Scaffold1564	123204	123256	53	*
Scaffold1148	36131	36198	68	*	Scaffold1564	175279	175346	68	*
Scaffold1148	96865	96914	50	*	Scaffold1564	121289	121338	50	*
Scaffold1148	20073	20131	59	*	Scaffold1564	190504	190562	59	*
Scaffold1148	92531	92601	71	*	Scaffold1564	123091	123161	71	*
Scaffold1148	99882	99934	53	*	Scaffold1564	118579	118631	53	*
Scaffold1148	78510	78564	55	*	Scaffold18	332332	332386	55	*
Scaffold11486	10840	10895	56	*	Scaffold1527	43571	43626	56	*
Scaffold11486	10573	10625	53	*	Scaffold1527	43307	43359	53	*
Scaffold11486	17206	17260	55	*	Scaffold521	469591	469645	55	*
Scaffold115	232023	232085	63	*	Scaffold19369	1613	1675	63	*
Scaffold115	223028	223081	54	*	Scaffold19369	12909	12962	54	*
Scaffold115	313879	313957	79	*	Scaffold329	314208	314286	79	*
Scaffold115	295252	295325	74	*	Scaffold329	296825	296898	74	*
Scaffold115	260584	260670	87	*	Scaffold329	260635	260721	87	*
Scaffold115	335800	335872	73	*	Scaffold329	338661	338733	73	*
Scaffold115	308142	308193	52	*	Scaffold329	307505	307556	52	*
Scaffold115	248895	248953	59	*	Scaffold329	254915	254973	59	*
Scaffold115	346811	346909	99	*	Scaffold329	350239	350337	99	*
Scaffold115	302828	302912	85	*	Scaffold329	303802	303886	85	*
Scaffold115	195841	195892	52	*	Scaffold329	206603	206654	52	*
Scaffold115	274543	274625	83	*	Scaffold329	275666	275748	83	*
Scaffold115	378218	378274	57	*	Scaffold329	377958	378014	57	*
Scaffold115	344705	344755	51	*	Scaffold329	347742	347792	51	*
Scaffold115	214747	214799	53	*	Scaffold329	223427	223479	53	*
Scaffold115	189748	189807	60	*	Scaffold329	199999	200058	60	*
Scaffold115	195307	195362	56	*	Scaffold329	205989	206044	56	*
Scaffold115	368200	368255	56	*	Scaffold329	367711	367766	56	*
Scaffold115	340478	340528	51	*	Scaffold329	343800	343850	51	*
Scaffold115	232023	232085	63	*	Scaffold329	237906	237968	63	*
Scaffold115	355082	355131	50	*	Scaffold329	357150	357199	50	*
Scaffold115	248837	248893	57	*	Scaffold329	254857	254913	57	*
Scaffold115	239248	239313	66	*	Scaffold329	243871	243936	66	*
Scaffold115	364825	364895	71	*	Scaffold329	362231	362301	71	*
Scaffold115	267013	267064	52	*	Scaffold329	267879	267930	52	*
Scaffold115	194360	194414	55	*	Scaffold329	204861	204915	55	*
Scaffold115	321320	321446	127	*	Scaffold329	320715	320841	127	*
Scaffold115	354991	355080	90	*	Scaffold329	357059	357148	90	*
Scaffold115	372792	372862	71	*	Scaffold329	372865	372935	71	*
Scaffold115	240387	240462	76	*	Scaffold329	245048	245123	76	*
Scaffold115	278572	278623	52	*	Scaffold329	279713	279764	52	*
Scaffold115	356696	356785	90	*	Scaffold329	357059	357148	90	*
Scaffold115	291223	291284	62	*	Scaffold329	294665	294726	62	*
Scaffold115	273917	273967	51	*	Scaffold329	275015	275065	51	*
Scaffold115	270672	270724	53	*	Scaffold329	272173	272225	53	*
Scaffold115	360171	360234	64	*	Scaffold329	359248	359311	64	*
Scaffold115	223028	223081	54	*	Scaffold329	228096	228149	54	*
Scaffold115	282546	282602	57	*	Scaffold329	284565	284621	57	*
Scaffold115	262651	262770	120	*	Scaffold329	263524	263643	120	*
Scaffold115	378058	378110	53	*	Scaffold329	377798	377850	53	*
Scaffold115	356787	356836	50	*	Scaffold329	357150	357199	50	*
Scaffold115	308575	308655	81	*	Scaffold329	307939	308019	81	*
Scaffold1150	103495	103593	99	*	Scaffold113	356483	356581	99	*
Scaffold1150	93205	93259	55	*	Scaffold1354	51422	51476	55	*
Scaffold1150	3637	3697	61	*	Scaffold397	47044	47104	61	*
Scaffold1150	32158	32216	59	*	Scaffold397	69494	69552	59	*
Scaffold1150	61168	61239	72	*	Scaffold397	93965	94036	72	*
Scaffold1150	65470	65526	57	*	Scaffold397	98065	98121	57	*
Scaffold1150	24422	24497	76	*	Scaffold397	61769	61844	76	*
Scaffold11504	18859	18924	66	*	Scaffold113	356584	356649	66	*
Scaffold11504	18704	18776	73	*	Scaffold113	356431	356503	73	*
Scaffold11506	10895	10996	102	*	Scaffold2782	75550	75651	102	*
Scaffold1151	65925	65980	56	*	Scaffold1256	81491	81546	56	*
Scaffold11515	12505	12561	57	*	Scaffold11978	289	345	57	*
Scaffold115191	109	164	56	*	Scaffold1223	64389	64444	56	*
Scaffold115191	19	71	53	*	Scaffold1223	64299	64351	53	*
Scaffold115191	25	83	59	*	Scaffold139	482593	482651	59	*
Scaffold115268	35	160	126	*	Scaffold1763	123708	123833	126	*
Scaffold11528	36270	36339	70	*	Scaffold157	771688	771757	70	*
Scaffold115289	62	117	56	*	Scaffold5191	8419	8474	56	*
Scaffold115289	203	257	55	*	Scaffold5191	8560	8614	55	*
Scaffold11533	760	809	50	*	Scaffold59	739947	739996	50	*
Scaffold115375	134	192	59	*	Scaffold1223	64386	64444	59	*
Scaffold115375	218	270	53	*	Scaffold1223	64308	64360	53	*
Scaffold115375	225	275	51	*	Scaffold1305	88418	88468	51	*
Scaffold115375	118	167	50	*	Scaffold249	648439	648488	50	*
Scaffold115375	212	263	52	*	Scaffold2525	45641	45692	52	*
Scaffold115375	135	206	72	*	Scaffold2525	45698	45769	72	*
Scaffold115375	62	116	55	*	Scaffold2586	60155	60209	55	*
Scaffold115375	152	222	71	*	Scaffold2586	60245	60315	71	*
Scaffold115399	452	518	67	*	Scaffold1030	358051	358117	67	*
Scaffold115399	443	494	52	*	Scaffold1119	215740	215791	52	*
Scaffold115399	445	513	69	*	Scaffold11348	311	379	69	*
Scaffold115399	448	497	50	*	Scaffold1289	322307	322356	50	*
Scaffold115399	442	500	59	*	Scaffold1301	63127	63185	59	*
Scaffold115399	446	500	55	*	Scaffold1379	219880	219934	55	*
Scaffold115399	465	529	65	*	Scaffold1753	38610	38674	65	*
Scaffold115399	443	496	54	*	Scaffold181	579723	579776	54	*
Scaffold115399	441	574	134	*	Scaffold2165	74397	74530	134	*
Scaffold115399	447	498	52	*	Scaffold229	569404	569455	52	*
Scaffold115399	441	502	62	*	Scaffold2320	71912	71973	62	*
Scaffold115399	442	494	53	*	Scaffold2354	55284	55336	53	*
Scaffold115399	467	521	55	*	Scaffold2435	175657	175711	55	*
Scaffold115399	472	522	51	*	Scaffold2673	62011	62061	51	*
Scaffold115399	444	499	56	*	Scaffold3	654779	654834	56	*
Scaffold115399	448	511	64	*	Scaffold3	1858724	1858787	64	*
Scaffold115399	445	518	74	*	Scaffold327	375586	375659	74	*
Scaffold115399	445	505	61	*	Scaffold374	499675	499735	61	*
Scaffold115399	443	503	61	*	Scaffold418	56743	56803	61	*
Scaffold115399	441	494	54	*	Scaffold420	516174	516227	54	*
Scaffold115399	443	508	66	*	Scaffold453	247015	247080	66	*
Scaffold115399	447	501	55	*	Scaffold475	153572	153626	55	*
Scaffold115399	445	497	53	*	Scaffold478	74504	74556	53	*
Scaffold115399	470	526	57	*	Scaffold482	197516	197572	57	*
Scaffold115399	443	515	73	*	Scaffold5	209059	209131	73	*
Scaffold115399	443	494	52	*	Scaffold547	74225	74276	52	*
Scaffold115399	444	511	68	*	Scaffold581	243765	243832	68	*
Scaffold115399	445	503	59	*	Scaffold735	95107	95165	59	*
Scaffold115399	451	518	68	*	Scaffold9	1191554	1191621	68	*
Scaffold11543	6888	6949	62	*	Scaffold1062	47015	47076	62	*
Scaffold11543	6888	6949	62	*	Scaffold2493	3648	3709	62	*
Scaffold115442	1	52	52	*	Scaffold22785	323	374	52	*
Scaffold11546	329	381	53	*	Scaffold1109	196283	196335	53	*
Scaffold11546	322	375	54	*	Scaffold2592	11970	12023	54	*
Scaffold115488	2928	2982	55	*	Scaffold1062	197922	197976	55	*
Scaffold115488	2876	2927	52	*	Scaffold1062	197789	197840	52	*
Scaffold1155	90198	90271	74	*	Scaffold630	566003	566076	74	*
Scaffold1155	92277	92334	58	*	Scaffold630	563996	564053	58	*
Scaffold1155	92351	92404	54	*	Scaffold630	563926	563979	54	*
Scaffold1155	100983	101038	56	*	Scaffold630	558034	558089	56	*
Scaffold1155	91072	91134	63	*	Scaffold630	565300	565362	63	*
Scaffold11550	27899	27952	54	*	Scaffold2263	53355	53408	54	*
Scaffold11550	28096	28159	64	*	Scaffold2263	53190	53253	64	*
Scaffold11550	28096	28159	64	*	Scaffold328	148631	148694	64	*
Scaffold11550	27899	27952	54	*	Scaffold328	148474	148527	54	*
Scaffold1156	23466	23520	55	*	Scaffold1446	297387	297441	55	*
Scaffold1156	24286	24347	62	*	Scaffold287	183492	183553	62	*
Scaffold11574	10127	10192	66	*	Scaffold624	734848	734913	66	*
Scaffold11574	54988	55043	56	*	Scaffold624	699313	699368	56	*
Scaffold11574	59896	59955	60	*	Scaffold624	697810	697869	60	*
Scaffold11574	54909	54967	59	*	Scaffold624	699389	699447	59	*
Scaffold1158	67546	67602	57	*	Scaffold1105	22968	23024	57	*
Scaffold1158	34448	34510	63	*	Scaffold1763	124008	124070	63	*
Scaffold1158	34449	34515	67	*	Scaffold2024	115345	115411	67	*
Scaffold1158	67541	67598	58	*	Scaffold3065	68008	68065	58	*
Scaffold1158	34446	34498	53	*	Scaffold762	99884	99936	53	*
Scaffold1158	67542	67597	56	*	Scaffold88	260409	260464	56	*
Scaffold11583	1815	1872	58	*	Scaffold561	288202	288259	58	*
Scaffold115853	146	202	57	*	Scaffold109	37499	37555	57	*
Scaffold115853	146	201	56	*	Scaffold3581	14061	14116	56	*
Scaffold11586	12774	12832	59	*	Scaffold68	1299991	1300049	59	*
Scaffold1159	92358	92409	52	*	Scaffold327	233285	233336	52	*
Scaffold1159	139779	139838	60	*	Scaffold327	264832	264891	60	*
Scaffold1159	92437	92516	80	*	Scaffold327	233364	233443	80	*
Scaffold11595	27922	27982	61	*	Scaffold90	760295	760355	61	*
Scaffold11595	28210	28260	51	*	Scaffold90	760537	760587	51	*
Scaffold11597	2689	2743	55	*	Scaffold1527	43510	43564	55	*
Scaffold115977	58	169	112	*	Scaffold123	931065	931176	112	*
Scaffold115977	198	256	59	*	Scaffold123	807121	807179	59	*
Scaffold1160	61304	61354	51	*	Scaffold129	279079	279129	51	*
Scaffold1160	45299	45354	56	*	Scaffold129	263556	263611	56	*
Scaffold1160	61365	61425	61	*	Scaffold129	279140	279200	61	*
Scaffold11602	18753	18804	52	*	Scaffold749	140838	140889	52	*
Scaffold11604	10271	10325	55	*	Scaffold115	688399	688453	55	*
Scaffold11606	15198	15277	80	*	Scaffold477	136701	136780	80	*
Scaffold11617	4858	4918	61	*	Scaffold122	1110492	1110552	61	*
Scaffold11617	4877	4930	54	*	Scaffold1992	180122	180175	54	*
Scaffold11617	4860	4926	67	*	Scaffold386	664197	664263	67	*
Scaffold11617	4867	4918	52	*	Scaffold764	86431	86482	52	*
Scaffold11620	22461	22515	55	*	Scaffold462	365696	365750	55	*
Scaffold11624	9304	9354	51	*	Scaffold25152	55	105	51	*
Scaffold116267	6134	6195	62	*	Scaffold1407	62197	62258	62	*
Scaffold11628	24556	24617	62	*	Scaffold305	674906	674967	62	*
Scaffold11629	5809	5911	103	*	Scaffold198	603662	603764	103	*
Scaffold1164	44563	44626	64	*	Scaffold1527	43436	43499	64	*
Scaffold1164	44836	44896	61	*	Scaffold1527	43576	43636	61	*
Scaffold1164	44255	44324	70	*	Scaffold1527	43130	43199	70	*
Scaffold11648	11160	11216	57	*	Scaffold12628	279	335	57	*
Scaffold1165	166196	166256	61	*	Scaffold1053	191542	191602	61	*
Scaffold1165	128100	128151	52	*	Scaffold2444	131030	131081	52	*
Scaffold1165	127905	127957	53	*	Scaffold2444	130834	130886	53	*
Scaffold1165	46983	47035	53	*	Scaffold498	411662	411714	53	*
Scaffold11654	12947	13021	75	*	Scaffold196	382149	382223	75	*
Scaffold11660	1339	1395	57	*	Scaffold25834	1264	1320	57	*
Scaffold11660	1338	1396	59	*	Scaffold63	412823	412881	59	*
Scaffold11660	1340	1395	56	*	Scaffold97	406847	406902	56	*
Scaffold11661	11440	11498	59	*	Scaffold2032	25682	25740	59	*
Scaffold1167	97184	97271	88	*	Scaffold193	435333	435420	88	*
Scaffold1167	92129	92213	85	*	Scaffold193	440327	440411	85	*
Scaffold1167	90491	90547	57	*	Scaffold198	757419	757475	57	*
Scaffold1167	90407	90467	61	*	Scaffold198	757498	757558	61	*
Scaffold1167	90521	90575	55	*	Scaffold2104	145765	145819	55	*
Scaffold1167	90438	90492	55	*	Scaffold2104	145848	145902	55	*
Scaffold1167	90322	90375	54	*	Scaffold424	320608	320661	54	*
Scaffold1167	90482	90534	53	*	Scaffold477	136699	136751	53	*
Scaffold1167	3575	3632	58	*	Scaffold558	394145	394202	58	*
Scaffold1167	90322	90375	54	*	Scaffold624	200711	200764	54	*
Scaffold11673	29569	29632	64	*	Scaffold1733	232651	232714	64	*
Scaffold11678	28504	28606	103	*	Scaffold1085	269425	269527	103	*
Scaffold11678	8192	8241	50	*	Scaffold1085	249176	249225	50	*
Scaffold11678	30371	30431	61	*	Scaffold1085	270966	271026	61	*
Scaffold1169	18381	18439	59	*	Scaffold2466	339	397	59	*
Scaffold11699	6945	6994	50	*	Scaffold2333	68868	68917	50	*
Scaffold11699	6945	6994	50	*	Scaffold564	339004	339053	50	*
Scaffold117	13613	13679	67	*	Scaffold16	405271	405337	67	*
Scaffold117	157433	157485	53	*	Scaffold94	481366	481418	53	*
Scaffold117	117337	117389	53	*	Scaffold94	506310	506362	53	*
Scaffold1170	51245	51298	54	*	Scaffold2851	16849	16902	54	*
Scaffold1170	70489	70541	53	*	Scaffold468	554091	554143	53	*
Scaffold11716	5170	5230	61	*	Scaffold1358	17062	17122	61	*
Scaffold11718	30375	30425	51	*	Scaffold56	1052881	1052931	51	*
Scaffold117199	58	136	79	*	Scaffold749	140873	140951	79	*
Scaffold11721	29904	29969	66	*	Scaffold240	220057	220122	66	*
Scaffold11727	7605	7671	67	*	Scaffold212	779363	779429	67	*
Scaffold1174	93439	93488	50	*	Scaffold2064	40883	40932	50	*
Scaffold1174	84990	85105	116	*	Scaffold2064	35379	35494	116	*
Scaffold1174	85276	85391	116	*	Scaffold2064	35379	35494	116	*
Scaffold1174	93600	93649	50	*	Scaffold2064	40721	40770	50	*
Scaffold1174	119318	119383	66	*	Scaffold2064	55704	55769	66	*
Scaffold11746	31	88	58	*	Scaffold568	324284	324341	58	*
Scaffold11746	523	599	77	*	Scaffold568	322485	322561	77	*
Scaffold11746	182	235	54	*	Scaffold568	324137	324190	54	*
Scaffold117488	25	78	54	*	Scaffold113	722382	722435	54	*
Scaffold117488	40	101	62	*	Scaffold1182	201478	201539	62	*
Scaffold117488	45	103	59	*	Scaffold1216	159770	159828	59	*
Scaffold117488	33	91	59	*	Scaffold137	146220	146278	59	*
Scaffold117488	26	87	62	*	Scaffold142	551192	551253	62	*
Scaffold117488	22	75	54	*	Scaffold1481	186500	186553	54	*
Scaffold117488	45	103	59	*	Scaffold1646	78474	78532	59	*
Scaffold117488	48	102	55	*	Scaffold1686	234436	234490	55	*
Scaffold117488	20	77	58	*	Scaffold1757	74239	74296	58	*
Scaffold117488	51	100	50	*	Scaffold20	188021	188070	50	*
Scaffold117488	37	100	64	*	Scaffold201	22577	22640	64	*
Scaffold117488	28	99	72	*	Scaffold220	255200	255271	72	*
Scaffold117488	26	77	52	*	Scaffold2237	57615	57666	52	*
Scaffold117488	12	61	50	*	Scaffold2283	32019	32068	50	*
Scaffold117488	48	98	51	*	Scaffold2461	25580	25630	51	*
Scaffold117488	35	101	67	*	Scaffold256	767868	767934	67	*
Scaffold117488	39	90	52	*	Scaffold279	464237	464288	52	*
Scaffold117488	39	90	52	*	Scaffold279	479435	479486	52	*
Scaffold117488	39	92	54	*	Scaffold285	310259	310312	54	*
Scaffold117488	25	76	52	*	Scaffold293	279416	279467	52	*
Scaffold117488	42	101	60	*	Scaffold3013	3687	3746	60	*
Scaffold117488	36	94	59	*	Scaffold315	293634	293692	59	*
Scaffold117488	44	102	59	*	Scaffold32	825442	825500	59	*
Scaffold117488	25	95	71	*	Scaffold355	59420	59490	71	*
Scaffold117488	31	91	61	*	Scaffold362	543357	543417	61	*
Scaffold117488	38	93	56	*	Scaffold408	17456	17511	56	*
Scaffold117488	46	102	57	*	Scaffold461	38961	39017	57	*
Scaffold117488	26	81	56	*	Scaffold467	579979	580034	56	*
Scaffold117488	30	91	62	*	Scaffold48	933941	934002	62	*
Scaffold117488	21	78	58	*	Scaffold511	307277	307334	58	*
Scaffold117488	40	91	52	*	Scaffold517	352437	352488	52	*
Scaffold117488	48	115	68	*	Scaffold5578	10	77	68	*
Scaffold117488	31	88	58	*	Scaffold700	156101	156158	58	*
Scaffold117488	47	102	56	*	Scaffold828	278806	278861	56	*
Scaffold117488	45	102	58	*	Scaffold8576	2270	2327	58	*
Scaffold1177	38817	38871	55	*	Scaffold120	301553	301607	55	*
Scaffold11772	14216	14265	50	*	Scaffold22804	2233	2282	50	*
Scaffold11772	30525	30577	53	*	Scaffold31	293638	293690	53	*
Scaffold117773	47	100	54	*	Scaffold27251	760	813	54	*
Scaffold11784	34423	34606	184	*	Scaffold5191	8298	8481	184	*
Scaffold11784	47119	47168	50	*	Scaffold8887	14572	14621	50	*
Scaffold118028	186	238	53	*	Scaffold1008	216243	216295	53	*
Scaffold118028	117	170	54	*	Scaffold198	603524	603577	54	*
Scaffold118028	186	238	53	*	Scaffold198	603592	603644	53	*
Scaffold11803	16833	16906	74	*	Scaffold400	440797	440870	74	*
Scaffold11803	9483	9544	62	*	Scaffold951	126492	126553	62	*
Scaffold11812	19206	19257	52	*	Scaffold6109	7797	7848	52	*
Scaffold11823	40462	40511	50	*	Scaffold615	217233	217282	50	*
Scaffold11823	34614	34664	51	*	Scaffold615	222641	222691	51	*
Scaffold11823	39181	39267	87	*	Scaffold615	218290	218376	87	*
Scaffold11823	44271	44370	100	*	Scaffold615	214228	214327	100	*
Scaffold1183	1734	1783	50	*	Scaffold2508	69162	69211	50	*
Scaffold11835	36544	36599	56	*	Scaffold481	547067	547122	56	*
Scaffold11835	36523	36663	141	*	Scaffold5191	8363	8503	141	*
Scaffold118450	238	289	52	*	Scaffold2782	127918	127969	52	*
Scaffold1185	66142	66212	71	*	Scaffold18	332699	332769	71	*
Scaffold118501	52	106	55	*	Scaffold298	206785	206839	55	*
Scaffold11859	11682	11795	114	*	Scaffold688	11391	11504	114	*
Scaffold11862	17676	17728	53	*	Scaffold280	462390	462442	53	*
Scaffold11871	12290	12339	50	*	Scaffold797	60359	60408	50	*
Scaffold11871	12082	12144	63	*	Scaffold797	60554	60616	63	*
Scaffold11871	12176	12234	59	*	Scaffold797	60464	60522	59	*
Scaffold11871	12818	12872	55	*	Scaffold797	59682	59736	55	*
Scaffold11873	2851	2911	61	*	Scaffold177	322189	322249	61	*
Scaffold11873	25420	25469	50	*	Scaffold2273	99334	99383	50	*
Scaffold11873	2851	2911	61	*	Scaffold2273	98812	98872	61	*
Scaffold11876	6061	6138	78	*	Scaffold336	444745	444822	78	*
Scaffold1188	135953	136016	64	*	Scaffold1331	167956	168019	64	*
Scaffold11889	11487	11536	50	*	Scaffold119	104871	104920	50	*
Scaffold1189	115616	115668	53	*	Scaffold2033	91430	91482	53	*
Scaffold1189	115616	115674	59	*	Scaffold2748	17917	17975	59	*
Scaffold1189	115616	115674	59	*	Scaffold2748	32745	32803	59	*
Scaffold119	190982	191034	53	*	Scaffold18	683165	683217	53	*
Scaffold119	168878	168928	51	*	Scaffold2299	53926	53976	51	*
Scaffold119	190982	191035	54	*	Scaffold330	419676	419729	54	*
Scaffold1190	44241	44292	52	*	Scaffold477	136699	136750	52	*
Scaffold11904	29569	29626	58	*	Scaffold132	646600	646657	58	*
Scaffold11904	29562	29615	54	*	Scaffold1368	134100	134153	54	*
Scaffold11904	29563	29645	83	*	Scaffold17156	1574	1656	83	*
Scaffold11904	29581	29640	60	*	Scaffold1739	32020	32079	60	*
Scaffold11904	29562	29645	84	*	Scaffold1992	16084	16167	84	*
Scaffold11906	8700	8756	57	*	Scaffold2413	21299	21355	57	*
Scaffold11907	20961	21025	65	*	Scaffold1763	110158	110222	65	*
Scaffold11908	33206	33255	50	*	Scaffold1326	143123	143172	50	*
Scaffold11908	19350	19409	60	*	Scaffold1326	155286	155345	60	*
Scaffold1191	123917	123966	50	*	Scaffold1062	173650	173699	50	*
Scaffold1191	123741	123800	60	*	Scaffold1763	123723	123782	60	*
Scaffold1191	124034	124086	53	*	Scaffold1763	124018	124070	53	*
Scaffold1191	124049	124105	57	*	Scaffold18167	708	764	57	*
Scaffold1191	123916	123974	59	*	Scaffold194	624458	624516	59	*
Scaffold1191	111943	112011	69	*	Scaffold2395	94295	94363	69	*
Scaffold1191	124034	124083	50	*	Scaffold364	398223	398272	50	*
Scaffold1191	124048	124105	58	*	Scaffold94	597103	597160	58	*
Scaffold119197	1	88	88	*	Scaffold3112	32299	32386	88	*
Scaffold1192	120771	120837	67	*	Scaffold470	293538	293604	67	*
Scaffold1192	120624	120676	53	*	Scaffold470	293391	293443	53	*
Scaffold1192	120689	120766	78	*	Scaffold470	293456	293533	78	*
Scaffold11925	12344	12435	92	*	Scaffold1763	123823	123914	92	*
Scaffold11925	12437	12513	77	*	Scaffold1763	123745	123821	77	*
Scaffold11925	12344	12394	51	*	Scaffold591	361466	361516	51	*
Scaffold11927	6044	6123	80	*	Scaffold130	267190	267269	80	*
Scaffold11927	12088	12167	80	*	Scaffold26523	85	164	80	*
Scaffold11927	13641	13720	80	*	Scaffold831	37313	37392	80	*
Scaffold11927	12088	12167	80	*	Scaffold831	37313	37392	80	*
Scaffold11927	6266	6325	60	*	Scaffold886	200400	200459	60	*
Scaffold11927	6044	6123	80	*	Scaffold911	318093	318172	80	*
Scaffold11927	6044	6123	80	*	Scaffold926	287174	287253	80	*
Scaffold11928	216	267	52	*	Scaffold520	597327	597378	52	*
Scaffold11928	5119	5184	66	*	Scaffold520	592150	592215	66	*
Scaffold11928	28218	28267	50	*	Scaffold520	569121	569170	50	*
Scaffold11928	20399	20466	68	*	Scaffold520	576396	576463	68	*
Scaffold11928	8663	8719	57	*	Scaffold520	588016	588072	57	*
Scaffold11928	4617	4693	77	*	Scaffold520	592640	592716	77	*
Scaffold11928	23113	23187	75	*	Scaffold520	573346	573420	75	*
Scaffold11928	19806	19864	59	*	Scaffold520	576977	577035	59	*
Scaffold11928	20468	20528	61	*	Scaffold520	576334	576394	61	*
Scaffold11928	8422	8505	84	*	Scaffold520	588231	588314	84	*
Scaffold11928	23038	23091	54	*	Scaffold520	573442	573495	54	*
Scaffold11928	24482	24532	51	*	Scaffold520	573361	573411	51	*
Scaffold11928	18711	18767	57	*	Scaffold520	578071	578127	57	*
Scaffold11930	25915	25971	57	*	Scaffold1789	119565	119621	57	*
Scaffold1194	61019	61081	63	*	Scaffold1415	86944	87006	63	*
Scaffold1194	61262	61311	50	*	Scaffold2280	3339	3388	50	*
Scaffold11943	17493	17542	50	*	Scaffold451	628676	628725	50	*
Scaffold11946	30466	30547	82	*	Scaffold29	587070	587151	82	*
Scaffold119540	1	135	135	*	Scaffold558	394185	394319	135	*
Scaffold119600	1960	2015	56	*	Scaffold48	933465	933520	56	*
Scaffold119633	139	192	54	*	Scaffold477	136591	136644	54	*
Scaffold119643	1	55	55	*	Scaffold69	694595	694649	55	*
Scaffold119643	57	106	50	*	Scaffold69	694651	694700	50	*
Scaffold11966	1609	1678	70	*	Scaffold5191	8256	8325	70	*
Scaffold119697	1	98	98	*	Scaffold198	603575	603672	98	*
Scaffold1197	31702	31766	65	*	Scaffold113	356517	356581	65	*
Scaffold1197	31647	31701	55	*	Scaffold1131	86750	86804	55	*
Scaffold1197	71144	71216	73	*	Scaffold5191	8867	8939	73	*
Scaffold11974	9897	9953	57	*	Scaffold520	483981	484037	57	*
Scaffold11974	9631	9691	61	*	Scaffold520	483914	483974	61	*
Scaffold11974	9698	9754	57	*	Scaffold520	483981	484037	57	*
Scaffold11974	35080	35132	53	*	Scaffold520	508691	508743	53	*
Scaffold11974	16928	17026	99	*	Scaffold520	490663	490761	99	*
Scaffold11974	34972	35062	91	*	Scaffold520	508583	508673	91	*
Scaffold11974	39520	39576	57	*	Scaffold520	512880	512936	57	*
Scaffold11974	38611	38683	73	*	Scaffold520	512232	512304	73	*
Scaffold11974	39177	39233	57	*	Scaffold520	512880	512936	57	*
Scaffold11974	16707	16770	64	*	Scaffold520	490441	490504	64	*
Scaffold11974	17028	17131	104	*	Scaffold520	490763	490866	104	*
Scaffold11979	3142	3197	56	*	Scaffold945	104619	104674	56	*
Scaffold11979	2031	2086	56	*	Scaffold945	104619	104674	56	*
Scaffold11979	11309	11359	51	*	Scaffold945	111080	111130	51	*
Scaffold1198	85226	85279	54	*	Scaffold1495	52265	52318	54	*
Scaffold1198	85228	85284	57	*	Scaffold1799	108972	109028	57	*
Scaffold1198	85207	85263	57	*	Scaffold350	289508	289564	57	*
Scaffold1198	85202	85259	58	*	Scaffold477	508084	508141	58	*
Scaffold1198	85219	85269	51	*	Scaffold499	87137	87187	51	*
Scaffold1198	85218	85271	54	*	Scaffold510	168850	168903	54	*
Scaffold1198	85210	85265	56	*	Scaffold747	264330	264385	56	*
Scaffold1198	104253	104312	60	*	Scaffold765	141907	141966	60	*
Scaffold1198	85207	85265	59	*	Scaffold772	318637	318695	59	*
Scaffold11980	14295	14348	54	*	Scaffold627	87127	87180	54	*
Scaffold11984	5056	5111	56	*	Scaffold2283	28045	28100	56	*
Scaffold11984	5061	5111	51	*	Scaffold322	326995	327045	51	*
Scaffold11985	33654	33728	75	*	Scaffold198	603733	603807	75	*
Scaffold11985	15091	15146	56	*	Scaffold252	258352	258407	56	*
Scaffold11985	28777	28834	58	*	Scaffold252	242501	242558	58	*
Scaffold11985	24144	24248	105	*	Scaffold252	247560	247664	105	*
Scaffold11985	23938	24021	84	*	Scaffold252	247807	247890	84	*
Scaffold11985	12394	12445	52	*	Scaffold252	261792	261843	52	*
Scaffold11985	46892	46949	58	*	Scaffold252	227763	227820	58	*
Scaffold11986	28024	28079	56	*	Scaffold5224	7003	7058	56	*
Scaffold11986	33510	33565	56	*	Scaffold89	56208	56263	56	*
Scaffold11991	703	761	59	*	Scaffold22	554571	554629	59	*
Scaffold11991	581	717	137	*	Scaffold3112	32312	32448	137	*
Scaffold12	172871	172936	66	*	Scaffold95	667432	667497	66	*
Scaffold12	143273	143335	63	*	Scaffold95	694648	694710	63	*
Scaffold12	157513	157562	50	*	Scaffold95	679733	679782	50	*
Scaffold12	232520	232579	60	*	Scaffold95	620661	620720	60	*
Scaffold120	205642	205695	54	*	Scaffold1649	108874	108927	54	*
Scaffold120	201162	201225	64	*	Scaffold552	661011	661074	64	*
Scaffold120	209482	209549	68	*	Scaffold552	652997	653064	68	*
Scaffold120	210335	210403	69	*	Scaffold552	652089	652157	69	*
Scaffold120	211518	211596	79	*	Scaffold552	650789	650867	79	*
Scaffold120	209122	209180	59	*	Scaffold552	653410	653468	59	*
Scaffold1200	58063	58121	59	*	Scaffold70	852735	852793	59	*
Scaffold1200	64796	64864	69	*	Scaffold70	847455	847523	69	*
Scaffold1200	57779	57905	127	*	Scaffold70	852953	853079	127	*
Scaffold1200	31549	31600	52	*	Scaffold70	873950	874001	52	*
Scaffold1200	57376	57431	56	*	Scaffold70	853413	853468	56	*
Scaffold1200	71359	71412	54	*	Scaffold70	839917	839970	54	*
Scaffold1200	64632	64693	62	*	Scaffold70	847624	847685	62	*
Scaffold1200	71138	71191	54	*	Scaffold70	840156	840209	54	*
Scaffold12016	31808	31867	60	*	Scaffold5191	8558	8617	60	*
Scaffold12021	16378	16433	56	*	Scaffold3474	36876	36931	56	*
Scaffold12021	16378	16433	56	*	Scaffold68	712145	712200	56	*
Scaffold12021	26304	26370	67	*	Scaffold68	722136	722202	67	*
Scaffold12021	14220	14279	60	*	Scaffold68	710525	710584	60	*
Scaffold120266	102	177	76	*	Scaffold198	603607	603682	76	*
Scaffold12029	23092	23150	59	*	Scaffold479	416481	416539	59	*
Scaffold12029	24052	24107	56	*	Scaffold479	417441	417496	56	*
Scaffold1203	35202	35265	64	*	Scaffold5	185860	185923	64	*
Scaffold120316	56	111	56	*	Scaffold2280	3340	3395	56	*
Scaffold12042	33801	33855	55	*	Scaffold1472	23753	23807	55	*
Scaffold120427	574	651	78	*	Scaffold688	11425	11502	78	*
Scaffold12048	18491	18549	59	*	Scaffold54	1300280	1300338	59	*
Scaffold12051	13557	13609	53	*	Scaffold1957	116204	116256	53	*
Scaffold1206	56347	56405	59	*	Scaffold110	971224	971282	59	*
Scaffold1206	50278	50328	51	*	Scaffold2280	461	511	51	*
Scaffold12061	26811	26900	90	*	Scaffold22659	161	250	90	*
Scaffold1207	56621	56670	50	*	Scaffold170	331524	331573	50	*
Scaffold1207	56606	56660	55	*	Scaffold1932	46427	46481	55	*
Scaffold1207	56633	56693	61	*	Scaffold482	307016	307076	61	*
Scaffold1207	56606	56690	85	*	Scaffold56	203485	203569	85	*
Scaffold120898	578	632	55	*	Scaffold55	382836	382890	55	*
Scaffold12098	42470	42528	59	*	Scaffold838	265246	265304	59	*
Scaffold121026	308	376	69	*	Scaffold3112	32496	32564	69	*
Scaffold12105	7095	7180	86	*	Scaffold1665	68909	68994	86	*
Scaffold12105	7095	7180	86	*	Scaffold558	30309	30394	86	*
Scaffold121089	511	566	56	*	Scaffold198	603643	603698	56	*
Scaffold121089	427	500	74	*	Scaffold198	603559	603632	74	*
Scaffold1211	11099	11175	77	*	Scaffold404	177475	177551	77	*
Scaffold121110	174	236	63	*	Scaffold2200	61273	61335	63	*
Scaffold12113	12177	12276	100	*	Scaffold195	532665	532764	100	*
Scaffold12113	13348	13411	64	*	Scaffold195	533864	533927	64	*
Scaffold12113	13348	13411	64	*	Scaffold444	637848	637911	64	*
Scaffold1212	22863	22926	64	*	Scaffold248	201147	201210	64	*
Scaffold121243	100	152	53	*	Scaffold127	370913	370965	53	*
Scaffold121243	85	154	70	*	Scaffold1443	57137	57206	70	*
Scaffold121243	87	140	54	*	Scaffold1532	103575	103628	54	*
Scaffold121243	90	145	56	*	Scaffold2082	39500	39555	56	*
Scaffold121243	87	138	52	*	Scaffold221	527591	527642	52	*
Scaffold121243	90	152	63	*	Scaffold2523	3354	3416	63	*
Scaffold121243	90	150	61	*	Scaffold396	138522	138582	61	*
Scaffold121243	90	153	64	*	Scaffold72	673109	673172	64	*
Scaffold121243	93	153	61	*	Scaffold745	287631	287691	61	*
Scaffold121243	93	150	58	*	Scaffold94	10825	10882	58	*
Scaffold121304	13	115	103	*	Scaffold47	292268	292370	103	*
Scaffold12137	43814	43882	69	*	Scaffold273	425117	425185	69	*
Scaffold12137	44397	44464	68	*	Scaffold273	424513	424580	68	*
Scaffold12149	22543	22592	50	*	Scaffold301	662440	662489	50	*
Scaffold12149	23936	23987	52	*	Scaffold5191	8878	8929	52	*
Scaffold12149	22741	22790	50	*	Scaffold54	128084	128133	50	*
Scaffold1215	33998	34047	50	*	Scaffold22659	161	210	50	*
Scaffold1215	33950	34008	59	*	Scaffold547	416827	416885	59	*
Scaffold12154	585	636	52	*	Scaffold2782	46119	46170	52	*
Scaffold12156	19192	19241	50	*	Scaffold1256	442609	442658	50	*
Scaffold12156	20626	20682	57	*	Scaffold1256	443818	443874	57	*
Scaffold12156	19583	19638	56	*	Scaffold1256	442999	443054	56	*
Scaffold12156	19318	19420	103	*	Scaffold1256	442734	442836	103	*
Scaffold12156	19086	19154	69	*	Scaffold1256	442503	442571	69	*
Scaffold12158	20389	20443	55	*	Scaffold364	621818	621872	55	*
Scaffold12168	15270	15332	63	*	Scaffold62	1071611	1071673	63	*
Scaffold12174	17894	17950	57	*	Scaffold2320	137874	137930	57	*
Scaffold12176	53603	53655	53	*	Scaffold18	332509	332561	53	*
Scaffold12176	56104	56153	50	*	Scaffold18	332242	332291	50	*
Scaffold12176	53347	53405	59	*	Scaffold2733	43475	43533	59	*
Scaffold12176	53317	53372	56	*	Scaffold927	33888	33943	56	*
Scaffold121760	593	650	58	*	Scaffold198	95773	95830	58	*
Scaffold1218	4062	4114	53	*	Scaffold1636	323904	323956	53	*
Scaffold12182	22901	22955	55	*	Scaffold482	156880	156934	55	*
Scaffold12186	24146	24198	53	*	Scaffold11504	286	338	53	*
Scaffold12187	7180	7264	85	*	Scaffold116	670907	670991	85	*
Scaffold12187	6624	6690	67	*	Scaffold116	671500	671566	67	*
Scaffold1219	110907	110991	85	*	Scaffold7060	42403	42487	85	*
Scaffold1219	108787	108875	89	*	Scaffold7060	40689	40777	89	*
Scaffold1219	108984	109041	58	*	Scaffold7060	40886	40943	58	*
Scaffold1219	112284	112348	65	*	Scaffold7060	44257	44321	65	*
Scaffold1219	117155	117204	50	*	Scaffold7060	48369	48418	50	*
Scaffold1219	93145	93196	52	*	Scaffold945	254339	254390	52	*
Scaffold1219	110907	110991	85	*	Scaffold945	243427	243511	85	*
Scaffold1219	119248	119298	51	*	Scaffold945	235642	235692	51	*
Scaffold1219	94897	94954	58	*	Scaffold945	253140	253197	58	*
Scaffold1219	108787	108875	89	*	Scaffold945	245128	245216	89	*
Scaffold1219	120974	121030	57	*	Scaffold945	228903	228959	57	*
Scaffold1219	94698	94786	89	*	Scaffold945	253307	253395	89	*
Scaffold1219	125102	125153	52	*	Scaffold945	231158	231209	52	*
Scaffold1219	36529	36587	59	*	Scaffold945	304250	304308	59	*
Scaffold1219	15541	15590	50	*	Scaffold945	319237	319286	50	*
Scaffold1219	93031	93080	50	*	Scaffold945	254455	254504	50	*
Scaffold1219	108984	109041	58	*	Scaffold945	244962	245019	58	*
Scaffold1219	117155	117204	50	*	Scaffold945	237514	237563	50	*
Scaffold1219	102645	102717	73	*	Scaffold945	247502	247574	73	*
Scaffold121912	175	227	53	*	Scaffold425	317590	317642	53	*
Scaffold12199	13024	13098	75	*	Scaffold605	461249	461323	75	*
Scaffold12199	10674	10733	60	*	Scaffold605	458382	458441	60	*
Scaffold12199	11839	11896	58	*	Scaffold605	460103	460160	58	*
Scaffold12199	22257	22340	84	*	Scaffold605	471288	471371	84	*
Scaffold12199	22429	22480	52	*	Scaffold605	471460	471511	52	*
Scaffold1220	89213	89303	91	*	Scaffold477	136699	136789	91	*
Scaffold1222	9479	9537	59	*	Scaffold1978	32442	32500	59	*
Scaffold1222	9496	9576	81	*	Scaffold386	664197	664277	81	*
Scaffold1222	9480	9547	68	*	Scaffold550	351481	351548	68	*
Scaffold12221	42596	42647	52	*	Scaffold305	427847	427898	52	*
Scaffold12221	33721	33786	66	*	Scaffold305	418183	418248	66	*
Scaffold12221	42160	42212	53	*	Scaffold305	427412	427464	53	*
Scaffold12221	74496	74609	114	*	Scaffold305	457145	457258	114	*
Scaffold12221	76156	76208	53	*	Scaffold305	459731	459783	53	*
Scaffold1223	42057	42113	57	*	Scaffold2557	319	375	57	*
Scaffold1223	46248	46432	185	*	Scaffold5191	8280	8464	185	*
Scaffold1223	42048	42113	66	*	Scaffold718	223259	223324	66	*
Scaffold12231	1481	1682	202	*	Scaffold558	394122	394323	202	*
Scaffold12231	1503	1555	53	*	Scaffold858	94972	95024	53	*
Scaffold12239	15343	15392	50	*	Scaffold2280	3259	3308	50	*
Scaffold12239	15324	15389	66	*	Scaffold900	285512	285577	66	*
Scaffold12243	11617	11666	50	*	Scaffold1657	31904	31953	50	*
Scaffold12253	29012	29077	66	*	Scaffold426	19325	19390	66	*
Scaffold122543	60	116	57	*	Scaffold186	669927	669983	57	*
Scaffold1226	48513	48569	57	*	Scaffold541	27359	27415	57	*
Scaffold12263	8040	8104	65	*	Scaffold198	603748	603812	65	*
Scaffold12266	9733	9788	56	*	Scaffold246	323167	323222	56	*
Scaffold12269	32030	32091	62	*	Scaffold2679	39098	39159	62	*
Scaffold1227	22510	22579	70	*	Scaffold113	356531	356600	70	*
Scaffold1227	22449	22508	60	*	Scaffold113	356470	356529	60	*
Scaffold1227	76465	76518	54	*	Scaffold1603	133163	133216	54	*
Scaffold12272	8966	9050	85	*	Scaffold164	730344	730428	85	*
Scaffold12273	5819	5878	60	*	Scaffold14548	3423	3482	60	*
Scaffold12273	5819	5878	60	*	Scaffold162	563001	563060	60	*
Scaffold12273	40229	40286	58	*	Scaffold162	536903	536960	58	*
Scaffold1228	67061	67116	56	*	Scaffold73	713547	713602	56	*
Scaffold12305	41540	41594	55	*	Scaffold122	877291	877345	55	*
Scaffold12313	40886	40935	50	*	Scaffold122	701824	701873	50	*
Scaffold1232	25822	25871	50	*	Scaffold60	481144	481193	50	*
Scaffold1234	30491	30547	57	*	Scaffold1029	215443	215499	57	*
Scaffold1234	30492	30549	58	*	Scaffold1627	146432	146489	58	*
Scaffold1234	30493	30551	59	*	Scaffold1860	75396	75454	59	*
Scaffold1234	30487	30549	63	*	Scaffold2287	49104	49166	63	*
Scaffold1234	30494	30551	58	*	Scaffold23	876547	876604	58	*
Scaffold1234	30478	30540	63	*	Scaffold344	143868	143930	63	*
Scaffold1234	30497	30549	53	*	Scaffold4179	12172	12224	53	*
Scaffold1234	30494	30549	56	*	Scaffold460	174126	174181	56	*
Scaffold1234	30492	30549	58	*	Scaffold552	232723	232780	58	*
Scaffold1234	83404	83465	62	*	Scaffold770	88980	89041	62	*
Scaffold1234	30500	30549	50	*	Scaffold982	327478	327527	50	*
Scaffold123405	1	58	58	*	Scaffold1425	30055	30112	58	*
Scaffold123405	1	56	56	*	Scaffold54	887774	887829	56	*
Scaffold123429	15	109	95	*	Scaffold107	589166	589260	95	*
Scaffold12352	8884	8933	50	*	Scaffold277	169687	169736	50	*
Scaffold12352	8884	8933	50	*	Scaffold28750	11866	11915	50	*
Scaffold12352	8884	8933	50	*	Scaffold28750	13975	14024	50	*
Scaffold12354	11675	11741	67	*	Scaffold3316	11056	11122	67	*
Scaffold123657	18	78	61	*	Scaffold358	250367	250427	61	*
Scaffold123657	16	96	81	*	Scaffold504	463874	463954	81	*
Scaffold12381	36739	36800	62	*	Scaffold514	304835	304896	62	*
Scaffold12381	19287	19362	76	*	Scaffold514	320724	320799	76	*
Scaffold12385	11879	11945	67	*	Scaffold661	77909	77975	67	*
Scaffold12393	23312	23384	73	*	Scaffold688	11430	11502	73	*
Scaffold124009	1	70	70	*	Scaffold1215	73220	73289	70	*
Scaffold12404	7892	7948	57	*	Scaffold507	187912	187968	57	*
Scaffold12418	38714	38763	50	*	Scaffold6152	1140	1189	50	*
Scaffold12418	38714	38763	50	*	Scaffold6152	7168	7217	50	*
Scaffold1242	636	689	54	*	Scaffold62	1071700	1071753	54	*
Scaffold12424	6790	6849	60	*	Scaffold11504	271	330	60	*
Scaffold1243	44381	44434	54	*	Scaffold1368	89346	89399	54	*
Scaffold1243	44283	44423	141	*	Scaffold5191	8381	8521	141	*
Scaffold12431	39448	39508	61	*	Scaffold689	562926	562986	61	*
Scaffold12431	10769	10837	69	*	Scaffold689	534070	534138	69	*
Scaffold12433	34019	34070	52	*	Scaffold113	1030113	1030164	52	*
Scaffold124337	201	256	56	*	Scaffold1038	26222	26277	56	*
Scaffold124337	209	264	56	*	Scaffold1063	313125	313180	56	*
Scaffold124337	165	221	57	*	Scaffold1104	297093	297149	57	*
Scaffold124337	184	245	62	*	Scaffold1191	146510	146571	62	*
Scaffold124337	162	223	62	*	Scaffold129	315671	315732	62	*
Scaffold124337	168	222	55	*	Scaffold1373	135761	135815	55	*
Scaffold124337	189	266	78	*	Scaffold1410	227970	228047	78	*
Scaffold124337	210	259	50	*	Scaffold1434	204491	204540	50	*
Scaffold124337	157	255	99	*	Scaffold1434	211692	211790	99	*
Scaffold124337	194	265	72	*	Scaffold1503	70911	70982	72	*
Scaffold124337	207	266	60	*	Scaffold1710	157596	157655	60	*
Scaffold124337	161	211	51	*	Scaffold180	422534	422584	51	*
Scaffold124337	197	259	63	*	Scaffold18699	542	604	63	*
Scaffold124337	203	261	59	*	Scaffold2069	36100	36158	59	*
Scaffold124337	207	263	57	*	Scaffold222	434166	434222	57	*
Scaffold124337	159	220	62	*	Scaffold2296	69274	69335	62	*
Scaffold124337	178	260	83	*	Scaffold256	737549	737631	83	*
Scaffold124337	212	265	54	*	Scaffold288	506735	506788	54	*
Scaffold124337	160	247	88	*	Scaffold295	310506	310593	88	*
Scaffold124337	213	264	52	*	Scaffold3	839589	839640	52	*
Scaffold124337	202	266	65	*	Scaffold32	819953	820017	65	*
Scaffold124337	160	215	56	*	Scaffold3222	37020	37075	56	*
Scaffold124337	169	231	63	*	Scaffold324	256452	256514	63	*
Scaffold124337	182	266	85	*	Scaffold333	632382	632466	85	*
Scaffold124337	162	215	54	*	Scaffold333	634369	634422	54	*
Scaffold124337	181	242	62	*	Scaffold345	562973	563034	62	*
Scaffold124337	161	240	80	*	Scaffold4052	3775	3854	80	*
Scaffold124337	180	249	70	*	Scaffold41	635368	635437	70	*
Scaffold124337	197	266	70	*	Scaffold455	454503	454572	70	*
Scaffold124337	164	223	60	*	Scaffold51	34822	34881	60	*
Scaffold124337	159	213	55	*	Scaffold519	93938	93992	55	*
Scaffold124337	159	215	57	*	Scaffold568	535054	535110	57	*
Scaffold124337	182	266	85	*	Scaffold585	157831	157915	85	*
Scaffold124337	160	264	105	*	Scaffold692	205185	205289	105	*
Scaffold124337	160	215	56	*	Scaffold7285	37	92	56	*
Scaffold124337	171	241	71	*	Scaffold788	312022	312092	71	*
Scaffold124337	164	223	60	*	Scaffold8324	1117	1176	60	*
Scaffold124337	168	231	64	*	Scaffold946	420848	420911	64	*
Scaffold124337	204	255	52	*	Scaffold960	72140	72191	52	*
Scaffold124337	207	266	60	*	Scaffold981	61701	61760	60	*
Scaffold12436	42231	42295	65	*	Scaffold1527	43370	43434	65	*
Scaffold12436	42101	42159	59	*	Scaffold1527	43506	43564	59	*
Scaffold12436	42161	42229	69	*	Scaffold1527	43436	43504	69	*
Scaffold1244	50807	50876	70	*	Scaffold248	201139	201208	70	*
Scaffold124452	184	247	64	*	Scaffold1219	151135	151198	64	*
Scaffold124452	185	239	55	*	Scaffold190	681017	681071	55	*
Scaffold124452	177	232	56	*	Scaffold228	2240	2295	56	*
Scaffold124452	181	231	51	*	Scaffold3036	45964	46014	51	*
Scaffold124452	184	247	64	*	Scaffold3042	67070	67133	64	*
Scaffold124452	176	232	57	*	Scaffold347	273313	273369	57	*
Scaffold1245	107590	107643	54	*	Scaffold2038	8165	8218	54	*
Scaffold1245	112694	112751	58	*	Scaffold364	644432	644489	58	*
Scaffold1245	112692	112745	54	*	Scaffold56	117321	117374	54	*
Scaffold1246	5893	5947	55	*	Scaffold87	294419	294473	55	*
Scaffold1247	51716	51787	72	*	Scaffold2	127354	127425	72	*
Scaffold1247	76429	76505	77	*	Scaffold2098	57365	57441	77	*
Scaffold1247	91287	91381	95	*	Scaffold752	101242	101336	95	*
Scaffold1247	91287	91381	95	*	Scaffold752	80906	81000	95	*
Scaffold1247	76459	76525	67	*	Scaffold896	211452	211518	67	*
Scaffold12471	15628	15680	53	*	Scaffold4605	2309	2361	53	*
Scaffold12471	15468	15529	62	*	Scaffold4605	2460	2521	62	*
Scaffold12475	25590	25652	63	*	Scaffold243	594687	594749	63	*
Scaffold12475	15814	15868	55	*	Scaffold243	585631	585685	55	*
Scaffold12475	21489	21538	50	*	Scaffold243	589467	589516	50	*
Scaffold12475	64311	64390	80	*	Scaffold243	628238	628317	80	*
Scaffold12475	42529	42607	79	*	Scaffold243	609975	610053	79	*
Scaffold12475	49188	49244	57	*	Scaffold243	616337	616393	57	*
Scaffold12475	41861	41936	76	*	Scaffold243	609350	609425	76	*
Scaffold12475	49102	49166	65	*	Scaffold243	616251	616315	65	*
Scaffold12475	70248	70322	75	*	Scaffold8601	5063	5137	75	*
Scaffold12485	10304	10361	58	*	Scaffold1321	4848	4905	58	*
Scaffold124900	3	56	54	*	Scaffold2280	3430	3483	54	*
Scaffold124900	59	113	55	*	Scaffold48	621621	621675	55	*
Scaffold12491	30171	30220	50	*	Scaffold1445	74063	74112	50	*
Scaffold12497	22794	22847	54	*	Scaffold206	140344	140397	54	*
Scaffold125	16648	16698	51	*	Scaffold1022	184486	184536	51	*
Scaffold125	16648	16698	51	*	Scaffold263	572002	572052	51	*
Scaffold1250	39173	39224	52	*	Scaffold157	131920	131971	52	*
Scaffold1250	66120	66176	57	*	Scaffold157	102303	102359	57	*
Scaffold1250	80290	80364	75	*	Scaffold157	87497	87571	75	*
Scaffold1250	52454	52522	69	*	Scaffold157	114559	114627	69	*
Scaffold1250	126855	126913	59	*	Scaffold283	80358	80416	59	*
Scaffold1250	126914	126985	72	*	Scaffold375	395187	395258	72	*
Scaffold1250	126852	126903	52	*	Scaffold375	395269	395320	52	*
Scaffold125005	117	175	59	*	Scaffold1763	123832	123890	59	*
Scaffold12506	14194	14249	56	*	Scaffold65	82374	82429	56	*
Scaffold125069	19	70	52	*	Scaffold2142	42561	42612	52	*
Scaffold12508	12491	12548	58	*	Scaffold738	389046	389103	58	*
Scaffold12516	41103	41182	80	*	Scaffold5191	8388	8467	80	*
Scaffold12523	33004	33096	93	*	Scaffold169	254336	254428	93	*
Scaffold12523	27558	27617	60	*	Scaffold1763	124245	124304	60	*
Scaffold12523	27758	27820	63	*	Scaffold1763	124008	124070	63	*
Scaffold125241	46	100	55	*	Scaffold2768	2194	2248	55	*
Scaffold12526	23160	23233	74	*	Scaffold1496	260729	260802	74	*
Scaffold12526	27518	27571	54	*	Scaffold1496	264829	264882	54	*
Scaffold12526	26515	26570	56	*	Scaffold1496	263787	263842	56	*
Scaffold12526	25611	25674	64	*	Scaffold1496	263182	263245	64	*
Scaffold12526	11759	11817	59	*	Scaffold1496	253849	253907	59	*
Scaffold12530	24557	24609	53	*	Scaffold1380	167075	167127	53	*
Scaffold12530	31778	31827	50	*	Scaffold193	373388	373437	50	*
Scaffold12530	31775	31836	62	*	Scaffold283	512816	512877	62	*
Scaffold12532	32892	32952	61	*	Scaffold67	1105188	1105248	61	*
Scaffold125369	92	147	56	*	Scaffold779	294101	294156	56	*
Scaffold12547	11213	11285	73	*	Scaffold1393	213920	213992	73	*
Scaffold12547	11212	11263	52	*	Scaffold14044	495	546	52	*
Scaffold12547	11212	11291	80	*	Scaffold30731	412	491	80	*
Scaffold12547	11215	11291	77	*	Scaffold316	104374	104450	77	*
Scaffold12547	22713	22762	50	*	Scaffold862	357901	357950	50	*
Scaffold12547	18064	18126	63	*	Scaffold862	353810	353872	63	*
Scaffold12547	20275	20346	72	*	Scaffold862	355753	355824	72	*
Scaffold12547	24702	24751	50	*	Scaffold862	357901	357950	50	*
Scaffold12547	34932	34990	59	*	Scaffold901	429001	429059	59	*
Scaffold12547	11231	11293	63	*	Scaffold984	233978	234040	63	*
Scaffold12552	1119	1190	72	*	Scaffold522	210061	210132	72	*
Scaffold12555	33264	33324	61	*	Scaffold162	305508	305568	61	*
Scaffold12555	33740	33796	57	*	Scaffold162	305999	306055	57	*
Scaffold12555	39156	39220	65	*	Scaffold27542	129	193	65	*
Scaffold12555	38954	39010	57	*	Scaffold27542	137	193	57	*
Scaffold12556	6113	6170	58	*	Scaffold1527	43268	43325	58	*
Scaffold12556	6060	6111	52	*	Scaffold1527	43327	43378	52	*
Scaffold1256	6980	7037	58	*	Scaffold1462	39599	39656	58	*
Scaffold1256	6950	7074	125	*	Scaffold636	557890	558014	125	*
Scaffold12560	42761	42838	78	*	Scaffold691	257730	257807	78	*
Scaffold12560	42333	42410	78	*	Scaffold691	257730	257807	78	*
Scaffold12564	8509	8558	50	*	Scaffold102	10499	10548	50	*
Scaffold12564	8497	8552	56	*	Scaffold1483	59022	59077	56	*
Scaffold12564	8554	8603	50	*	Scaffold1483	58971	59020	50	*
Scaffold12564	8521	8604	84	*	Scaffold1527	67129	67212	84	*
Scaffold12564	8493	8552	60	*	Scaffold453	380734	380793	60	*
Scaffold12564	8560	8609	50	*	Scaffold940	5317	5366	50	*
Scaffold12567	50857	50922	66	*	Scaffold63	961235	961300	66	*
Scaffold12567	21676	21731	56	*	Scaffold63	983397	983452	56	*
Scaffold12569	13941	14009	69	*	Scaffold195	335456	335524	69	*
Scaffold12569	13965	14028	64	*	Scaffold47	11639	11702	64	*
Scaffold12569	13924	13987	64	*	Scaffold523	34292	34355	64	*
Scaffold12569	13916	14008	93	*	Scaffold56	203643	203735	93	*
Scaffold1257	20471	20537	67	*	Scaffold2642	60041	60107	67	*
Scaffold1257	27832	27888	57	*	Scaffold749	140836	140892	57	*
Scaffold12603	16318	16387	70	*	Scaffold157	513430	513499	70	*
Scaffold12603	16318	16393	76	*	Scaffold512	422383	422458	76	*
Scaffold12603	15838	15891	54	*	Scaffold512	421891	421944	54	*
Scaffold12603	16003	16080	78	*	Scaffold512	422056	422133	78	*
Scaffold12609	13129	13230	102	*	Scaffold2280	3256	3357	102	*
Scaffold12614	10705	10772	68	*	Scaffold1076	75566	75633	68	*
Scaffold12614	10716	10779	64	*	Scaffold12641	408	471	64	*
Scaffold12614	10722	10794	73	*	Scaffold1326	124848	124920	73	*
Scaffold12614	10688	10756	69	*	Scaffold1377	44290	44358	69	*
Scaffold12614	10689	10769	81	*	Scaffold1552	17288	17368	81	*
Scaffold12614	10700	10781	82	*	Scaffold1667	78089	78170	82	*
Scaffold12614	10690	10748	59	*	Scaffold17	105512	105570	59	*
Scaffold12614	10701	10776	76	*	Scaffold1710	165294	165369	76	*
Scaffold12614	10703	10770	68	*	Scaffold2036	8694	8761	68	*
Scaffold12614	10728	10786	59	*	Scaffold2051	139410	139468	59	*
Scaffold12614	10692	10769	78	*	Scaffold213	284291	284368	78	*
Scaffold12614	10707	10767	61	*	Scaffold2215	46435	46495	61	*
Scaffold12614	10705	10767	63	*	Scaffold236	424777	424839	63	*
Scaffold12614	10689	10754	66	*	Scaffold24153	250	315	66	*
Scaffold12614	10710	10768	59	*	Scaffold258	372902	372960	59	*
Scaffold12614	10719	10768	50	*	Scaffold266	822428	822477	50	*
Scaffold12614	10707	10770	64	*	Scaffold3065	69354	69417	64	*
Scaffold12614	10700	10751	52	*	Scaffold3360	16	67	52	*
Scaffold12614	10692	10747	56	*	Scaffold356	197051	197106	56	*
Scaffold12614	10710	10768	59	*	Scaffold426	383973	384031	59	*
Scaffold12614	10706	10770	65	*	Scaffold50	223289	223353	65	*
Scaffold12614	10693	10743	51	*	Scaffold5192	2858	2908	51	*
Scaffold12614	10694	10776	83	*	Scaffold54	1120381	1120463	83	*
Scaffold12614	10737	10796	60	*	Scaffold597	387002	387061	60	*
Scaffold12614	10709	10791	83	*	Scaffold632	457256	457338	83	*
Scaffold12614	10736	10796	61	*	Scaffold7146	4960	5020	61	*
Scaffold12614	10720	10771	52	*	Scaffold85	373172	373223	52	*
Scaffold12614	10708	10771	64	*	Scaffold8924	1960	2023	64	*
Scaffold12614	10716	10772	57	*	Scaffold9	569549	569605	57	*
Scaffold12614	10688	10751	64	*	Scaffold944	24947	25010	64	*
Scaffold12614	10718	10784	67	*	Scaffold964	467855	467921	67	*
Scaffold12626	17965	18020	56	*	Scaffold3112	32509	32564	56	*
Scaffold126408	56	105	50	*	Scaffold9	1706147	1706196	50	*
Scaffold12643	13621	13682	62	*	Scaffold283	688506	688567	62	*
Scaffold12643	20168	20229	62	*	Scaffold4024	5355	5416	62	*
Scaffold12643	19857	19906	50	*	Scaffold703	271360	271409	50	*
Scaffold126535	38	93	56	*	Scaffold945	121557	121612	56	*
Scaffold12656	7351	7406	56	*	Scaffold12	934662	934717	56	*
Scaffold12656	7356	7408	53	*	Scaffold209	270007	270059	53	*
Scaffold12656	7349	7406	58	*	Scaffold2526	257433	257490	58	*
Scaffold12656	7351	7408	58	*	Scaffold48	625582	625639	58	*
Scaffold12658	26334	26401	68	*	Scaffold113	356588	356655	68	*
Scaffold1266	25029	25087	59	*	Scaffold688	11444	11502	59	*
Scaffold12661	1373	1423	51	*	Scaffold115	514849	514899	51	*
Scaffold12665	19687	19748	62	*	Scaffold517	346049	346110	62	*
Scaffold12666	11988	12065	78	*	Scaffold5191	8435	8512	78	*
Scaffold12666	12421	12589	169	*	Scaffold5191	8266	8434	169	*
Scaffold12666	12483	12556	74	*	Scaffold58	200219	200292	74	*
Scaffold126664	143	222	80	*	Scaffold374	510886	510965	80	*
Scaffold12667	238	324	87	*	Scaffold1527	43562	43648	87	*
Scaffold12667	392	445	54	*	Scaffold1527	43445	43498	54	*
Scaffold12669	11487	11574	88	*	Scaffold73	10875	10962	88	*
Scaffold12670	9939	9990	52	*	Scaffold426	512239	512290	52	*
Scaffold12676	9804	9859	56	*	Scaffold3389	3669	3724	56	*
Scaffold12676	9804	9867	64	*	Scaffold3389	18914	18977	64	*
Scaffold12678	27233	27284	52	*	Scaffold1529	146666	146717	52	*
Scaffold12678	27162	27217	56	*	Scaffold1529	146595	146650	56	*
Scaffold126821	23	173	151	*	Scaffold2782	32332	32482	151	*
Scaffold127003	45	120	76	*	Scaffold1763	123840	123915	76	*
Scaffold12707	31182	31240	59	*	Scaffold238	582142	582200	59	*
Scaffold12707	31182	31242	61	*	Scaffold277	552887	552947	61	*
Scaffold12707	31182	31234	53	*	Scaffold443	12848	12900	53	*
Scaffold12709	54980	55030	51	*	Scaffold142	193729	193779	51	*
Scaffold1271	87626	87697	72	*	Scaffold11504	258	329	72	*
Scaffold127132	2	100	99	*	Scaffold179	558604	558702	99	*
Scaffold12720	13	107	95	*	Scaffold1763	123517	123611	95	*
Scaffold127211	46	117	72	*	Scaffold5191	8435	8506	72	*
Scaffold1273	72815	72876	62	*	Scaffold164	730244	730305	62	*
Scaffold1273	89030	89084	55	*	Scaffold5152	30580	30634	55	*
Scaffold1273	89130	89191	62	*	Scaffold5152	30681	30742	62	*
Scaffold127333	40	99	60	*	Scaffold478	518600	518659	60	*
Scaffold127358	78	127	50	*	Scaffold17	300005	300054	50	*
Scaffold1274	66627	66692	66	*	Scaffold568	514168	514233	66	*
Scaffold1274	158891	158963	73	*	Scaffold568	613127	613199	73	*
Scaffold1274	167392	167442	51	*	Scaffold568	619325	619375	51	*
Scaffold1274	73841	73894	54	*	Scaffold568	520255	520308	54	*
Scaffold1274	88520	88599	80	*	Scaffold661	77425	77504	80	*
Scaffold12742	12298	12348	51	*	Scaffold568	223672	223722	51	*
Scaffold127552	180	239	60	*	Scaffold1109	196098	196157	60	*
Scaffold127634	2061	2117	57	*	Scaffold470	293479	293535	57	*
Scaffold1278	11409	11459	51	*	Scaffold29	603715	603765	51	*
Scaffold127825	191	243	53	*	Scaffold507	187851	187903	53	*
Scaffold127897	766	817	52	*	Scaffold110	827050	827101	52	*
Scaffold1280	14881	14944	64	*	Scaffold177	723476	723539	64	*
Scaffold1280	111774	111826	53	*	Scaffold177	889204	889256	53	*
Scaffold1280	14881	14944	64	*	Scaffold177	725091	725154	64	*
Scaffold12800	11798	11851	54	*	Scaffold1063	234785	234838	54	*
Scaffold12800	11800	11864	65	*	Scaffold1336	71894	71958	65	*
Scaffold12800	11800	11852	53	*	Scaffold142	289488	289540	53	*
Scaffold12800	11565	11665	101	*	Scaffold150	220573	220673	101	*
Scaffold12800	11775	11838	64	*	Scaffold1736	16901	16964	64	*
Scaffold12800	11795	11862	68	*	Scaffold185	54880	54947	68	*
Scaffold12800	11757	11810	54	*	Scaffold18536	327	380	54	*
Scaffold12800	11784	11840	57	*	Scaffold1896	389749	389805	57	*
Scaffold12800	11802	11852	51	*	Scaffold2	226471	226521	51	*
Scaffold12800	11793	11849	57	*	Scaffold2027	17098	17154	57	*
Scaffold12800	11792	11848	57	*	Scaffold2320	143141	143197	57	*
Scaffold12800	11800	11852	53	*	Scaffold2483	87262	87314	53	*
Scaffold12800	11799	11851	53	*	Scaffold25	118196	118248	53	*
Scaffold12800	11791	11855	65	*	Scaffold256	735211	735275	65	*
Scaffold12800	11809	11867	59	*	Scaffold267	515864	515922	59	*
Scaffold12800	11781	11852	72	*	Scaffold321	357903	357974	72	*
Scaffold12800	11799	11855	57	*	Scaffold328	359052	359108	57	*
Scaffold12800	11801	11854	54	*	Scaffold342	398122	398175	54	*
Scaffold12800	11781	11851	71	*	Scaffold354	323230	323300	71	*
Scaffold12800	11778	11851	74	*	Scaffold3772	7873	7946	74	*
Scaffold12800	11768	11824	57	*	Scaffold387	407828	407884	57	*
Scaffold12800	11786	11849	64	*	Scaffold4	1522534	1522597	64	*
Scaffold12800	11800	11854	55	*	Scaffold4710	8294	8348	55	*
Scaffold12800	11796	11850	55	*	Scaffold473	302122	302176	55	*
Scaffold12800	11798	11852	55	*	Scaffold476	392928	392982	55	*
Scaffold12800	11783	11834	52	*	Scaffold55	495055	495106	52	*
Scaffold12800	11777	11826	50	*	Scaffold6	413730	413779	50	*
Scaffold12800	11785	11852	68	*	Scaffold602	109353	109420	68	*
Scaffold12800	11790	11852	63	*	Scaffold61	563966	564028	63	*
Scaffold12800	11800	11852	53	*	Scaffold636	249440	249492	53	*
Scaffold12800	11791	11850	60	*	Scaffold66	902048	902107	60	*
Scaffold12800	11803	11867	65	*	Scaffold746	42612	42676	65	*
Scaffold12800	11816	11866	51	*	Scaffold88	700948	700998	51	*
Scaffold12800	11792	11849	58	*	Scaffold946	338863	338920	58	*
Scaffold12802	15229	15307	79	*	Scaffold1763	123815	123893	79	*
Scaffold12811	12055	12109	55	*	Scaffold421	450062	450116	55	*
Scaffold128186	856	956	101	*	Scaffold1010	305323	305423	101	*
Scaffold128186	909	962	54	*	Scaffold1085	317351	317404	54	*
Scaffold128186	850	907	58	*	Scaffold1085	317406	317463	58	*
Scaffold128186	853	917	65	*	Scaffold1531	128438	128502	65	*
Scaffold128186	884	969	86	*	Scaffold1542	38485	38570	86	*
Scaffold128186	843	968	126	*	Scaffold1992	16015	16140	126	*
Scaffold128186	849	962	114	*	Scaffold28	398853	398966	114	*
Scaffold128186	849	961	113	*	Scaffold4620	16770	16882	113	*
Scaffold128186	837	919	83	*	Scaffold5	2240399	2240481	83	*
Scaffold128186	852	968	117	*	Scaffold77	128508	128624	117	*
Scaffold128186	837	906	70	*	Scaffold85	115520	115589	70	*
Scaffold1282	56256	56310	55	*	Scaffold1697	126406	126460	55	*
Scaffold128230	55	107	53	*	Scaffold181	51618	51670	53	*
Scaffold128230	165	216	52	*	Scaffold181	51731	51782	52	*
Scaffold128345	58	130	73	*	Scaffold3112	32492	32564	73	*
Scaffold128345	239	306	68	*	Scaffold3112	32319	32386	68	*
Scaffold12840	29062	29124	63	*	Scaffold80	683879	683941	63	*
Scaffold128429	47	115	69	*	Scaffold2051	63523	63591	69	*
Scaffold12845	8103	8160	58	*	Scaffold238	699068	699125	58	*
Scaffold128588	134	185	52	*	Scaffold296	625521	625572	52	*
Scaffold12861	945	1004	60	*	Scaffold1503	11159	11218	60	*
Scaffold1287	83704	83754	51	*	Scaffold1641	218616	218666	51	*
Scaffold12871	11490	11544	55	*	Scaffold53	58508	58562	55	*
Scaffold12875	24807	24896	90	*	Scaffold658	330528	330617	90	*
Scaffold12875	24630	24684	55	*	Scaffold658	330354	330408	55	*
Scaffold12875	20014	20102	89	*	Scaffold658	326265	326353	89	*
Scaffold12875	24122	24171	50	*	Scaffold658	329820	329869	50	*
Scaffold12875	23887	23976	90	*	Scaffold658	329591	329680	90	*
Scaffold12875	20152	20203	52	*	Scaffold658	326403	326454	52	*
Scaffold12875	2410	2466	57	*	Scaffold658	310707	310763	57	*
Scaffold12876	13836	13887	52	*	Scaffold198	603464	603515	52	*
Scaffold12876	13694	13750	57	*	Scaffold198	603603	603659	57	*
Scaffold128777	443	546	104	*	Scaffold296	350835	350938	104	*
Scaffold1288	33274	33356	83	*	Scaffold1527	43566	43648	83	*
Scaffold1288	33150	33208	59	*	Scaffold1527	43442	43500	59	*
Scaffold1288	33210	33271	62	*	Scaffold1527	43502	43563	62	*
Scaffold1288	33285	33344	60	*	Scaffold216	258699	258758	60	*
Scaffold1288	33223	33274	52	*	Scaffold294	549856	549907	52	*
Scaffold1288	33282	33333	52	*	Scaffold294	549797	549848	52	*
Scaffold1288	49010	49060	51	*	Scaffold5501	65951	66001	51	*
Scaffold128801	18	80	63	*	Scaffold1527	43502	43564	63	*
Scaffold12881	45849	45901	53	*	Scaffold60	351116	351168	53	*
Scaffold1289	55945	56008	64	*	Scaffold1123	146829	146892	64	*
Scaffold128951	1	58	58	*	Scaffold759	43703	43760	58	*
Scaffold12896	12506	12562	57	*	Scaffold964	251278	251334	57	*
Scaffold129097	33	186	154	*	Scaffold198	603667	603820	154	*
Scaffold129097	151	200	50	*	Scaffold703	62593	62642	50	*
Scaffold1291	22544	22612	69	*	Scaffold25	895230	895298	69	*
Scaffold1291	22544	22612	69	*	Scaffold420	129142	129210	69	*
Scaffold1292	90166	90217	52	*	Scaffold484	100097	100148	52	*
Scaffold1292	89187	89261	75	*	Scaffold5276	2684	2758	75	*
Scaffold1292	172830	172880	51	*	Scaffold547	363778	363828	51	*
Scaffold1292	163632	163697	66	*	Scaffold547	368413	368478	66	*
Scaffold1292	68499	68555	57	*	Scaffold547	440489	440545	57	*
Scaffold1292	89187	89261	75	*	Scaffold547	422827	422901	75	*
Scaffold1292	164124	164177	54	*	Scaffold547	367980	368033	54	*
Scaffold1292	165455	165524	70	*	Scaffold547	367199	367268	70	*
Scaffold12922	24751	24810	60	*	Scaffold1233	45694	45753	60	*
Scaffold12922	24760	24818	59	*	Scaffold126	676282	676340	59	*
Scaffold12922	24739	24813	75	*	Scaffold322	326972	327046	75	*
Scaffold12922	24759	24818	60	*	Scaffold338	631913	631972	60	*
Scaffold12922	24748	24814	67	*	Scaffold4195	4449	4515	67	*
Scaffold12922	24763	24818	56	*	Scaffold4319	32471	32526	56	*
Scaffold12922	24759	24818	60	*	Scaffold478	36595	36654	60	*
Scaffold12922	24726	24813	88	*	Scaffold688	11420	11507	88	*
Scaffold12922	24757	24818	62	*	Scaffold742	91579	91640	62	*
Scaffold12922	24748	24818	71	*	Scaffold7900	8023	8093	71	*
Scaffold12922	24763	24818	56	*	Scaffold8321	753	808	56	*
Scaffold12922	24755	24818	64	*	Scaffold89	56206	56269	64	*
Scaffold1293	86405	86479	75	*	Scaffold220	273941	274015	75	*
Scaffold1293	24422	24471	50	*	Scaffold397	277028	277077	50	*
Scaffold12945	8549	8598	50	*	Scaffold26385	59	108	50	*
Scaffold12947	25246	25306	61	*	Scaffold252	305535	305595	61	*
Scaffold129472	53	111	59	*	Scaffold86	333875	333933	59	*
Scaffold129483	83	144	62	*	Scaffold1763	123846	123907	62	*
Scaffold1295	31764	31817	54	*	Scaffold1017	101921	101974	54	*
Scaffold1295	97236	97286	51	*	Scaffold113	356669	356719	51	*
Scaffold1295	31789	31841	53	*	Scaffold113	356527	356579	53	*
Scaffold1295	31701	31762	62	*	Scaffold113	356606	356667	62	*
Scaffold1295	97167	97217	51	*	Scaffold113	356600	356650	51	*
Scaffold1295	31778	31841	64	*	Scaffold1684	104107	104170	64	*
Scaffold1295	97172	97221	50	*	Scaffold19151	53	102	50	*
Scaffold1295	67832	67902	71	*	Scaffold877	159222	159292	71	*
Scaffold1296	99920	99995	76	*	Scaffold1519	63031	63106	76	*
Scaffold1296	39697	39746	50	*	Scaffold301	682303	682352	50	*
Scaffold1296	39681	39731	51	*	Scaffold421	450124	450174	51	*
Scaffold1296	39645	39715	71	*	Scaffold500	289429	289499	71	*
Scaffold1296	39672	39743	72	*	Scaffold636	133268	133339	72	*
Scaffold1296	39936	39987	52	*	Scaffold65	59590	59641	52	*
Scaffold1296	39926	39987	62	*	Scaffold859	25010	25071	62	*
Scaffold12961	7247	7314	68	*	Scaffold198	603644	603711	68	*
Scaffold12971	17796	17849	54	*	Scaffold399	183877	183930	54	*
Scaffold12971	17791	17982	192	*	Scaffold5191	8259	8450	192	*
Scaffold12984	9926	10025	100	*	Scaffold1343	277326	277425	100	*
Scaffold1299	183154	183215	62	*	Scaffold154	576233	576294	62	*
Scaffold1299	10892	10942	51	*	Scaffold154	438458	438508	51	*
Scaffold1299	185694	185806	113	*	Scaffold154	578919	579031	113	*
Scaffold1299	40668	40741	74	*	Scaffold154	468791	468864	74	*
Scaffold1299	29523	29585	63	*	Scaffold154	457091	457153	63	*
Scaffold1299	24716	24781	66	*	Scaffold154	452661	452726	66	*
Scaffold1299	52045	52137	93	*	Scaffold154	480161	480253	93	*
Scaffold1299	39313	39366	54	*	Scaffold154	467402	467455	54	*
Scaffold1299	189504	189578	75	*	Scaffold154	582304	582378	75	*
Scaffold1299	174389	174448	60	*	Scaffold154	568947	569006	60	*
Scaffold1299	14484	14564	81	*	Scaffold154	442049	442129	81	*
Scaffold1299	156694	156751	58	*	Scaffold154	553790	553847	58	*
Scaffold1299	88160	88300	141	*	Scaffold154	511850	511990	141	*
Scaffold1299	23245	23337	93	*	Scaffold154	451203	451295	93	*
Scaffold1299	9633	9682	50	*	Scaffold154	437226	437275	50	*
Scaffold1299	17430	17515	86	*	Scaffold154	445164	445249	86	*
Scaffold1299	84663	84713	51	*	Scaffold154	508624	508674	51	*
Scaffold1299	24173	24296	124	*	Scaffold154	452121	452244	124	*
Scaffold1299	25805	25859	55	*	Scaffold154	453776	453830	55	*
Scaffold1299	102352	102415	64	*	Scaffold154	519744	519807	64	*
Scaffold1299	24298	24348	51	*	Scaffold154	452246	452296	51	*
Scaffold1299	25375	25457	83	*	Scaffold154	453347	453429	83	*
Scaffold1299	83352	83406	55	*	Scaffold154	507335	507389	55	*
Scaffold1299	177033	177102	70	*	Scaffold154	571520	571589	70	*
Scaffold1299	55929	56037	109	*	Scaffold154	483352	483460	109	*
Scaffold1299	165409	165464	56	*	Scaffold154	561906	561961	56	*
Scaffold1299	162896	162969	74	*	Scaffold154	559783	559856	74	*
Scaffold1299	14725	14803	79	*	Scaffold154	442289	442367	79	*
Scaffold1299	24505	24642	138	*	Scaffold154	452451	452588	138	*
Scaffold1299	25461	25530	70	*	Scaffold154	453433	453502	70	*
Scaffold1299	53624	53675	52	*	Scaffold154	481411	481462	52	*
Scaffold1299	6496	6566	71	*	Scaffold154	433212	433282	71	*
Scaffold1299	62915	62969	55	*	Scaffold154	491036	491090	55	*
Scaffold1299	5881	5943	63	*	Scaffold154	432591	432653	63	*
Scaffold1299	25543	25621	79	*	Scaffold154	453516	453594	79	*
Scaffold1299	107888	107942	55	*	Scaffold154	531138	531192	55	*
Scaffold1299	48736	48787	52	*	Scaffold154	477067	477118	52	*
Scaffold1299	46269	46361	93	*	Scaffold154	474381	474473	93	*
Scaffold1299	93961	94010	50	*	Scaffold154	517576	517625	50	*
Scaffold1299	191257	191334	78	*	Scaffold154	584841	584918	78	*
Scaffold1299	187547	187619	73	*	Scaffold154	580128	580200	73	*
Scaffold1299	44879	44953	75	*	Scaffold154	473001	473075	75	*
Scaffold1299	22400	22452	53	*	Scaffold154	450273	450325	53	*
Scaffold1299	187348	187447	100	*	Scaffold154	579954	580053	100	*
Scaffold1299	180480	180639	160	*	Scaffold154	573609	573768	160	*
Scaffold1299	6080	6156	77	*	Scaffold154	432778	432854	77	*
Scaffold1299	16750	16813	64	*	Scaffold154	444483	444546	64	*
Scaffold1299	10703	10801	99	*	Scaffold154	438267	438365	99	*
Scaffold1299	133066	133148	83	*	Scaffold154	542828	542910	83	*
Scaffold1299	46076	46148	73	*	Scaffold154	474189	474261	73	*
Scaffold1299	170860	170924	65	*	Scaffold154	567715	567779	65	*
Scaffold1299	66382	66433	52	*	Scaffold154	492873	492924	52	*
Scaffold1299	31598	31654	57	*	Scaffold154	459462	459518	57	*
Scaffold1299	24385	24494	110	*	Scaffold154	452332	452441	110	*
Scaffold1299	34272	34350	79	*	Scaffold154	462308	462386	79	*
Scaffold1299	42587	42652	66	*	Scaffold154	470778	470843	66	*
Scaffold1299	69829	69913	85	*	Scaffold154	495193	495277	85	*
Scaffold1299	179665	179726	62	*	Scaffold154	572648	572709	62	*
Scaffold1299	15643	15787	145	*	Scaffold154	443310	443454	145	*
Scaffold1299	35226	35294	69	*	Scaffold154	463243	463311	69	*
Scaffold1299	91478	91559	82	*	Scaffold154	515056	515137	82	*
Scaffold1299	53794	53850	57	*	Scaffold154	481592	481648	57	*
Scaffold1299	21846	21939	94	*	Scaffold154	449711	449804	94	*
Scaffold1299	23595	23648	54	*	Scaffold154	451553	451606	54	*
Scaffold1299	87619	87725	107	*	Scaffold154	511312	511418	107	*
Scaffold1299	34054	34105	52	*	Scaffold154	462077	462128	52	*
Scaffold1299	45568	45625	58	*	Scaffold154	473687	473744	58	*
Scaffold1299	14620	14723	104	*	Scaffold154	442185	442288	104	*
Scaffold1299	120881	120963	83	*	Scaffold154	540041	540123	83	*
Scaffold1299	91561	91637	77	*	Scaffold154	515139	515215	77	*
Scaffold1299	165726	165782	57	*	Scaffold154	562224	562280	57	*
Scaffold1299	23989	24067	79	*	Scaffold154	451939	452017	79	*
Scaffold1299	85472	85531	60	*	Scaffold154	509292	509351	60	*
Scaffold1299	9752	9862	111	*	Scaffold154	437363	437473	111	*
Scaffold1299	48789	48838	50	*	Scaffold154	477120	477169	50	*
Scaffold1299	40434	40491	58	*	Scaffold154	468563	468620	58	*
Scaffold1299	57312	57400	89	*	Scaffold154	483372	483460	89	*
Scaffold1299	8803	8866	64	*	Scaffold154	436177	436240	64	*
Scaffold1299	84750	84823	74	*	Scaffold154	508712	508785	74	*
Scaffold1299	192600	192651	52	*	Scaffold154	585882	585933	52	*
Scaffold1299	100352	100410	59	*	Scaffold154	519749	519807	59	*
Scaffold1299	44004	44081	78	*	Scaffold154	472150	472227	78	*
Scaffold1299	21991	22042	52	*	Scaffold154	449856	449907	52	*
Scaffold1299	6716	6766	51	*	Scaffold154	433436	433486	51	*
Scaffold1299	53130	53195	66	*	Scaffold198	603561	603626	66	*
Scaffold130	126979	127040	62	*	Scaffold1051	125781	125842	62	*
Scaffold130	551	601	51	*	Scaffold1764	113069	113119	51	*
Scaffold130	126987	127059	73	*	Scaffold238	577008	577080	73	*
Scaffold130	546	618	73	*	Scaffold2654	70477	70549	73	*
Scaffold130	636	686	51	*	Scaffold57	1487938	1487988	51	*
Scaffold130	551	601	51	*	Scaffold7778	5017	5067	51	*
Scaffold1300	18421	18477	57	*	Scaffold627	260120	260176	57	*
Scaffold130019	356	406	51	*	Scaffold656	83066	83116	51	*
Scaffold13021	27711	27769	59	*	Scaffold1104	353108	353166	59	*
Scaffold1303	79970	80019	50	*	Scaffold297	298114	298163	50	*
Scaffold1303	79964	80013	50	*	Scaffold477	136813	136862	50	*
Scaffold1304	46260	46311	52	*	Scaffold1405	98076	98127	52	*
Scaffold1304	46246	46306	61	*	Scaffold1580	27946	28006	61	*
Scaffold1304	46244	46313	70	*	Scaffold216	241884	241953	70	*
Scaffold1304	46242	46293	52	*	Scaffold3008	37856	37907	52	*
Scaffold1304	46246	46308	63	*	Scaffold3067	19602	19664	63	*
Scaffold1304	46242	46307	66	*	Scaffold3242	5069	5134	66	*
Scaffold1304	46244	46300	57	*	Scaffold35	615026	615082	57	*
Scaffold1304	46242	46310	69	*	Scaffold378	534728	534796	69	*
Scaffold1304	46243	46310	68	*	Scaffold380	431892	431959	68	*
Scaffold1304	46243	46297	55	*	Scaffold499	395553	395607	55	*
Scaffold1304	46242	46313	72	*	Scaffold544	771287	771358	72	*
Scaffold1304	46262	46315	54	*	Scaffold839	182991	183044	54	*
Scaffold1304	46247	46308	62	*	Scaffold877	125394	125455	62	*
Scaffold13046	3887	3939	53	*	Scaffold1336	13545	13597	53	*
Scaffold1305	102072	102127	56	*	Scaffold100	449721	449776	56	*
Scaffold1305	102074	102130	57	*	Scaffold1015	260928	260984	57	*
Scaffold1305	102070	102131	62	*	Scaffold2738	57049	57110	62	*
Scaffold1305	85898	85953	56	*	Scaffold296	625687	625742	56	*
Scaffold1305	81628	81677	50	*	Scaffold51	184314	184363	50	*
Scaffold130522	112	175	64	*	Scaffold707	69994	70057	64	*
Scaffold130522	117	173	57	*	Scaffold80	43011	43067	57	*
Scaffold130522	110	170	61	*	Scaffold901	184418	184478	61	*
Scaffold13072	11618	11715	98	*	Scaffold7002	5417	5514	98	*
Scaffold13074	18349	18405	57	*	Scaffold338	790700	790756	57	*
Scaffold130760	220	272	53	*	Scaffold1434	110260	110312	53	*
Scaffold13077	13768	13846	79	*	Scaffold1397	179931	180009	79	*
Scaffold130809	37	92	56	*	Scaffold63	983397	983452	56	*
Scaffold130853	299	352	54	*	Scaffold1896	311423	311476	54	*
Scaffold130853	299	350	52	*	Scaffold1896	324438	324489	52	*
Scaffold13086	31632	31692	61	*	Scaffold157	677539	677599	61	*
Scaffold13086	31477	31532	56	*	Scaffold2350	154268	154323	56	*
Scaffold13090	41498	41549	52	*	Scaffold1640	166105	166156	52	*
Scaffold13090	21881	21933	53	*	Scaffold1640	148334	148386	53	*
Scaffold13090	39909	39971	63	*	Scaffold1640	164481	164543	63	*
Scaffold13090	13352	13405	54	*	Scaffold1640	140715	140768	54	*
Scaffold13090	42202	42252	51	*	Scaffold1640	166971	167021	51	*
Scaffold13090	2383	2440	58	*	Scaffold1640	129619	129676	58	*
Scaffold13090	26728	26786	59	*	Scaffold1640	153317	153375	59	*
Scaffold13090	9374	9426	53	*	Scaffold1640	136317	136369	53	*
Scaffold13090	41006	41064	59	*	Scaffold1640	165604	165662	59	*
Scaffold13090	22478	22528	51	*	Scaffold1640	148926	148976	51	*
Scaffold13090	17368	17441	74	*	Scaffold1640	144881	144954	74	*
Scaffold13090	8976	9041	66	*	Scaffold1640	135912	135977	66	*
Scaffold13090	2719	2804	86	*	Scaffold1640	129955	130040	86	*
Scaffold13090	2299	2358	60	*	Scaffold1640	129536	129595	60	*
Scaffold13090	40015	40100	86	*	Scaffold1640	164587	164672	86	*
Scaffold13090	23941	24005	65	*	Scaffold1640	150031	150095	65	*
Scaffold13090	5926	5988	63	*	Scaffold1640	133202	133264	63	*
Scaffold13090	8820	8901	82	*	Scaffold1640	135757	135838	82	*
Scaffold13090	33718	33768	51	*	Scaffold1640	158617	158667	51	*
Scaffold13090	37843	37915	73	*	Scaffold1640	162097	162169	73	*
Scaffold13090	40647	40719	73	*	Scaffold1640	165247	165319	73	*
Scaffold13090	37843	37915	73	*	Scaffold1640	167456	167528	73	*
Scaffold13090	5747	5804	58	*	Scaffold1640	133027	133084	58	*
Scaffold13092	29482	29532	51	*	Scaffold842	341725	341775	51	*
Scaffold13093	49258	49316	59	*	Scaffold1046	167047	167105	59	*
Scaffold13093	49258	49320	63	*	Scaffold131	526930	526992	63	*
Scaffold13093	49268	49337	70	*	Scaffold196	667103	667172	70	*
Scaffold13093	49348	49405	58	*	Scaffold196	667183	667240	58	*
Scaffold13093	49347	49401	55	*	Scaffold2869	3714	3768	55	*
Scaffold13093	49271	49347	77	*	Scaffold541	445621	445697	77	*
Scaffold13093	50662	50711	50	*	Scaffold564	309585	309634	50	*
Scaffold13093	49264	49318	55	*	Scaffold564	309843	309897	55	*
Scaffold1310	87690	87743	54	*	Scaffold175	352369	352422	54	*
Scaffold1310	88036	88093	58	*	Scaffold175	352704	352761	58	*
Scaffold1310	88036	88093	58	*	Scaffold565	123698	123755	58	*
Scaffold1310	87690	87743	54	*	Scaffold565	123363	123416	54	*
Scaffold13104	38953	39014	62	*	Scaffold130	690827	690888	62	*
Scaffold13104	38950	39014	65	*	Scaffold23961	154	218	65	*
Scaffold13104	38942	39013	72	*	Scaffold325	341537	341608	72	*
Scaffold13104	38956	39015	60	*	Scaffold427	488833	488892	60	*
Scaffold13110	72	221	150	*	Scaffold3806	8048	8197	150	*
Scaffold13113	15611	15675	65	*	Scaffold397	286031	286095	65	*
Scaffold13113	15532	15583	52	*	Scaffold3976	11304	11355	52	*
Scaffold13113	15513	15709	197	*	Scaffold558	394108	394304	197	*
Scaffold13113	15542	15667	126	*	Scaffold7002	5388	5513	126	*
Scaffold131176	392	450	59	*	Scaffold86	197835	197893	59	*
Scaffold13119	3922	3975	54	*	Scaffold316	104401	104454	54	*
Scaffold131362	111	161	51	*	Scaffold266	494780	494830	51	*
Scaffold13147	10251	10301	51	*	Scaffold18	332608	332658	51	*
Scaffold1315	45780	45835	56	*	Scaffold3199	55919	55974	56	*
Scaffold131506	17	82	66	*	Scaffold1170	128735	128800	66	*
Scaffold131506	21	103	83	*	Scaffold2051	63518	63600	83	*
Scaffold13158	17859	17908	50	*	Scaffold453	1238	1287	50	*
Scaffold131598	266	315	50	*	Scaffold19990	1489	1538	50	*
Scaffold131598	326	384	59	*	Scaffold19990	1550	1608	59	*
Scaffold1316	74128	74218	91	*	Scaffold2782	45797	45887	91	*
Scaffold13173	1371	1424	54	*	Scaffold29196	362	415	54	*
Scaffold1318	10385	10447	63	*	Scaffold8006	15793	15855	63	*
Scaffold131809	81	133	53	*	Scaffold103	505035	505087	53	*
Scaffold131862	47	96	50	*	Scaffold29196	410	459	50	*
Scaffold1319	44595	44655	61	*	Scaffold1984	79211	79271	61	*
Scaffold1319	36125	36182	58	*	Scaffold372	454769	454826	58	*
Scaffold1319	33891	33940	50	*	Scaffold372	453528	453577	50	*
Scaffold1319	77909	77970	62	*	Scaffold40	743926	743987	62	*
Scaffold131981	6	71	66	*	Scaffold2	658480	658545	66	*
Scaffold131985	487	544	58	*	Scaffold1105	188497	188554	58	*
Scaffold131985	417	547	131	*	Scaffold1276	128794	128924	131	*
Scaffold131985	483	533	51	*	Scaffold130	489358	489408	51	*
Scaffold131985	368	425	58	*	Scaffold1671	132933	132990	58	*
Scaffold131985	355	407	53	*	Scaffold1763	61459	61511	53	*
Scaffold131985	354	405	52	*	Scaffold260	187691	187742	52	*
Scaffold131985	474	536	63	*	Scaffold285	366188	366250	63	*
Scaffold131985	437	546	110	*	Scaffold3	747274	747383	110	*
Scaffold131985	493	547	55	*	Scaffold338	665217	665271	55	*
Scaffold131985	363	417	55	*	Scaffold411	437281	437335	55	*
Scaffold131985	459	509	51	*	Scaffold418	344364	344414	51	*
Scaffold131985	474	549	76	*	Scaffold455	58354	58429	76	*
Scaffold131985	439	491	53	*	Scaffold55	511363	511415	53	*
Scaffold131985	364	417	54	*	Scaffold663	117074	117127	54	*
Scaffold131985	364	428	65	*	Scaffold966	685669	685733	65	*
Scaffold13218	37095	37179	85	*	Scaffold113	356431	356515	85	*
Scaffold13218	37181	37250	70	*	Scaffold113	356517	356586	70	*
Scaffold13218	11040	11093	54	*	Scaffold1763	124017	124070	54	*
Scaffold13218	37089	37146	58	*	Scaffold499	412157	412214	58	*
Scaffold13218	25220	25274	55	*	Scaffold728	184421	184475	55	*
Scaffold13223	15703	15755	53	*	Scaffold887	217457	217509	53	*
Scaffold13223	15703	15755	53	*	Scaffold913	110669	110721	53	*
Scaffold1323	60334	60389	56	*	Scaffold128	701258	701313	56	*
Scaffold1323	68756	68806	51	*	Scaffold128	708093	708143	51	*
Scaffold1323	55244	55301	58	*	Scaffold128	697423	697480	58	*
Scaffold13231	392	447	56	*	Scaffold24186	781	836	56	*
Scaffold13231	664	734	71	*	Scaffold2952	118504	118574	71	*
Scaffold13231	392	447	56	*	Scaffold425	337374	337429	56	*
Scaffold13231	393	442	50	*	Scaffold470	293606	293655	50	*
Scaffold13231	513	592	80	*	Scaffold470	293456	293535	80	*
Scaffold132443	321	381	61	*	Scaffold4	1588790	1588850	61	*
Scaffold13246	34775	34828	54	*	Scaffold1030	149239	149292	54	*
Scaffold13246	4280	4329	50	*	Scaffold501	381724	381773	50	*
Scaffold13251	37767	37830	64	*	Scaffold1918	144850	144913	64	*
Scaffold13251	41827	41882	56	*	Scaffold1918	141623	141678	56	*
Scaffold13251	7814	7865	52	*	Scaffold2525	43584	43635	52	*
Scaffold13265	23389	23444	56	*	Scaffold126	118201	118256	56	*
Scaffold13265	18570	18620	51	*	Scaffold126	121297	121347	51	*
Scaffold13266	11856	11951	96	*	Scaffold149	412962	413057	96	*
Scaffold1327	113759	113836	78	*	Scaffold162	367671	367748	78	*
Scaffold1327	92536	92612	77	*	Scaffold162	359148	359224	77	*
Scaffold13274	8120	8218	99	*	Scaffold198	603631	603729	99	*
Scaffold13274	8220	8293	74	*	Scaffold198	603556	603629	74	*
Scaffold13277	7429	7484	56	*	Scaffold290	389201	389256	56	*
Scaffold13277	7426	7484	59	*	Scaffold41	747060	747118	59	*
Scaffold1328	85809	85924	116	*	Scaffold152	706684	706799	116	*
Scaffold1328	85819	85907	89	*	Scaffold198	603607	603695	89	*
Scaffold1328	85828	85893	66	*	Scaffold229	575992	576057	66	*
Scaffold1328	82012	82083	72	*	Scaffold2768	1837	1908	72	*
Scaffold1328	39374	39429	56	*	Scaffold288	503485	503540	56	*
Scaffold1328	85978	86035	58	*	Scaffold364	297604	297661	58	*
Scaffold1328	100862	100914	53	*	Scaffold364	277858	277910	53	*
Scaffold1328	82153	82211	59	*	Scaffold364	299382	299440	59	*
Scaffold1328	83477	83526	50	*	Scaffold364	288698	288747	50	*
Scaffold1328	106636	106701	66	*	Scaffold364	275277	275342	66	*
Scaffold1328	68156	68237	82	*	Scaffold364	313672	313753	82	*
Scaffold1328	11239	11288	50	*	Scaffold364	367937	367986	50	*
Scaffold1328	120543	120599	57	*	Scaffold364	258436	258492	57	*
Scaffold1328	10947	11023	77	*	Scaffold364	368202	368278	77	*
Scaffold1328	15615	15690	76	*	Scaffold364	363615	363690	76	*
Scaffold1328	68181	68237	57	*	Scaffold364	310275	310331	57	*
Scaffold1328	102002	102055	54	*	Scaffold364	277006	277059	54	*
Scaffold1328	15781	15830	50	*	Scaffold364	363476	363525	50	*
Scaffold1328	97066	97121	56	*	Scaffold364	281433	281488	56	*
Scaffold1329	3306	3360	55	*	Scaffold160	443420	443474	55	*
Scaffold1329	3313	3370	58	*	Scaffold41	747043	747100	58	*
Scaffold13290	26020	26072	53	*	Scaffold1206	93970	94022	53	*
Scaffold13290	26141	26208	68	*	Scaffold1206	93834	93901	68	*
Scaffold13290	32459	32508	50	*	Scaffold776	215048	215097	50	*
Scaffold13290	32459	32508	50	*	Scaffold8114	3541	3590	50	*
Scaffold13297	2677	2739	63	*	Scaffold13	718130	718192	63	*
Scaffold13297	2704	2770	67	*	Scaffold143	1284120	1284186	67	*
Scaffold13297	2691	2763	73	*	Scaffold144	675383	675455	73	*
Scaffold13297	2699	2752	54	*	Scaffold145	744369	744422	54	*
Scaffold13297	2703	2759	57	*	Scaffold148	172578	172634	57	*
Scaffold13297	2703	2759	57	*	Scaffold1490	5963	6019	57	*
Scaffold13297	2697	2767	71	*	Scaffold2004	90599	90669	71	*
Scaffold13297	2708	2767	60	*	Scaffold2449	1129	1188	60	*
Scaffold13297	2702	2765	64	*	Scaffold28	424979	425042	64	*
Scaffold13297	2679	2758	80	*	Scaffold35	361817	361896	80	*
Scaffold13297	2700	2768	69	*	Scaffold382	71049	71117	69	*
Scaffold13297	2712	2763	52	*	Scaffold4	1028258	1028309	52	*
Scaffold13297	2719	2776	58	*	Scaffold40	874304	874361	58	*
Scaffold13297	2687	2763	77	*	Scaffold423	90894	90970	77	*
Scaffold13297	2676	2757	82	*	Scaffold44	997949	998030	82	*
Scaffold13297	2706	2765	60	*	Scaffold5	744989	745048	60	*
Scaffold13297	2717	2771	55	*	Scaffold5501	26601	26655	55	*
Scaffold13297	2697	2761	65	*	Scaffold638	173951	174015	65	*
Scaffold13297	2677	2746	70	*	Scaffold682	261763	261832	70	*
Scaffold13297	2676	2725	50	*	Scaffold74	628013	628062	50	*
Scaffold13299	16003	16067	65	*	Scaffold1912	6556	6620	65	*
Scaffold13299	16122	16175	54	*	Scaffold1912	6658	6711	54	*
Scaffold133046	68	128	61	*	Scaffold558	394200	394260	61	*
Scaffold1331	74475	74528	54	*	Scaffold1281	41171	41224	54	*
Scaffold13322	39328	39392	65	*	Scaffold2280	3289	3353	65	*
Scaffold13335	28222	28293	72	*	Scaffold2963	35113	35184	72	*
Scaffold13335	15680	15749	70	*	Scaffold386	589754	589823	70	*
Scaffold13335	18702	18756	55	*	Scaffold386	592080	592134	55	*
Scaffold13335	18702	18756	55	*	Scaffold386	145462	145516	55	*
Scaffold13335	23695	23785	91	*	Scaffold386	597836	597926	91	*
Scaffold13335	15756	15806	51	*	Scaffold386	589830	589880	51	*
Scaffold13335	28222	28293	72	*	Scaffold386	603312	603383	72	*
Scaffold13338	17322	17386	65	*	Scaffold311	438272	438336	65	*
Scaffold1334	20670	20728	59	*	Scaffold255	532102	532160	59	*
Scaffold1334	20503	20554	52	*	Scaffold255	532276	532327	52	*
Scaffold1334	19555	19613	59	*	Scaffold542	365993	366051	59	*
Scaffold1334	20670	20728	59	*	Scaffold542	365228	365286	59	*
Scaffold1334	20503	20554	52	*	Scaffold542	365402	365453	52	*
Scaffold1334	19555	19613	59	*	Scaffold923	238678	238736	59	*
Scaffold1334	20670	20728	59	*	Scaffold923	239444	239502	59	*
Scaffold13341	12891	12956	66	*	Scaffold325	341522	341587	66	*
Scaffold13343	8640	8700	61	*	Scaffold633	116985	117045	61	*
Scaffold1335	52742	52797	56	*	Scaffold238	543524	543579	56	*
Scaffold1335	52742	52797	56	*	Scaffold238	546080	546135	56	*
Scaffold1335	10499	10551	53	*	Scaffold238	587001	587053	53	*
Scaffold13354	25313	25373	61	*	Scaffold960	335863	335923	61	*
Scaffold133581	85	158	74	*	Scaffold137	307676	307749	74	*
Scaffold133581	141	211	71	*	Scaffold1609	53025	53095	71	*
Scaffold1336	11711	11766	56	*	Scaffold14309	6459	6514	56	*
Scaffold133603	22	92	71	*	Scaffold179	470757	470827	71	*
Scaffold133685	543	666	124	*	Scaffold113	356527	356650	124	*
Scaffold133685	533	586	54	*	Scaffold628	341154	341207	54	*
Scaffold133685	533	592	60	*	Scaffold656	83133	83192	60	*
Scaffold13374	71477	71544	68	*	Scaffold78	376579	376646	68	*
Scaffold13378	17324	17382	59	*	Scaffold2935	38455	38513	59	*
Scaffold13379	28170	28224	55	*	Scaffold2307	78677	78731	55	*
Scaffold13412	7301	7353	53	*	Scaffold2556	8709	8761	53	*
Scaffold134200	1	57	57	*	Scaffold524	221182	221238	57	*
Scaffold13421	9686	9754	69	*	Scaffold470	293462	293530	69	*
Scaffold13421	9885	9969	85	*	Scaffold470	293456	293540	85	*
Scaffold13421	9820	9872	53	*	Scaffold470	293391	293443	53	*
Scaffold1344	119307	119374	68	*	Scaffold127	301645	301712	68	*
Scaffold13441	2878	2927	50	*	Scaffold577	85758	85807	50	*
Scaffold13441	4003	4060	58	*	Scaffold577	86805	86862	58	*
Scaffold13441	801	857	57	*	Scaffold577	83430	83486	57	*
Scaffold13468	240	294	55	*	Scaffold822	242517	242571	55	*
Scaffold134695	785	840	56	*	Scaffold1988	2781	2836	56	*
Scaffold13471	15109	15166	58	*	Scaffold127	377070	377127	58	*
Scaffold13476	22172	22230	59	*	Scaffold1984	79532	79590	59	*
Scaffold13483	66856	66919	64	*	Scaffold262	387120	387183	64	*
Scaffold13483	46665	46729	65	*	Scaffold262	414090	414154	65	*
Scaffold13483	50923	50979	57	*	Scaffold262	409812	409868	57	*
Scaffold13483	18942	19027	86	*	Scaffold262	440382	440467	86	*
Scaffold13483	24469	24521	53	*	Scaffold262	436092	436144	53	*
Scaffold13483	34414	34525	112	*	Scaffold262	426148	426259	112	*
Scaffold13483	46734	46798	65	*	Scaffold262	414020	414084	65	*
Scaffold13483	20399	20449	51	*	Scaffold262	438719	438769	51	*
Scaffold13483	39102	39193	92	*	Scaffold262	421465	421556	92	*
Scaffold13483	29743	29865	123	*	Scaffold262	430302	430424	123	*
Scaffold13483	66856	66919	64	*	Scaffold262	397805	397868	64	*
Scaffold13486	12221	12290	70	*	Scaffold822	242909	242978	70	*
Scaffold134879	371	421	51	*	Scaffold1544	149182	149232	51	*
Scaffold134889	44	114	71	*	Scaffold648	10995	11065	71	*
Scaffold1349	57829	57879	51	*	Scaffold2	686123	686173	51	*
Scaffold1349	77519	77569	51	*	Scaffold2	661328	661378	51	*
Scaffold1349	57829	57879	51	*	Scaffold2	677548	677598	51	*
Scaffold1349	75308	75370	63	*	Scaffold30995	275	337	63	*
Scaffold13492	53138	53191	54	*	Scaffold2317	36187	36240	54	*
Scaffold13492	53193	53242	50	*	Scaffold2317	36136	36185	50	*
Scaffold134940	329	386	58	*	Scaffold27542	151	208	58	*
Scaffold13496	35484	35547	64	*	Scaffold369	338590	338653	64	*
Scaffold13496	26990	27050	61	*	Scaffold8	556846	556906	61	*
Scaffold13496	27193	27252	60	*	Scaffold8	556655	556714	60	*
Scaffold1350	32631	32707	77	*	Scaffold1710	101151	101227	77	*
Scaffold1350	32460	32509	50	*	Scaffold1710	100980	101029	50	*
Scaffold1350	33238	33314	77	*	Scaffold1710	101658	101734	77	*
Scaffold1350	32460	32509	50	*	Scaffold1916	6585	6634	50	*
Scaffold1350	33238	33314	77	*	Scaffold1916	5880	5956	77	*
Scaffold1350	33607	33656	50	*	Scaffold1916	5538	5587	50	*
Scaffold1350	32631	32707	77	*	Scaffold1916	6387	6463	77	*
Scaffold1350	33607	33656	50	*	Scaffold259	639730	639779	50	*
Scaffold1350	32631	32707	77	*	Scaffold259	640579	640655	77	*
Scaffold1350	33238	33314	77	*	Scaffold259	640072	640148	77	*
Scaffold1350	32460	32509	50	*	Scaffold606	272028	272077	50	*
Scaffold1350	32460	32509	50	*	Scaffold697	1356	1405	50	*
Scaffold1350	33607	33656	50	*	Scaffold697	2510	2559	50	*
Scaffold1350	33238	33314	77	*	Scaffold697	2142	2218	77	*
Scaffold1350	43480	43574	95	*	Scaffold811	146221	146315	95	*
Scaffold1350	9985	10047	63	*	Scaffold811	171262	171324	63	*
Scaffold13506	11895	11953	59	*	Scaffold20	589272	589330	59	*
Scaffold1351	42391	42459	69	*	Scaffold1608	111428	111496	69	*
Scaffold13521	23982	24041	60	*	Scaffold83	88160	88219	60	*
Scaffold135235	4	87	84	*	Scaffold1109	174566	174649	84	*
Scaffold135235	42	110	69	*	Scaffold113	998331	998399	69	*
Scaffold135235	42	109	68	*	Scaffold4647	47061	47128	68	*
Scaffold13527	9537	9587	51	*	Scaffold728	395753	395803	51	*
Scaffold13528	4714	4763	50	*	Scaffold597	596767	596816	50	*
Scaffold1353	44202	44267	66	*	Scaffold615	185503	185568	66	*
Scaffold1353	27325	27377	53	*	Scaffold615	196975	197027	53	*
Scaffold1353	29383	29433	51	*	Scaffold615	195078	195128	51	*
Scaffold1353	58012	58085	74	*	Scaffold615	174251	174324	74	*
Scaffold1353	75406	75507	102	*	Scaffold615	163175	163276	102	*
Scaffold1353	82794	82844	51	*	Scaffold615	157983	158033	51	*
Scaffold13533	29560	29610	51	*	Scaffold739	253015	253065	51	*
Scaffold13533	3930	3993	64	*	Scaffold739	235647	235710	64	*
Scaffold135336	258	309	52	*	Scaffold79	375259	375310	52	*
Scaffold135370	127	191	65	*	Scaffold1113	202391	202455	65	*
Scaffold135387	159	261	103	*	Scaffold407	293334	293436	103	*
Scaffold13544	14559	14620	62	*	Scaffold553	14180	14241	62	*
Scaffold13545	45573	45634	62	*	Scaffold477	602741	602802	62	*
Scaffold135453	1	50	50	*	Scaffold64	243855	243904	50	*
Scaffold13549	33154	33252	99	*	Scaffold7002	5382	5480	99	*
Scaffold1355	201653	201710	58	*	Scaffold523	265736	265793	58	*
Scaffold1355	200706	200793	88	*	Scaffold523	266669	266756	88	*
Scaffold1355	200968	201087	120	*	Scaffold523	266355	266474	120	*
Scaffold1355	203412	203556	145	*	Scaffold523	263805	263949	145	*
Scaffold1355	213649	213792	144	*	Scaffold523	260914	261057	144	*
Scaffold1355	213882	213943	62	*	Scaffold523	260763	260824	62	*
Scaffold1355	213801	213880	80	*	Scaffold523	260826	260905	80	*
Scaffold13557	13892	13946	55	*	Scaffold3132	55103	55157	55	*
Scaffold13557	16996	17046	51	*	Scaffold3132	57155	57205	51	*
Scaffold13559	3712	3762	51	*	Scaffold16	985098	985148	51	*
Scaffold135648	99	160	62	*	Scaffold541	445635	445696	62	*
Scaffold13566	61638	61687	50	*	Scaffold4252	13566	13615	50	*
Scaffold13569	50642	50696	55	*	Scaffold1008	149245	149299	55	*
Scaffold13569	50691	50762	72	*	Scaffold108	964505	964576	72	*
Scaffold13569	50574	50629	56	*	Scaffold119	861895	861950	56	*
Scaffold13569	50574	50632	59	*	Scaffold1207	269298	269356	59	*
Scaffold13569	50574	50623	50	*	Scaffold1266	21050	21099	50	*
Scaffold13569	50567	50627	61	*	Scaffold129	336832	336892	61	*
Scaffold13569	50700	50752	53	*	Scaffold135	327947	327999	53	*
Scaffold13569	50668	50719	52	*	Scaffold14	1127859	1127910	52	*
Scaffold13569	50678	50766	89	*	Scaffold142	624559	624647	89	*
Scaffold13569	50575	50632	58	*	Scaffold15618	70	127	58	*
Scaffold13569	50640	50719	80	*	Scaffold164	628508	628587	80	*
Scaffold13569	50701	50759	59	*	Scaffold183	103433	103491	59	*
Scaffold13569	50723	50775	53	*	Scaffold1857	69862	69914	53	*
Scaffold13569	50709	50761	53	*	Scaffold1857	54384	54436	53	*
Scaffold13569	50699	50758	60	*	Scaffold187	526675	526734	60	*
Scaffold13569	50699	50758	60	*	Scaffold187	554068	554127	60	*
Scaffold13569	50571	50624	54	*	Scaffold187	305295	305348	54	*
Scaffold13569	50579	50632	54	*	Scaffold191	320550	320603	54	*
Scaffold13569	50639	50707	69	*	Scaffold197	38044	38112	69	*
Scaffold13569	50580	50632	53	*	Scaffold198	446461	446513	53	*
Scaffold13569	50574	50632	59	*	Scaffold20	975128	975186	59	*
Scaffold13569	50711	50763	53	*	Scaffold20	426579	426631	53	*
Scaffold13569	50674	50737	64	*	Scaffold2007	63756	63819	64	*
Scaffold13569	50636	50697	62	*	Scaffold2019	1378	1439	62	*
Scaffold13569	50571	50632	62	*	Scaffold204	108898	108959	62	*
Scaffold13569	50580	50632	53	*	Scaffold2059	168593	168645	53	*
Scaffold13569	50675	50725	51	*	Scaffold2084	57018	57068	51	*
Scaffold13569	50582	50632	51	*	Scaffold219	791114	791164	51	*
Scaffold13569	50660	50715	56	*	Scaffold222	157737	157792	56	*
Scaffold13569	50695	50757	63	*	Scaffold23	835480	835542	63	*
Scaffold13569	50640	50699	60	*	Scaffold234	1134081	1134140	60	*
Scaffold13569	50714	50765	52	*	Scaffold2374	8826	8877	52	*
Scaffold13569	50641	50694	54	*	Scaffold2394	3091	3144	54	*
Scaffold13569	50638	50693	56	*	Scaffold245	120353	120408	56	*
Scaffold13569	50571	50632	62	*	Scaffold250	365911	365972	62	*
Scaffold13569	50652	50731	80	*	Scaffold2507	195344	195423	80	*
Scaffold13569	50637	50701	65	*	Scaffold2894	40333	40397	65	*
Scaffold13569	50687	50776	90	*	Scaffold3196	1911	2000	90	*
Scaffold13569	50705	50756	52	*	Scaffold327	261540	261591	52	*
Scaffold13569	50573	50629	57	*	Scaffold329	53991	54047	57	*
Scaffold13569	50576	50632	57	*	Scaffold33	1029654	1029710	57	*
Scaffold13569	50577	50632	56	*	Scaffold360	447027	447082	56	*
Scaffold13569	50718	50775	58	*	Scaffold362	346616	346673	58	*
Scaffold13569	50636	50686	51	*	Scaffold39	1206340	1206390	51	*
Scaffold13569	50700	50756	57	*	Scaffold408	415799	415855	57	*
Scaffold13569	50694	50753	60	*	Scaffold414	92312	92371	60	*
Scaffold13569	50574	50624	51	*	Scaffold4150	6029	6079	51	*
Scaffold13569	50642	50697	56	*	Scaffold420	369254	369309	56	*
Scaffold13569	50663	50716	54	*	Scaffold424	10070	10123	54	*
Scaffold13569	50711	50760	50	*	Scaffold477	211867	211916	50	*
Scaffold13569	50574	50627	54	*	Scaffold478	47787	47840	54	*
Scaffold13569	50695	50762	68	*	Scaffold48	506942	507009	68	*
Scaffold13569	50582	50634	53	*	Scaffold491	297280	297332	53	*
Scaffold13569	50578	50632	55	*	Scaffold558	276728	276782	55	*
Scaffold13569	50573	50633	61	*	Scaffold571	276392	276452	61	*
Scaffold13569	50717	50773	57	*	Scaffold581	249756	249812	57	*
Scaffold13569	50647	50697	51	*	Scaffold592	62611	62661	51	*
Scaffold13569	50709	50763	55	*	Scaffold658	221331	221385	55	*
Scaffold13569	50717	50776	60	*	Scaffold675	365926	365985	60	*
Scaffold13569	50693	50759	67	*	Scaffold689	477967	478033	67	*
Scaffold13569	50709	50758	50	*	Scaffold689	257933	257982	50	*
Scaffold13569	50681	50758	78	*	Scaffold69	703494	703571	78	*
Scaffold13569	50641	50713	73	*	Scaffold69	980812	980884	73	*
Scaffold13569	50575	50625	51	*	Scaffold801	218754	218804	51	*
Scaffold13569	50579	50632	54	*	Scaffold84	283184	283237	54	*
Scaffold13569	50639	50695	57	*	Scaffold89	663195	663251	57	*
Scaffold13569	50712	50769	58	*	Scaffold89	217622	217679	58	*
Scaffold13569	50652	50704	53	*	Scaffold89	217687	217739	53	*
Scaffold13569	50582	50634	53	*	Scaffold90	1222147	1222199	53	*
Scaffold13569	50576	50631	56	*	Scaffold92	110836	110891	56	*
Scaffold13569	50718	50768	51	*	Scaffold93	435332	435382	51	*
Scaffold13569	50580	50632	53	*	Scaffold943	80213	80265	53	*
Scaffold13569	50693	50762	70	*	Scaffold99	34669	34738	70	*
Scaffold13569	50643	50701	59	*	Scaffold996	255046	255104	59	*
Scaffold1357	58340	58395	56	*	Scaffold285	83359	83414	56	*
Scaffold13575	5620	5681	62	*	Scaffold2280	3313	3374	62	*
Scaffold13579	37046	37113	68	*	Scaffold248	201137	201204	68	*
Scaffold13579	42498	42562	65	*	Scaffold377	129097	129161	65	*
Scaffold13579	47964	48014	51	*	Scaffold377	140130	140180	51	*
Scaffold1359	63897	63958	62	*	Scaffold1030	170822	170883	62	*
Scaffold1359	63906	63972	67	*	Scaffold1674	69439	69505	67	*
Scaffold1359	63894	63973	80	*	Scaffold169	97101	97180	80	*
Scaffold1359	63966	64031	66	*	Scaffold202	925596	925661	66	*
Scaffold1359	63967	64025	59	*	Scaffold2770	37366	37424	59	*
Scaffold1359	63888	63946	59	*	Scaffold335	207184	207242	59	*
Scaffold1359	63913	63964	52	*	Scaffold478	312239	312290	52	*
Scaffold1359	63891	64033	143	*	Scaffold507	187842	187984	143	*
Scaffold1359	38510	38559	50	*	Scaffold851	88058	88107	50	*
Scaffold136	110663	110718	56	*	Scaffold1223	8111	8166	56	*
Scaffold1360	41557	41612	56	*	Scaffold489	842548	842603	56	*
Scaffold1360	52917	52971	55	*	Scaffold489	834337	834391	55	*
Scaffold1360	43249	43311	63	*	Scaffold489	841110	841172	63	*
Scaffold1360	8877	8960	84	*	Scaffold489	866558	866641	84	*
Scaffold1360	33416	33472	57	*	Scaffold489	850786	850842	57	*
Scaffold1360	45986	46069	84	*	Scaffold489	838642	838725	84	*
Scaffold1360	42771	42832	62	*	Scaffold489	841631	841692	62	*
Scaffold1360	9053	9108	56	*	Scaffold489	866410	866465	56	*
Scaffold1360	45774	45831	58	*	Scaffold489	838881	838938	58	*
Scaffold1360	51114	51178	65	*	Scaffold489	835724	835788	65	*
Scaffold13602	15904	15954	51	*	Scaffold10	723997	724047	51	*
Scaffold13606	16669	16743	75	*	Scaffold881	65754	65828	75	*
Scaffold13606	30568	30633	66	*	Scaffold881	79225	79290	66	*
Scaffold13606	69092	69153	62	*	Scaffold881	120920	120981	62	*
Scaffold13606	28123	28172	50	*	Scaffold881	77420	77469	50	*
Scaffold136115	177	239	63	*	Scaffold2011	137404	137466	63	*
Scaffold136115	177	239	63	*	Scaffold2429	26656	26718	63	*
Scaffold13623	29904	29958	55	*	Scaffold4965	11233	11287	55	*
Scaffold13623	29904	29958	55	*	Scaffold562	159321	159375	55	*
Scaffold136246	544	612	69	*	Scaffold2692	35282	35350	69	*
Scaffold1363	35629	35698	70	*	Scaffold198	603674	603743	70	*
Scaffold13647	9526	9577	52	*	Scaffold184	404561	404612	52	*
Scaffold1365	21966	22026	61	*	Scaffold310	230584	230644	61	*
Scaffold1365	33345	33404	60	*	Scaffold418	247872	247931	60	*
Scaffold1365	82520	82576	57	*	Scaffold418	222853	222909	57	*
Scaffold136501	260	318	59	*	Scaffold1564	245738	245796	59	*
Scaffold13659	1918	1967	50	*	Scaffold3262	127897	127946	50	*
Scaffold136593	310	371	62	*	Scaffold1603	110583	110644	62	*
Scaffold1366	73422	73477	56	*	Scaffold301	669613	669668	56	*
Scaffold1366	47604	47703	100	*	Scaffold301	691663	691762	100	*
Scaffold1366	51128	51199	72	*	Scaffold301	689728	689799	72	*
Scaffold1366	138506	138573	68	*	Scaffold8391	3967	4034	68	*
Scaffold13668	14630	14700	71	*	Scaffold186	294874	294944	71	*
Scaffold13674	50971	51020	50	*	Scaffold2833	23535	23584	50	*
Scaffold13674	9209	9258	50	*	Scaffold61	404699	404748	50	*
Scaffold13675	3189	3241	53	*	Scaffold836	91021	91073	53	*
Scaffold1368	85979	86030	52	*	Scaffold1763	124387	124438	52	*
Scaffold1368	10459	10522	64	*	Scaffold470	293391	293454	64	*
Scaffold137	67517	67572	56	*	Scaffold3150	17081	17136	56	*
Scaffold1370	49276	49340	65	*	Scaffold1527	43441	43505	65	*
Scaffold1370	45820	45886	67	*	Scaffold283	528606	528672	67	*
Scaffold1370	65300	65384	85	*	Scaffold283	540153	540237	85	*
Scaffold1370	65386	65436	51	*	Scaffold283	540239	540289	51	*
Scaffold1370	67069	67124	56	*	Scaffold283	541887	541942	56	*
Scaffold1370	63494	63548	55	*	Scaffold283	538468	538522	55	*
Scaffold1370	6104	6153	50	*	Scaffold632	189508	189557	50	*
Scaffold137110	75	186	112	*	Scaffold198	603559	603670	112	*
Scaffold137111	35	96	62	*	Scaffold1015	384649	384710	62	*
Scaffold137111	39	95	57	*	Scaffold1062	184797	184853	57	*
Scaffold137111	36	93	58	*	Scaffold1074	51757	51814	58	*
Scaffold137111	43	95	53	*	Scaffold1165	281677	281729	53	*
Scaffold137111	2	63	62	*	Scaffold139	205380	205441	62	*
Scaffold137111	19	74	56	*	Scaffold1396	122524	122579	56	*
Scaffold137111	36	98	63	*	Scaffold1434	211690	211752	63	*
Scaffold137111	39	100	62	*	Scaffold145	435783	435844	62	*
Scaffold137111	37	90	54	*	Scaffold1542	51396	51449	54	*
Scaffold137111	42	96	55	*	Scaffold1640	282950	283004	55	*
Scaffold137111	35	95	61	*	Scaffold1705	171809	171869	61	*
Scaffold137111	19	68	50	*	Scaffold171	384017	384066	50	*
Scaffold137111	41	93	53	*	Scaffold197	701522	701574	53	*
Scaffold137111	37	97	61	*	Scaffold243	593968	594028	61	*
Scaffold137111	34	96	63	*	Scaffold30	1116298	1116360	63	*
Scaffold137111	44	97	54	*	Scaffold33	844188	844241	54	*
Scaffold137111	35	97	63	*	Scaffold352	646264	646326	63	*
Scaffold137111	41	95	55	*	Scaffold360	222228	222282	55	*
Scaffold137111	40	98	59	*	Scaffold360	105068	105126	59	*
Scaffold137111	35	88	54	*	Scaffold39	789378	789431	54	*
Scaffold137111	36	87	52	*	Scaffold463	311834	311885	52	*
Scaffold137111	42	92	51	*	Scaffold550	403882	403932	51	*
Scaffold137111	36	85	50	*	Scaffold60	352019	352068	50	*
Scaffold137111	36	94	59	*	Scaffold627	207043	207101	59	*
Scaffold137111	37	93	57	*	Scaffold717	73311	73367	57	*
Scaffold137111	37	94	58	*	Scaffold727	133568	133625	58	*
Scaffold13714	64824	64874	51	*	Scaffold341	52247	52297	51	*
Scaffold13715	27283	27332	50	*	Scaffold1216	227305	227354	50	*
Scaffold13735	10746	10811	66	*	Scaffold1061	182458	182523	66	*
Scaffold13735	10755	10811	57	*	Scaffold341	252393	252449	57	*
Scaffold1374	163396	163448	53	*	Scaffold3316	11070	11122	53	*
Scaffold1374	162360	162420	61	*	Scaffold3316	10945	11005	61	*
Scaffold1374	157932	158007	76	*	Scaffold352	441931	442006	76	*
Scaffold13743	18597	18675	79	*	Scaffold143	1140613	1140691	79	*
Scaffold13743	28672	28746	75	*	Scaffold1769	87387	87461	75	*
Scaffold13743	28745	28813	69	*	Scaffold184	374202	374270	69	*
Scaffold13743	28733	28795	63	*	Scaffold2724	38705	38767	63	*
Scaffold13748	2831	2886	56	*	Scaffold1319	103769	103824	56	*
Scaffold13748	2846	2900	55	*	Scaffold1489	94695	94749	55	*
Scaffold13748	2828	2896	69	*	Scaffold275	330058	330126	69	*
Scaffold13748	2832	2893	62	*	Scaffold285	162734	162795	62	*
Scaffold13748	2838	2892	55	*	Scaffold422	736137	736191	55	*
Scaffold13748	2840	2895	56	*	Scaffold424	438765	438820	56	*
Scaffold13748	2832	2897	66	*	Scaffold431	306768	306833	66	*
Scaffold13748	2827	2886	60	*	Scaffold735	248855	248914	60	*
Scaffold13748	2841	2897	57	*	Scaffold749	234740	234796	57	*
Scaffold137488	9	65	57	*	Scaffold477	136696	136752	57	*
Scaffold137503	18	88	71	*	Scaffold1951	112160	112230	71	*
Scaffold1376	79448	79507	60	*	Scaffold122	449640	449699	60	*
Scaffold13768	15572	15642	71	*	Scaffold248	201133	201203	71	*
Scaffold13770	16905	16954	50	*	Scaffold951	152824	152873	50	*
Scaffold137738	868	919	52	*	Scaffold1924	82097	82148	52	*
Scaffold137740	16	99	84	*	Scaffold1062	197756	197839	84	*
Scaffold1378	75661	75727	67	*	Scaffold263	110820	110886	67	*
Scaffold1378	74639	74688	50	*	Scaffold263	109765	109814	50	*
Scaffold137882	176	250	75	*	Scaffold103	505082	505156	75	*
Scaffold138	92603	92666	64	*	Scaffold114	1178449	1178512	64	*
Scaffold138	16488	16541	54	*	Scaffold114	1115483	1115536	54	*
Scaffold138	112441	112491	51	*	Scaffold114	1197771	1197821	51	*
Scaffold138068	95	155	61	*	Scaffold1763	123845	123905	61	*
Scaffold138068	95	160	66	*	Scaffold4315	18066	18131	66	*
Scaffold1381	89049	89119	71	*	Scaffold100	678587	678657	71	*
Scaffold1381	89035	89115	81	*	Scaffold114	877400	877480	81	*
Scaffold1381	89043	89119	77	*	Scaffold1761	150437	150513	77	*
Scaffold1381	89065	89122	58	*	Scaffold2329	18365	18422	58	*
Scaffold1381	89057	89114	58	*	Scaffold2857	19907	19964	58	*
Scaffold1381	89047	89119	73	*	Scaffold372	83452	83524	73	*
Scaffold1381	89047	89119	73	*	Scaffold422	605140	605212	73	*
Scaffold1381	89049	89115	67	*	Scaffold683	252410	252476	67	*
Scaffold13812	33179	33237	59	*	Scaffold345	750229	750287	59	*
Scaffold13812	33126	33195	70	*	Scaffold4716	919	988	70	*
Scaffold13812	33141	33229	89	*	Scaffold484	261378	261466	89	*
Scaffold13812	33128	33242	115	*	Scaffold56	203502	203616	115	*
Scaffold13812	34744	34793	50	*	Scaffold591	549	598	50	*
Scaffold13812	33170	33235	66	*	Scaffold7058	17463	17528	66	*
Scaffold1382	6741	6854	114	*	Scaffold11504	258	371	114	*
Scaffold1382	7077	7139	63	*	Scaffold1977	35702	35764	63	*
Scaffold1382	6762	6814	53	*	Scaffold2897	31129	31181	53	*
Scaffold1382	6813	6908	96	*	Scaffold325	341513	341608	96	*
Scaffold1382	6813	6888	76	*	Scaffold421	343525	343600	76	*
Scaffold1382	5992	6059	68	*	Scaffold470	293537	293604	68	*
Scaffold1382	6061	6119	59	*	Scaffold470	293477	293535	59	*
Scaffold1382	6799	6858	60	*	Scaffold540	115482	115541	60	*
Scaffold1383	69115	69195	81	*	Scaffold598	342995	343075	81	*
Scaffold1383	71216	71268	53	*	Scaffold598	344897	344949	53	*
Scaffold1383	69209	69260	52	*	Scaffold598	343088	343139	52	*
Scaffold1383	63695	63780	86	*	Scaffold598	333426	333511	86	*
Scaffold13838	32925	32989	65	*	Scaffold688	11390	11454	65	*
Scaffold13844	23187	23264	78	*	Scaffold310	230392	230469	78	*
Scaffold13858	10596	10651	56	*	Scaffold688	11450	11505	56	*
Scaffold13863	53	114	62	*	Scaffold198	208202	208263	62	*
Scaffold13863	57	123	67	*	Scaffold413	8503	8569	67	*
Scaffold13863	1	55	55	*	Scaffold413	8571	8625	55	*
Scaffold138651	204	257	54	*	Scaffold256	382731	382784	54	*
Scaffold138651	214	270	57	*	Scaffold418	537652	537708	57	*
Scaffold13880	31920	31976	57	*	Scaffold197	733839	733895	57	*
Scaffold13882	30726	30776	51	*	Scaffold139	854409	854459	51	*
Scaffold1389	10908	10957	50	*	Scaffold1396	179100	179149	50	*
Scaffold1389	19314	19366	53	*	Scaffold1396	171662	171714	53	*
Scaffold1389	10832	10897	66	*	Scaffold1396	179160	179225	66	*
Scaffold1389	6922	6973	52	*	Scaffold1396	182522	182573	52	*
Scaffold1389	3962	4014	53	*	Scaffold1396	185701	185753	53	*
Scaffold1389	1248	1298	51	*	Scaffold1396	188031	188081	51	*
Scaffold1389	4094	4197	104	*	Scaffold1396	185511	185614	104	*
Scaffold1389	46798	46849	52	*	Scaffold322	326969	327020	52	*
Scaffold1389	82950	83053	104	*	Scaffold73	10880	10983	104	*
Scaffold138915	186	251	66	*	Scaffold1108	70964	71029	66	*
Scaffold139	41068	41123	56	*	Scaffold614	197935	197990	56	*
Scaffold139	48299	48354	56	*	Scaffold614	203866	203921	56	*
Scaffold139	16103	16169	67	*	Scaffold614	177083	177149	67	*
Scaffold139010	32	117	86	*	Scaffold3112	32333	32418	86	*
Scaffold1391	125255	125339	85	*	Scaffold163	511220	511304	85	*
Scaffold1391	124002	124086	85	*	Scaffold163	511220	511304	85	*
Scaffold13917	18536	18588	53	*	Scaffold2273	18935	18987	53	*
Scaffold13917	23811	23873	63	*	Scaffold2273	12561	12623	63	*
Scaffold13917	23811	23885	75	*	Scaffold454	282026	282100	75	*
Scaffold13917	18536	18588	53	*	Scaffold454	275774	275826	53	*
Scaffold139188	99	165	67	*	Scaffold636	164894	164960	67	*
Scaffold13921	14456	14510	55	*	Scaffold926	387136	387190	55	*
Scaffold139218	136	201	66	*	Scaffold605	253037	253102	66	*
Scaffold13923	12624	12688	65	*	Scaffold26972	73	137	65	*
Scaffold13923	30374	30428	55	*	Scaffold766	285503	285557	55	*
Scaffold1393	30795	30862	68	*	Scaffold1046	59930	59997	68	*
Scaffold139336	106	162	57	*	Scaffold242	246491	246547	57	*
Scaffold139336	91	140	50	*	Scaffold79	375260	375309	50	*
Scaffold13959	7247	7302	56	*	Scaffold272	451472	451527	56	*
Scaffold13959	10836	10917	82	*	Scaffold272	446492	446573	82	*
Scaffold13959	9425	9490	66	*	Scaffold272	447912	447977	66	*
Scaffold13959	8033	8122	90	*	Scaffold272	449115	449204	90	*
Scaffold13959	11305	11369	65	*	Scaffold272	445642	445706	65	*
Scaffold13959	7154	7204	51	*	Scaffold272	451570	451620	51	*
Scaffold13959	10103	10172	70	*	Scaffold272	447221	447290	70	*
Scaffold13959	8960	9031	72	*	Scaffold272	448384	448455	72	*
Scaffold13959	9492	9548	57	*	Scaffold272	447854	447910	57	*
Scaffold13959	9771	9858	88	*	Scaffold272	447540	447627	88	*
Scaffold13959	8169	8222	54	*	Scaffold272	449014	449067	54	*
Scaffold13959	10385	10442	58	*	Scaffold272	446949	447006	58	*
Scaffold13959	11384	11571	188	*	Scaffold272	445446	445633	188	*
Scaffold1396	63206	63260	55	*	Scaffold882	208260	208314	55	*
Scaffold1396	63153	63203	51	*	Scaffold882	208207	208257	51	*
Scaffold1396	16227	16318	92	*	Scaffold882	178160	178251	92	*
Scaffold1396	61098	61158	61	*	Scaffold882	205236	205296	61	*
Scaffold1396	57651	57709	59	*	Scaffold882	202396	202454	59	*
Scaffold1396	39817	39868	52	*	Scaffold882	190410	190461	52	*
Scaffold1396	13794	13852	59	*	Scaffold882	177294	177352	59	*
Scaffold13963	22331	22498	168	*	Scaffold198	603524	603691	168	*
Scaffold1397	11494	11545	52	*	Scaffold1525	74969	75020	52	*
Scaffold1397	156874	156975	102	*	Scaffold5191	8431	8532	102	*
Scaffold1397	156742	156857	116	*	Scaffold5191	8299	8414	116	*
Scaffold139744	239	299	61	*	Scaffold1763	124157	124217	61	*
Scaffold13975	740	832	93	*	Scaffold2782	116736	116828	93	*
Scaffold13975	5182	5240	59	*	Scaffold2782	120997	121055	59	*
Scaffold13975	22215	22341	127	*	Scaffold2782	135773	135899	127	*
Scaffold13975	21444	21608	165	*	Scaffold2782	134995	135159	165	*
Scaffold13975	10812	10869	58	*	Scaffold2782	126081	126138	58	*
Scaffold13975	23606	23660	55	*	Scaffold2782	136826	136880	55	*
Scaffold13975	11156	11206	51	*	Scaffold2782	126426	126476	51	*
Scaffold13975	14242	14333	92	*	Scaffold2782	129740	129831	92	*
Scaffold13975	5415	5490	76	*	Scaffold2782	121222	121297	76	*
Scaffold13975	21304	21356	53	*	Scaffold2782	134844	134896	53	*
Scaffold13975	22158	22213	56	*	Scaffold2782	135716	135771	56	*
Scaffold13975	23757	23882	126	*	Scaffold2782	137125	137250	126	*
Scaffold13975	22343	22444	102	*	Scaffold2782	135901	136002	102	*
Scaffold13975	4805	4896	92	*	Scaffold2782	120620	120711	92	*
Scaffold13975	19742	19841	100	*	Scaffold2782	134057	134156	100	*
Scaffold13975	15577	15640	64	*	Scaffold2782	131501	131564	64	*
Scaffold13975	4564	4646	83	*	Scaffold2782	120385	120467	83	*
Scaffold13975	19125	19176	52	*	Scaffold2782	133474	133525	52	*
Scaffold13975	8368	8469	102	*	Scaffold2782	123665	123766	102	*
Scaffold13975	15804	15893	90	*	Scaffold2782	131676	131765	90	*
Scaffold13975	7526	7589	64	*	Scaffold2782	122821	122884	64	*
Scaffold13975	6652	6704	53	*	Scaffold2782	122149	122201	53	*
Scaffold13975	9755	9855	101	*	Scaffold2782	125024	125124	101	*
Scaffold13975	8123	8176	54	*	Scaffold2782	123419	123472	54	*
Scaffold13975	17521	17693	173	*	Scaffold2782	132188	132360	173	*
Scaffold13975	14867	14917	51	*	Scaffold2782	130807	130857	51	*
Scaffold13975	7228	7285	58	*	Scaffold2782	122517	122574	58	*
Scaffold13975	13489	13618	130	*	Scaffold2782	129038	129167	130	*
Scaffold13975	9505	9574	70	*	Scaffold2782	124793	124862	70	*
Scaffold13975	9347	9400	54	*	Scaffold2782	124638	124691	54	*
Scaffold13975	13064	13178	115	*	Scaffold2782	128607	128721	115	*
Scaffold13975	17351	17519	169	*	Scaffold2782	132018	132186	169	*
Scaffold13975	17697	17787	91	*	Scaffold2782	132364	132454	91	*
Scaffold13975	8753	8826	74	*	Scaffold2782	124050	124123	74	*
Scaffold13975	22568	22630	63	*	Scaffold2782	136131	136193	63	*
Scaffold13975	6812	6891	80	*	Scaffold2782	122308	122387	80	*
Scaffold13975	10003	10058	56	*	Scaffold2782	125272	125327	56	*
Scaffold13975	391	459	69	*	Scaffold2782	116387	116455	69	*
Scaffold13975	45	175	131	*	Scaffold2782	116044	116174	131	*
Scaffold13975	10496	10568	73	*	Scaffold2782	125765	125837	73	*
Scaffold13975	10733	10810	78	*	Scaffold2782	126002	126079	78	*
Scaffold13975	14514	14622	109	*	Scaffold2782	130012	130120	109	*
Scaffold13975	15330	15437	108	*	Scaffold2782	131254	131361	108	*
Scaffold13975	14354	14512	159	*	Scaffold2782	129852	130010	159	*
Scaffold13975	4962	5067	106	*	Scaffold2782	120777	120882	106	*
Scaffold13975	10184	10294	111	*	Scaffold2782	125453	125563	111	*
Scaffold13975	23206	23258	53	*	Scaffold2782	136772	136824	53	*
Scaffold13975	19843	19930	88	*	Scaffold2782	134158	134245	88	*
Scaffold13975	19286	19339	54	*	Scaffold2782	133634	133687	54	*
Scaffold13975	6535	6650	116	*	Scaffold2782	122032	122147	116	*
Scaffold13975	21836	21903	68	*	Scaffold2782	135390	135457	68	*
Scaffold13975	6229	6304	76	*	Scaffold2782	121721	121796	76	*
Scaffold13975	13420	13487	68	*	Scaffold2782	128969	129036	68	*
Scaffold13975	7350	7403	54	*	Scaffold2782	122648	122701	54	*
Scaffold13975	19446	19502	57	*	Scaffold2782	133794	133850	57	*
Scaffold13975	6306	6386	81	*	Scaffold2782	121798	121878	81	*
Scaffold13975	6706	6792	87	*	Scaffold2782	122203	122289	87	*
Scaffold13975	19609	19708	100	*	Scaffold2782	133915	134014	100	*
Scaffold13975	8067	8121	55	*	Scaffold2782	123363	123417	55	*
Scaffold13975	12358	12432	75	*	Scaffold2782	127918	127992	75	*
Scaffold13975	5271	5329	59	*	Scaffold2782	121078	121136	59	*
Scaffold13975	10060	10182	123	*	Scaffold2782	125329	125451	123	*
Scaffold13975	11055	11154	100	*	Scaffold2782	126325	126424	100	*
Scaffold13975	5814	5905	92	*	Scaffold2782	121298	121389	92	*
Scaffold13975	8963	9154	192	*	Scaffold2782	124250	124441	192	*
Scaffold13975	7716	7851	136	*	Scaffold2782	123011	123146	136	*
Scaffold13975	23430	23604	175	*	Scaffold2782	136650	136824	175	*
Scaffold13975	6394	6534	141	*	Scaffold2782	121890	122030	141	*
Scaffold13975	21635	21699	65	*	Scaffold2782	135187	135251	65	*
Scaffold13975	7853	8007	155	*	Scaffold2782	123148	123302	155	*
Scaffold13975	8491	8637	147	*	Scaffold2782	123788	123934	147	*
Scaffold13975	18749	18903	155	*	Scaffold2782	133097	133251	155	*
Scaffold13975	10674	10731	58	*	Scaffold2782	125943	126000	58	*
Scaffold13975	15439	15502	64	*	Scaffold2782	131363	131426	64	*
Scaffold13975	13922	14240	319	*	Scaffold2782	129420	129738	319	*
Scaffold13975	9155	9269	115	*	Scaffold2782	124446	124560	115	*
Scaffold13975	14799	14857	59	*	Scaffold2782	130739	130797	59	*
Scaffold13975	10570	10672	103	*	Scaffold2782	125839	125941	103	*
Scaffold13975	7618	7709	92	*	Scaffold2782	122913	123004	92	*
Scaffold13975	18408	18503	96	*	Scaffold2782	132754	132849	96	*
Scaffold13975	18905	18962	58	*	Scaffold2782	133254	133311	58	*
Scaffold13975	16912	17152	241	*	Scaffold2782	131582	131822	241	*
Scaffold13975	19389	19444	56	*	Scaffold2782	133737	133792	56	*
Scaffold13975	23690	23756	67	*	Scaffold2782	136914	136980	67	*
Scaffold13975	15504	15575	72	*	Scaffold2782	131428	131499	72	*
Scaffold13975	340	389	50	*	Scaffold2782	116336	116385	50	*
Scaffold13975	5069	5180	112	*	Scaffold2782	120884	120995	112	*
Scaffold13975	4476	4548	73	*	Scaffold2782	120297	120369	73	*
Scaffold13975	10871	11003	133	*	Scaffold2782	126140	126272	133	*
Scaffold13975	18329	18406	78	*	Scaffold2782	132675	132752	78	*
Scaffold13975	13218	13334	117	*	Scaffold2782	128761	128877	117	*
Scaffold13975	23147	23205	59	*	Scaffold2782	136712	136770	59	*
Scaffold13975	8639	8700	62	*	Scaffold2782	123936	123997	62	*
Scaffold13975	22696	22800	105	*	Scaffold2782	136258	136362	105	*
Scaffold13975	18545	18704	160	*	Scaffold2782	132891	133050	160	*
Scaffold13975	22632	22682	51	*	Scaffold2782	136195	136245	51	*
Scaffold13975	21933	21997	65	*	Scaffold2782	135487	135551	65	*
Scaffold13975	5362	5413	52	*	Scaffold2782	121169	121220	52	*
Scaffold13975	461	539	79	*	Scaffold2782	116457	116535	79	*
Scaffold13975	4346	4474	129	*	Scaffold2782	120167	120295	129	*
Scaffold13975	22446	22524	79	*	Scaffold2782	136008	136086	79	*
Scaffold13975	9666	9715	50	*	Scaffold2782	124935	124984	50	*
Scaffold13975	8268	8323	56	*	Scaffold2782	123565	123620	56	*
Scaffold13975	10296	10349	54	*	Scaffold2782	125565	125618	54	*
Scaffold13975	647	715	69	*	Scaffold2782	116643	116711	69	*
Scaffold13975	22817	22940	124	*	Scaffold2782	136379	136502	124	*
Scaffold13975	14702	14797	96	*	Scaffold2782	130642	130737	96	*
Scaffold13975	5984	6035	52	*	Scaffold2782	121477	121528	52	*
Scaffold13975	11005	11054	50	*	Scaffold2782	126274	126323	50	*
Scaffold13975	21701	21764	64	*	Scaffold2782	135256	135319	64	*
Scaffold13975	13750	13808	59	*	Scaffold2782	129295	129353	59	*
Scaffold13975	4898	4960	63	*	Scaffold2782	120713	120775	63	*
Scaffold13982	18439	18534	96	*	Scaffold29080	327	422	96	*
Scaffold139874	155	205	51	*	Scaffold83	88176	88226	51	*
Scaffold13999	14002	14051	50	*	Scaffold17522	60	109	50	*
Scaffold13999	14051	14103	53	*	Scaffold59	743513	743565	53	*
Scaffold13999	14006	14060	55	*	Scaffold773	137802	137856	55	*
Scaffold14	389813	389867	55	*	Scaffold1081	150186	150240	55	*
Scaffold14	389988	390037	50	*	Scaffold1081	150367	150416	50	*
Scaffold14	131444	131510	67	*	Scaffold405	474798	474864	67	*
Scaffold140041	4	81	78	*	Scaffold425	506233	506310	78	*
Scaffold14011	1030	1079	50	*	Scaffold44	1078857	1078906	50	*
Scaffold1402	41052	41116	65	*	Scaffold327	446975	447039	65	*
Scaffold1402	50253	50306	54	*	Scaffold327	451195	451248	54	*
Scaffold1402	37638	37702	65	*	Scaffold327	446975	447039	65	*
Scaffold1402	50253	50306	54	*	Scaffold5717	1984	2037	54	*
Scaffold1403	72678	72748	71	*	Scaffold18	332035	332105	71	*
Scaffold1404	4233	4286	54	*	Scaffold304	214087	214140	54	*
Scaffold1404	82826	82894	69	*	Scaffold304	260145	260213	69	*
Scaffold140403	11	73	63	*	Scaffold1125	309206	309268	63	*
Scaffold1405	7545	7605	61	*	Scaffold1293	107316	107376	61	*
Scaffold140511	1	65	65	*	Scaffold107	589262	589326	65	*
Scaffold1406	51635	51696	62	*	Scaffold770	310752	310813	62	*
Scaffold14064	20801	20851	51	*	Scaffold91	667287	667337	51	*
Scaffold14065	8770	8836	67	*	Scaffold1182	274020	274086	67	*
Scaffold140679	3905	3981	77	*	Scaffold2280	3319	3395	77	*
Scaffold1407	135562	135620	59	*	Scaffold453	336653	336711	59	*
Scaffold1407	114720	114770	51	*	Scaffold453	317280	317330	51	*
Scaffold1407	64182	64231	50	*	Scaffold453	256741	256790	50	*
Scaffold1407	41967	42039	73	*	Scaffold453	232843	232915	73	*
Scaffold1407	85664	85713	50	*	Scaffold453	283718	283767	50	*
Scaffold1407	28692	28749	58	*	Scaffold624	769826	769883	58	*
Scaffold1407	28692	28749	58	*	Scaffold624	767805	767862	58	*
Scaffold14070	5676	5748	73	*	Scaffold2367	15150	15222	73	*
Scaffold14079	31414	31468	55	*	Scaffold324	206835	206889	55	*
Scaffold14079	31414	31468	55	*	Scaffold5975	832	886	55	*
Scaffold14083	1827	1896	70	*	Scaffold470	293537	293606	70	*
Scaffold14083	1965	2019	55	*	Scaffold470	293400	293454	55	*
Scaffold140830	1366	1427	62	*	Scaffold320	89955	90016	62	*
Scaffold14084	10100	10156	57	*	Scaffold130	91067	91123	57	*
Scaffold140921	96	160	65	*	Scaffold478	373501	373565	65	*
Scaffold140921	5740	5796	57	*	Scaffold923	106789	106845	57	*
Scaffold14095	21891	21944	54	*	Scaffold102	457433	457486	54	*
Scaffold14097	12256	12311	56	*	Scaffold590	237704	237759	56	*
Scaffold140992	165	270	106	*	Scaffold113	356533	356638	106	*
Scaffold1410	72400	72460	61	*	Scaffold1114	44590	44650	61	*
Scaffold1410	93946	93998	53	*	Scaffold1206	93833	93885	53	*
Scaffold1410	93976	94035	60	*	Scaffold128	148054	148113	60	*
Scaffold1410	74042	74098	57	*	Scaffold1366	91752	91808	57	*
Scaffold1410	94526	94583	58	*	Scaffold150	394854	394911	58	*
Scaffold1410	70762	70820	59	*	Scaffold5528	1864	1922	59	*
Scaffold14109	17652	17713	62	*	Scaffold198	603561	603622	62	*
Scaffold14109	17758	17815	58	*	Scaffold198	603459	603516	58	*
Scaffold14124	18393	18508	116	*	Scaffold925	14917	15032	116	*
Scaffold14125	25474	25523	50	*	Scaffold3140	4975	5024	50	*
Scaffold14125	26224	26275	52	*	Scaffold868	3708	3759	52	*
Scaffold1414	48617	48670	54	*	Scaffold109	83369	83422	54	*
Scaffold14142	6072	6142	71	*	Scaffold18	332035	332105	71	*
Scaffold14145	6329	6378	50	*	Scaffold397	169178	169227	50	*
Scaffold14145	14618	14675	58	*	Scaffold397	172530	172587	58	*
Scaffold1415	44322	44379	58	*	Scaffold1140	54339	54396	58	*
Scaffold141534	25	75	51	*	Scaffold253	154266	154316	51	*
Scaffold141587	36	103	68	*	Scaffold1763	124237	124304	68	*
Scaffold141587	198	253	56	*	Scaffold1763	124009	124064	56	*
Scaffold14159	24714	24782	69	*	Scaffold113	429215	429283	69	*
Scaffold14159	24655	24705	51	*	Scaffold1188	47244	47294	51	*
Scaffold14159	24749	24810	62	*	Scaffold1188	47338	47399	62	*
Scaffold14159	24663	24712	50	*	Scaffold151	294877	294926	50	*
Scaffold14159	24758	24809	52	*	Scaffold1610	90158	90209	52	*
Scaffold14159	24717	24819	103	*	Scaffold198	603578	603680	103	*
Scaffold14159	24821	24872	52	*	Scaffold198	603525	603576	52	*
Scaffold14159	24612	24709	98	*	Scaffold198	603688	603785	98	*
Scaffold14159	24652	24718	67	*	Scaffold2263	70996	71062	67	*
Scaffold14159	24627	24716	90	*	Scaffold48	366392	366481	90	*
Scaffold14169	10818	10906	89	*	Scaffold11	806908	806996	89	*
Scaffold14169	10995	11259	265	*	Scaffold11	806555	806819	265	*
Scaffold14169	10108	10229	122	*	Scaffold11	807588	807709	122	*
Scaffold14169	9686	9978	293	*	Scaffold11	807839	808131	293	*
Scaffold14169	9980	10106	127	*	Scaffold11	807711	807837	127	*
Scaffold14169	10657	10715	59	*	Scaffold11	807099	807157	59	*
Scaffold14169	10916	10977	62	*	Scaffold11	806837	806898	62	*
Scaffold14169	10717	10816	100	*	Scaffold11	806998	807097	100	*
Scaffold14169	10386	10647	262	*	Scaffold11	807167	807428	262	*
Scaffold14183	18672	18723	52	*	Scaffold476	462952	463003	52	*
Scaffold1419	74937	74993	57	*	Scaffold155	420831	420887	57	*
Scaffold1419	74935	74992	58	*	Scaffold181	32079	32136	58	*
Scaffold1419	74935	74997	63	*	Scaffold302	275480	275542	63	*
Scaffold1419	74936	74995	60	*	Scaffold4	895646	895705	60	*
Scaffold1419	74934	74989	56	*	Scaffold44	113328	113383	56	*
Scaffold14191	63997	64054	58	*	Scaffold14108	1	58	58	*
Scaffold14191	69157	69207	51	*	Scaffold537	314897	314947	51	*
Scaffold141955	203	256	54	*	Scaffold1108	71017	71070	54	*
Scaffold142	91879	91929	51	*	Scaffold1060	429569	429619	51	*
Scaffold142	114603	114662	60	*	Scaffold1060	412286	412345	60	*
Scaffold142	113993	114052	60	*	Scaffold1060	412286	412345	60	*
Scaffold142	112664	112727	64	*	Scaffold1060	414560	414623	64	*
Scaffold142	88473	88542	70	*	Scaffold1060	433598	433667	70	*
Scaffold1420	94238	94289	52	*	Scaffold1002	184763	184814	52	*
Scaffold1420	104754	104805	52	*	Scaffold1002	194090	194141	52	*
Scaffold1420	99861	99910	50	*	Scaffold1002	190360	190409	50	*
Scaffold1420	88378	88447	70	*	Scaffold402	290945	291014	70	*
Scaffold142029	180	234	55	*	Scaffold1114	73053	73107	55	*
Scaffold142029	181	390	210	*	Scaffold198	603609	603818	210	*
Scaffold142039	1	63	63	*	Scaffold193	9047	9109	63	*
Scaffold142039	5	80	76	*	Scaffold20	1358334	1358409	76	*
Scaffold142039	6	74	69	*	Scaffold229	503451	503519	69	*
Scaffold142039	30	90	61	*	Scaffold2466	343	403	61	*
Scaffold142039	10	99	90	*	Scaffold248	201125	201214	90	*
Scaffold142039	6	86	81	*	Scaffold30731	411	491	81	*
Scaffold142039	19	91	73	*	Scaffold348	599253	599325	73	*
Scaffold142039	3	77	75	*	Scaffold375	735196	735270	75	*
Scaffold142039	20	91	72	*	Scaffold445	120912	120983	72	*
Scaffold142039	16	74	59	*	Scaffold514	43656	43714	59	*
Scaffold14207	10249	10298	50	*	Scaffold186	382956	383005	50	*
Scaffold142155	585	645	61	*	Scaffold3132	136862	136922	61	*
Scaffold14222	4480	4545	66	*	Scaffold663	304660	304725	66	*
Scaffold142277	228	282	55	*	Scaffold384	361940	361994	55	*
Scaffold14232	31110	31162	53	*	Scaffold478	518600	518652	53	*
Scaffold142538	269	327	59	*	Scaffold86	197565	197623	59	*
Scaffold14255	29473	29533	61	*	Scaffold3316	10945	11005	61	*
Scaffold14255	29725	29783	59	*	Scaffold3316	11181	11239	59	*
Scaffold142581	8	71	64	*	Scaffold1081	150185	150248	64	*
Scaffold1426	38199	38260	62	*	Scaffold349	9599	9660	62	*
Scaffold14265	11502	11587	86	*	Scaffold240	220023	220108	86	*
Scaffold14265	21343	21392	50	*	Scaffold285	349543	349592	50	*
Scaffold142657	246	310	65	*	Scaffold1527	43370	43434	65	*
Scaffold1427	14257	14315	59	*	Scaffold597	281801	281859	59	*
Scaffold14273	7842	7940	99	*	Scaffold688	11407	11505	99	*
Scaffold1428	19239	19303	65	*	Scaffold113	356923	356987	65	*
Scaffold1428	55830	55886	57	*	Scaffold1926	59856	59912	57	*
Scaffold14288	8571	8630	60	*	Scaffold1425	30055	30114	60	*
Scaffold14291	7220	7269	50	*	Scaffold3820	16454	16503	50	*
Scaffold143	35930	35982	53	*	Scaffold334	381518	381570	53	*
Scaffold14302	39861	39932	72	*	Scaffold1671	152480	152551	72	*
Scaffold14308	21297	21347	51	*	Scaffold1210	31123	31173	51	*
Scaffold14308	23277	23327	51	*	Scaffold1210	31123	31173	51	*
Scaffold14314	14044	14105	62	*	Scaffold419	57834	57895	62	*
Scaffold14319	22855	22920	66	*	Scaffold13	1182536	1182601	66	*
Scaffold14319	21803	21868	66	*	Scaffold13	1181459	1181524	66	*
Scaffold14319	20911	21025	115	*	Scaffold1759	107707	107821	115	*
Scaffold14319	20974	21036	63	*	Scaffold509	417702	417764	63	*
Scaffold14319	20555	20604	50	*	Scaffold533	279501	279550	50	*
Scaffold1432	12594	12667	74	*	Scaffold207	368764	368837	74	*
Scaffold143387	1	112	112	*	Scaffold360	111928	112039	112	*
Scaffold1434	50597	50664	68	*	Scaffold127	377041	377108	68	*
Scaffold1434	61156	61222	67	*	Scaffold305	632466	632532	67	*
Scaffold1434	50753	50817	65	*	Scaffold668	334048	334112	65	*
Scaffold1434	72257	72307	51	*	Scaffold668	363162	363212	51	*
Scaffold1434	101653	101702	50	*	Scaffold8021	1546	1595	50	*
Scaffold14344	13324	13388	65	*	Scaffold1710	128775	128839	65	*
Scaffold14344	13387	13436	50	*	Scaffold79	375260	375309	50	*
Scaffold14352	23390	23439	50	*	Scaffold117	562678	562727	50	*
Scaffold14355	21812	21870	59	*	Scaffold1527	43436	43494	59	*
Scaffold14355	39487	39579	93	*	Scaffold1763	123823	123915	93	*
Scaffold143590	76	137	62	*	Scaffold1412	91167	91228	62	*
Scaffold1436	115713	115830	118	*	Scaffold552	361701	361818	118	*
Scaffold1436	104184	104280	97	*	Scaffold552	371373	371469	97	*
Scaffold1436	109196	109257	62	*	Scaffold552	367431	367492	62	*
Scaffold1436	65042	65117	76	*	Scaffold552	398946	399021	76	*
Scaffold1436	84774	84846	73	*	Scaffold552	389182	389254	73	*
Scaffold1436	96007	96061	55	*	Scaffold552	375956	376010	55	*
Scaffold1436	109127	109194	68	*	Scaffold552	367494	367561	68	*
Scaffold1436	74598	74660	63	*	Scaffold552	393623	393685	63	*
Scaffold1436	96106	96194	89	*	Scaffold552	375823	375911	89	*
Scaffold1436	85122	85189	68	*	Scaffold552	388815	388882	68	*
Scaffold1436	114685	114802	118	*	Scaffold552	361701	361818	118	*
Scaffold14362	12884	12937	54	*	Scaffold183	66314	66367	54	*
Scaffold143665	574	636	63	*	Scaffold1150	336231	336293	63	*
Scaffold14375	28060	28125	66	*	Scaffold230	107537	107602	66	*
Scaffold14375	7674	7724	51	*	Scaffold230	90948	90998	51	*
Scaffold14375	6229	6312	84	*	Scaffold230	88660	88743	84	*
Scaffold14375	7790	7863	74	*	Scaffold230	91068	91141	74	*
Scaffold14376	18238	18289	52	*	Scaffold820	192124	192175	52	*
Scaffold1438	51160	51214	55	*	Scaffold579	376386	376440	55	*
Scaffold1438	73665	73734	70	*	Scaffold579	354822	354891	70	*
Scaffold1438	73483	73539	57	*	Scaffold579	355026	355082	57	*
Scaffold14399	40076	40131	56	*	Scaffold3667	25478	25533	56	*
Scaffold14399	72629	72679	51	*	Scaffold636	249148	249198	51	*
Scaffold14399	40076	40131	56	*	Scaffold636	273047	273102	56	*
Scaffold14399	73499	73557	59	*	Scaffold636	248278	248336	59	*
Scaffold14399	1153	1225	73	*	Scaffold636	315861	315933	73	*
Scaffold14399	23252	23320	69	*	Scaffold636	289884	289952	69	*
Scaffold14399	76764	76819	56	*	Scaffold636	244476	244531	56	*
Scaffold14399	41105	41166	62	*	Scaffold636	274018	274079	62	*
Scaffold14399	15573	15634	62	*	Scaffold636	295087	295148	62	*
Scaffold144047	586	641	56	*	Scaffold56	782481	782536	56	*
Scaffold1441	48768	48841	74	*	Scaffold2098	71098	71171	74	*
Scaffold1441	10353	10418	66	*	Scaffold2098	102797	102862	66	*
Scaffold1441	48580	48635	56	*	Scaffold2098	71300	71355	56	*
Scaffold1441	51053	51104	52	*	Scaffold2098	69338	69389	52	*
Scaffold1441	62048	62110	63	*	Scaffold2098	62059	62121	63	*
Scaffold14411	31470	31543	74	*	Scaffold103	401911	401984	74	*
Scaffold14411	30971	31034	64	*	Scaffold103	402141	402204	64	*
Scaffold14411	31094	31145	52	*	Scaffold103	402030	402081	52	*
Scaffold14411	31365	31417	53	*	Scaffold238	699074	699126	53	*
Scaffold14411	30761	30814	54	*	Scaffold3125	14874	14927	54	*
Scaffold14411	30728	30777	50	*	Scaffold405	167329	167378	50	*
Scaffold14411	31603	31655	53	*	Scaffold414	345481	345533	53	*
Scaffold14411	31542	31600	59	*	Scaffold571	260952	261010	59	*
Scaffold14411	31224	31282	59	*	Scaffold571	261260	261318	59	*
Scaffold14414	43196	43255	60	*	Scaffold2280	3177	3236	60	*
Scaffold14414	43374	43467	94	*	Scaffold2280	3295	3388	94	*
Scaffold144144	522	575	54	*	Scaffold2014	113004	113057	54	*
Scaffold1442	132843	132901	59	*	Scaffold3908	2994	3052	59	*
Scaffold1442	120420	120476	57	*	Scaffold56	236273	236329	57	*
Scaffold1442	127121	127175	55	*	Scaffold56	228923	228977	55	*
Scaffold1442	120514	120576	63	*	Scaffold56	236173	236235	63	*
Scaffold1442	77046	77103	58	*	Scaffold56	294558	294615	58	*
Scaffold1442	35711	35766	56	*	Scaffold56	320328	320383	56	*
Scaffold1442	66932	66993	62	*	Scaffold56	298708	298769	62	*
Scaffold1442	96529	96579	51	*	Scaffold56	270619	270669	51	*
Scaffold1442	120420	120476	57	*	Scaffold56	243306	243362	57	*
Scaffold1442	96718	96770	53	*	Scaffold56	270419	270471	53	*
Scaffold1442	120811	120862	52	*	Scaffold56	235885	235936	52	*
Scaffold1442	91950	92025	76	*	Scaffold56	274502	274577	76	*
Scaffold14420	6743	6827	85	*	Scaffold1226	151117	151201	85	*
Scaffold14420	7514	7574	61	*	Scaffold993	326256	326316	61	*
Scaffold14424	21206	21264	59	*	Scaffold13166	835	893	59	*
Scaffold14424	20814	20865	52	*	Scaffold1397	57299	57350	52	*
Scaffold14424	21279	21351	73	*	Scaffold16	861392	861464	73	*
Scaffold14424	20813	20864	52	*	Scaffold379	102772	102823	52	*
Scaffold14424	20901	20953	53	*	Scaffold79	375672	375724	53	*
Scaffold144254	63	127	65	*	Scaffold1150	399667	399731	65	*
Scaffold144275	123	195	73	*	Scaffold1253	188462	188534	73	*
Scaffold14428	16838	16906	69	*	Scaffold18	331965	332033	69	*
Scaffold14428	16293	16347	55	*	Scaffold18	332507	332561	55	*
Scaffold14428	16948	17003	56	*	Scaffold560	152037	152092	56	*
Scaffold14431	4320	4372	53	*	Scaffold637	321769	321821	53	*
Scaffold1444	23877	23928	52	*	Scaffold1046	82415	82466	52	*
Scaffold1444	23792	23850	59	*	Scaffold391	240040	240098	59	*
Scaffold1444	23792	23850	59	*	Scaffold78	216604	216662	59	*
Scaffold14448	4816	4868	53	*	Scaffold1029	258847	258899	53	*
Scaffold14452	451	503	53	*	Scaffold5224	7105	7157	53	*
Scaffold14452	647	704	58	*	Scaffold5224	6735	6792	58	*
Scaffold14457	9133	9207	75	*	Scaffold25	253732	253806	75	*
Scaffold14457	5770	5820	51	*	Scaffold25	257522	257572	51	*
Scaffold14457	8992	9046	55	*	Scaffold25	253893	253947	55	*
Scaffold14457	27534	27593	60	*	Scaffold25	241685	241744	60	*
Scaffold14457	30686	30745	60	*	Scaffold25	241685	241744	60	*
Scaffold14461	3331	3382	52	*	Scaffold4443	5584	5635	52	*
Scaffold14471	30039	30092	54	*	Scaffold4	734900	734953	54	*
Scaffold14476	42242	42320	79	*	Scaffold107	88831	88909	79	*
Scaffold144878	27	118	92	*	Scaffold3316	11823	11914	92	*
Scaffold14489	14205	14261	57	*	Scaffold62	1071687	1071743	57	*
Scaffold14491	12652	12707	56	*	Scaffold1250	167109	167164	56	*
Scaffold145	113669	113727	59	*	Scaffold181	76957	77015	59	*
Scaffold145	113509	113562	54	*	Scaffold181	76957	77010	54	*
Scaffold14504	46619	46679	61	*	Scaffold1212	38034	38094	61	*
Scaffold145068	51	227	177	*	Scaffold5191	8343	8519	177	*
Scaffold1451	91900	92031	132	*	Scaffold21846	489	620	132	*
Scaffold1451	91819	91882	64	*	Scaffold21846	638	701	64	*
Scaffold1451	110583	110639	57	*	Scaffold8458	1662	1718	57	*
Scaffold1451	111738	111975	238	*	Scaffold8458	2748	2985	238	*
Scaffold1451	110362	110452	91	*	Scaffold8458	1441	1531	91	*
Scaffold1451	113257	113415	159	*	Scaffold8458	3005	3163	159	*
Scaffold1451	109593	109686	94	*	Scaffold8458	1214	1307	94	*
Scaffold1451	111495	111544	50	*	Scaffold8458	2506	2555	50	*
Scaffold1451	110498	110581	84	*	Scaffold8458	1577	1660	84	*
Scaffold1451	111995	112153	159	*	Scaffold8458	3005	3163	159	*
Scaffold1451	109511	109561	51	*	Scaffold8458	1131	1181	51	*
Scaffold1451	113735	113786	52	*	Scaffold8458	3466	3517	52	*
Scaffold1451	108599	108659	61	*	Scaffold8458	211	271	61	*
Scaffold1451	113417	113468	52	*	Scaffold8458	3165	3216	52	*
Scaffold1451	112473	112524	52	*	Scaffold8458	3466	3517	52	*
Scaffold1451	111021	111188	168	*	Scaffold8458	2032	2199	168	*
Scaffold1451	109039	109139	101	*	Scaffold8458	654	754	101	*
Scaffold1451	111355	111404	50	*	Scaffold8458	2364	2413	50	*
Scaffold1451	108814	108873	60	*	Scaffold8458	427	486	60	*
Scaffold1451	111685	111736	52	*	Scaffold8458	2695	2746	52	*
Scaffold1451	113062	113208	147	*	Scaffold8458	2810	2956	147	*
Scaffold1451	109227	109317	91	*	Scaffold8458	843	933	91	*
Scaffold1451	108903	109031	129	*	Scaffold8458	518	646	129	*
Scaffold1451	111577	111632	56	*	Scaffold8458	2588	2643	56	*
Scaffold1451	108526	108593	68	*	Scaffold8458	138	205	68	*
Scaffold1451	108715	108775	61	*	Scaffold8458	328	388	61	*
Scaffold14519	521	595	75	*	Scaffold8491	2461	2535	75	*
Scaffold1452	19205	19255	51	*	Scaffold470	293473	293523	51	*
Scaffold1452	19285	19337	53	*	Scaffold470	293391	293443	53	*
Scaffold145346	58	121	64	*	Scaffold989	43733	43796	64	*
Scaffold14544	9181	9238	58	*	Scaffold1276	247521	247578	58	*
Scaffold14549	14795	14844	50	*	Scaffold3316	11056	11105	50	*
Scaffold14557	861	934	74	*	Scaffold1223	64287	64360	74	*
Scaffold14557	960	1018	59	*	Scaffold1223	64386	64444	59	*
Scaffold14557	900	951	52	*	Scaffold1396	495243	495294	52	*
Scaffold14557	966	1015	50	*	Scaffold1396	495179	495228	50	*
Scaffold14557	973	1077	105	*	Scaffold2051	63518	63622	105	*
Scaffold14557	1037	1099	63	*	Scaffold40	779001	779063	63	*
Scaffold1456	35051	35108	58	*	Scaffold110	695989	696046	58	*
Scaffold1456	65620	65675	56	*	Scaffold110	676472	676527	56	*
Scaffold1456	54688	54737	50	*	Scaffold110	683421	683470	50	*
Scaffold1456	41839	41890	52	*	Scaffold110	691109	691160	52	*
Scaffold1456	32029	32098	70	*	Scaffold110	698650	698719	70	*
Scaffold14569	3248	3299	52	*	Scaffold2280	3406	3457	52	*
Scaffold145787	336	393	58	*	Scaffold636	557957	558014	58	*
Scaffold14580	20280	20346	67	*	Scaffold90	256814	256880	67	*
Scaffold14580	7683	7755	73	*	Scaffold90	287469	287541	73	*
Scaffold14580	12910	12972	63	*	Scaffold90	282216	282278	63	*
Scaffold14580	54529	54579	51	*	Scaffold90	217541	217591	51	*
Scaffold14580	59820	59892	73	*	Scaffold90	212697	212769	73	*
Scaffold14583	29093	29156	64	*	Scaffold417	121035	121098	64	*
Scaffold14583	33141	33208	68	*	Scaffold417	118445	118512	68	*
Scaffold14583	28629	28692	64	*	Scaffold417	121035	121098	64	*
Scaffold145878	208	265	58	*	Scaffold1081	150087	150144	58	*
Scaffold1459	22188	22237	50	*	Scaffold194	624447	624496	50	*
Scaffold14596	22409	22458	50	*	Scaffold608	282682	282731	50	*
Scaffold14604	6816	6876	61	*	Scaffold113	356663	356723	61	*
Scaffold146054	101	165	65	*	Scaffold177	931325	931389	65	*
Scaffold14610	15962	16014	53	*	Scaffold1256	214884	214936	53	*
Scaffold14614	15851	15917	67	*	Scaffold1284	192785	192851	67	*
Scaffold14615	15580	15640	61	*	Scaffold1035	220359	220419	61	*
Scaffold14615	15486	15545	60	*	Scaffold1035	220454	220513	60	*
Scaffold14615	15581	15648	68	*	Scaffold18	332710	332777	68	*
Scaffold14615	15470	15524	55	*	Scaffold217	605406	605460	55	*
Scaffold14615	15580	15633	54	*	Scaffold217	605516	605569	54	*
Scaffold14615	15526	15578	53	*	Scaffold217	605462	605514	53	*
Scaffold14615	15450	15499	50	*	Scaffold390	315306	315355	50	*
Scaffold14615	15530	15599	70	*	Scaffold390	315206	315275	70	*
Scaffold14615	15509	15564	56	*	Scaffold615	188660	188715	56	*
Scaffold14617	4541	4613	73	*	Scaffold10	1439286	1439358	73	*
Scaffold1462	125659	125718	60	*	Scaffold143	939454	939513	60	*
Scaffold1462	69145	69196	52	*	Scaffold143	991539	991590	52	*
Scaffold1462	113644	113831	188	*	Scaffold143	949286	949473	188	*
Scaffold1462	96365	96424	60	*	Scaffold143	970477	970536	60	*
Scaffold1462	96598	96679	82	*	Scaffold143	970206	970287	82	*
Scaffold1462	20070	20131	62	*	Scaffold143	1037427	1037488	62	*
Scaffold1462	49926	49979	54	*	Scaffold143	1012788	1012841	54	*
Scaffold1462	113503	113574	72	*	Scaffold143	949543	949614	72	*
Scaffold1462	22581	22644	64	*	Scaffold143	1034792	1034855	64	*
Scaffold1462	69067	69143	77	*	Scaffold143	991592	991668	77	*
Scaffold1462	113833	113904	72	*	Scaffold143	949213	949284	72	*
Scaffold1462	114224	114353	130	*	Scaffold143	948763	948892	130	*
Scaffold1462	120336	120387	52	*	Scaffold143	944122	944173	52	*
Scaffold1462	120266	120334	69	*	Scaffold143	944175	944243	69	*
Scaffold1462	17066	17121	56	*	Scaffold143	1043480	1043535	56	*
Scaffold1462	19460	19556	97	*	Scaffold143	1038010	1038106	97	*
Scaffold1462	94453	94510	58	*	Scaffold143	972467	972524	58	*
Scaffold1462	20232	20286	55	*	Scaffold143	1037272	1037326	55	*
Scaffold1462	119736	119855	120	*	Scaffold143	944657	944776	120	*
Scaffold1462	38004	38056	53	*	Scaffold143	1023335	1023387	53	*
Scaffold1462	52668	52767	100	*	Scaffold143	1010006	1010105	100	*
Scaffold1462	121954	122011	58	*	Scaffold143	942593	942650	58	*
Scaffold1462	126538	126593	56	*	Scaffold143	938581	938636	56	*
Scaffold1462	68627	68730	104	*	Scaffold143	992004	992107	104	*
Scaffold1462	69446	69498	53	*	Scaffold143	991242	991294	53	*
Scaffold1462	36583	36637	55	*	Scaffold143	1024529	1024583	55	*
Scaffold1462	52816	52869	54	*	Scaffold143	1009904	1009957	54	*
Scaffold1462	52871	52944	74	*	Scaffold143	1009829	1009902	74	*
Scaffold1462	69003	69060	58	*	Scaffold143	991675	991732	58	*
Scaffold1462	21035	21089	55	*	Scaffold143	1036442	1036496	55	*
Scaffold1462	49781	49830	50	*	Scaffold143	1012936	1012985	50	*
Scaffold1462	84471	84568	98	*	Scaffold143	979741	979838	98	*
Scaffold1462	124944	124994	51	*	Scaffold143	940188	940238	51	*
Scaffold1462	52537	52599	63	*	Scaffold143	1010176	1010238	63	*
Scaffold1462	49874	49924	51	*	Scaffold143	1012843	1012893	51	*
Scaffold1462	114401	114566	166	*	Scaffold143	948549	948714	166	*
Scaffold1462	96733	96797	65	*	Scaffold143	970090	970154	65	*
Scaffold1462	82835	82889	55	*	Scaffold143	981504	981558	55	*
Scaffold1462	62223	62272	50	*	Scaffold143	998437	998486	50	*
Scaffold1462	82891	82978	88	*	Scaffold143	981415	981502	88	*
Scaffold1462	96167	96319	153	*	Scaffold143	970582	970734	153	*
Scaffold1462	52408	52535	128	*	Scaffold143	1010240	1010367	128	*
Scaffold1462	38274	38393	120	*	Scaffold143	1023001	1023120	120	*
Scaffold1462	120538	120632	95	*	Scaffold143	943875	943969	95	*
Scaffold1462	97196	97292	97	*	Scaffold143	969561	969657	97	*
Scaffold1462	120419	120477	59	*	Scaffold143	944032	944090	59	*
Scaffold1462	82764	82826	63	*	Scaffold143	981567	981629	63	*
Scaffold1462	33629	33700	72	*	Scaffold143	1026645	1026716	72	*
Scaffold1462	49982	50052	71	*	Scaffold143	1012715	1012785	71	*
Scaffold1462	95063	95120	58	*	Scaffold143	971843	971900	58	*
Scaffold1462	32113	32163	51	*	Scaffold143	1029045	1029095	51	*
Scaffold1462	68922	69001	80	*	Scaffold143	991734	991813	80	*
Scaffold1462	113956	114057	102	*	Scaffold143	949060	949161	102	*
Scaffold1462	71449	71569	121	*	Scaffold143	988794	988914	121	*
Scaffold1462	22840	22889	50	*	Scaffold143	1034543	1034592	50	*
Scaffold1462	85919	85969	51	*	Scaffold143	978499	978549	51	*
Scaffold1462	19051	19101	51	*	Scaffold143	1038458	1038508	51	*
Scaffold1462	38403	38483	81	*	Scaffold143	1022911	1022991	81	*
Scaffold1462	85097	85154	58	*	Scaffold3974	15692	15749	58	*
Scaffold14628	17233	17287	55	*	Scaffold1085	317350	317404	55	*
Scaffold14628	11566	11629	64	*	Scaffold496	87384	87447	64	*
Scaffold1463	46301	46353	53	*	Scaffold1268	182698	182750	53	*
Scaffold1463	46951	47003	53	*	Scaffold1268	182698	182750	53	*
Scaffold14632	9296	9345	50	*	Scaffold894	242953	243002	50	*
Scaffold14638	2557	2614	58	*	Scaffold119	268319	268376	58	*
Scaffold14638	2540	2591	52	*	Scaffold1354	51391	51442	52	*
Scaffold14638	3659	3712	54	*	Scaffold881	339862	339915	54	*
Scaffold1464	22217	22268	52	*	Scaffold397	370504	370555	52	*
Scaffold14641	8247	8297	51	*	Scaffold1223	64470	64520	51	*
Scaffold14645	6542	6597	56	*	Scaffold421	343525	343580	56	*
Scaffold14648	16505	16554	50	*	Scaffold781	309172	309221	50	*
Scaffold1465	44116	44169	54	*	Scaffold10	2159470	2159523	54	*
Scaffold1465	116265	116317	53	*	Scaffold1805	100094	100146	53	*
Scaffold1465	127112	127166	55	*	Scaffold1805	109778	109832	55	*
Scaffold1465	120763	120813	51	*	Scaffold1805	103084	103134	51	*
Scaffold1465	44127	44184	58	*	Scaffold252	536786	536843	58	*
Scaffold1465	120763	120813	51	*	Scaffold5369	4693	4743	51	*
Scaffold146520	836	888	53	*	Scaffold338	590084	590136	53	*
Scaffold14653	6485	6562	78	*	Scaffold198	603675	603752	78	*
Scaffold14653	6564	6621	58	*	Scaffold198	603616	603673	58	*
Scaffold14653	6420	6483	64	*	Scaffold198	603754	603817	64	*
Scaffold14658	31689	31809	121	*	Scaffold4315	8113	8233	121	*
Scaffold14658	34225	34278	54	*	Scaffold645	372732	372785	54	*
Scaffold1466	63754	63829	76	*	Scaffold1763	123746	123821	76	*
Scaffold1466	63831	63923	93	*	Scaffold1763	123823	123915	93	*
Scaffold1466	34617	34673	57	*	Scaffold62	1071687	1071743	57	*
Scaffold146650	120	174	55	*	Scaffold2782	128767	128821	55	*
Scaffold14673	21581	21636	56	*	Scaffold739	60214	60269	56	*
Scaffold14675	11434	11489	56	*	Scaffold1395	158008	158063	56	*
Scaffold14675	11795	11846	52	*	Scaffold688	11390	11441	52	*
Scaffold14675	11848	11905	58	*	Scaffold688	11443	11500	58	*
Scaffold14703	39206	39269	64	*	Scaffold598	136825	136888	64	*
Scaffold14726	17301	17352	52	*	Scaffold1079	177334	177385	52	*
Scaffold14726	17290	17345	56	*	Scaffold113	356514	356569	56	*
Scaffold14731	440	501	62	*	Scaffold1142	207543	207604	62	*
Scaffold147335	44	108	65	*	Scaffold1	346742	346806	65	*
Scaffold147335	44	99	56	*	Scaffold102	455205	455260	56	*
Scaffold147335	40	104	65	*	Scaffold113	742390	742454	65	*
Scaffold147335	46	105	60	*	Scaffold1410	232819	232878	60	*
Scaffold147335	51	100	50	*	Scaffold1695	79350	79399	50	*
Scaffold147335	108	171	64	*	Scaffold189	651288	651351	64	*
Scaffold147335	41	91	51	*	Scaffold196	386331	386381	51	*
Scaffold147335	41	91	51	*	Scaffold2098	113582	113632	51	*
Scaffold147335	41	107	67	*	Scaffold21401	556	622	67	*
Scaffold147335	52	106	55	*	Scaffold2246	75076	75130	55	*
Scaffold147335	61	110	50	*	Scaffold257	279564	279613	50	*
Scaffold147335	41	182	142	*	Scaffold2634	24217	24358	142	*
Scaffold147335	42	100	59	*	Scaffold30	759541	759599	59	*
Scaffold147335	47	100	54	*	Scaffold3091	17139	17192	54	*
Scaffold147335	42	91	50	*	Scaffold3153	34548	34597	50	*
Scaffold147335	89	142	54	*	Scaffold320	101499	101552	54	*
Scaffold147335	35	109	75	*	Scaffold344	516852	516926	75	*
Scaffold147335	43	105	63	*	Scaffold352	652148	652210	63	*
Scaffold147335	68	132	65	*	Scaffold365	568652	568716	65	*
Scaffold147335	36	87	52	*	Scaffold374	582920	582971	52	*
Scaffold147335	41	92	52	*	Scaffold390	313094	313145	52	*
Scaffold147335	61	110	50	*	Scaffold433	549609	549658	50	*
Scaffold147335	47	98	52	*	Scaffold473	452322	452373	52	*
Scaffold147335	52	119	68	*	Scaffold52	501981	502048	68	*
Scaffold147335	45	108	64	*	Scaffold544	586310	586373	64	*
Scaffold147335	44	98	55	*	Scaffold547	180770	180824	55	*
Scaffold147335	127	176	50	*	Scaffold6516	4531	4580	50	*
Scaffold147335	45	95	51	*	Scaffold689	340486	340536	51	*
Scaffold147335	42	101	60	*	Scaffold846	148386	148445	60	*
Scaffold147353	280	333	54	*	Scaffold2782	2220	2273	54	*
Scaffold147353	1	58	58	*	Scaffold2782	1879	1936	58	*
Scaffold147353	78	134	57	*	Scaffold2782	1976	2032	57	*
Scaffold147385	41	92	52	*	Scaffold520	597327	597378	52	*
Scaffold1474	19791	19846	56	*	Scaffold1964	38049	38104	56	*
Scaffold14740	30149	30204	56	*	Scaffold1021	31076	31131	56	*
Scaffold14740	30147	30200	54	*	Scaffold1366	65497	65550	54	*
Scaffold14740	60772	60830	59	*	Scaffold424	266562	266620	59	*
Scaffold147540	161	217	57	*	Scaffold67	1105192	1105248	57	*
Scaffold14758	21287	21352	66	*	Scaffold643	260806	260871	66	*
Scaffold14758	26144	26213	70	*	Scaffold643	263580	263649	70	*
Scaffold14758	13610	13691	82	*	Scaffold643	257052	257133	82	*
Scaffold14769	17761	17811	51	*	Scaffold730	205665	205715	51	*
Scaffold14771	43649	43700	52	*	Scaffold10153	863	914	52	*
Scaffold14771	13291	13367	77	*	Scaffold8	1414787	1414863	77	*
Scaffold14772	23563	23620	58	*	Scaffold1202	96454	96511	58	*
Scaffold14772	23805	23879	75	*	Scaffold15001	379	453	75	*
Scaffold14772	23480	23549	70	*	Scaffold15001	22	91	70	*
Scaffold14772	23557	23621	65	*	Scaffold295	314438	314502	65	*
Scaffold147747	150	333	184	*	Scaffold2782	114069	114252	184	*
Scaffold147747	60	149	90	*	Scaffold2782	116010	116099	90	*
Scaffold1478	43367	43428	62	*	Scaffold18379	1295	1356	62	*
Scaffold1478	43367	43428	62	*	Scaffold427	136186	136247	62	*
Scaffold1478	43374	43443	70	*	Scaffold564	176388	176457	70	*
Scaffold1478	43369	43432	64	*	Scaffold740	172035	172098	64	*
Scaffold14803	21401	21483	83	*	Scaffold1379	240642	240724	83	*
Scaffold14805	19422	19485	64	*	Scaffold3132	116163	116226	64	*
Scaffold14805	6417	6471	55	*	Scaffold3132	129404	129458	55	*
Scaffold14805	18291	18354	64	*	Scaffold3132	116163	116226	64	*
Scaffold14805	24122	24186	65	*	Scaffold3132	109722	109786	65	*
Scaffold14807	9644	9707	64	*	Scaffold11504	297	360	64	*
Scaffold1481	35005	35088	84	*	Scaffold470	293445	293528	84	*
Scaffold1484	86493	86561	69	*	Scaffold1422	87168	87236	69	*
Scaffold1484	117188	117253	66	*	Scaffold1422	107306	107371	66	*
Scaffold1484	106754	106805	52	*	Scaffold1422	102683	102734	52	*
Scaffold1484	62063	62139	77	*	Scaffold1422	54502	54578	77	*
Scaffold1484	106635	106707	73	*	Scaffold1422	102564	102636	73	*
Scaffold1484	87046	87104	59	*	Scaffold1422	87742	87800	59	*
Scaffold1484	115476	115526	51	*	Scaffold1422	105801	105851	51	*
Scaffold1484	50532	50581	50	*	Scaffold1422	45738	45787	50	*
Scaffold1484	143294	143343	50	*	Scaffold1422	123969	124018	50	*
Scaffold1484	135636	135701	66	*	Scaffold1422	119694	119759	66	*
Scaffold1484	89877	89926	50	*	Scaffold1422	89847	89896	50	*
Scaffold1484	62496	62557	62	*	Scaffold1422	54920	54981	62	*
Scaffold1484	50867	50935	69	*	Scaffold1422	46087	46155	69	*
Scaffold1484	41280	41357	78	*	Scaffold1422	37407	37484	78	*
Scaffold1484	143286	143343	58	*	Scaffold209	147013	147070	58	*
Scaffold1484	24948	25001	54	*	Scaffold689	457730	457783	54	*
Scaffold14842	22897	22956	60	*	Scaffold2678	40757	40816	60	*
Scaffold14842	22833	22888	56	*	Scaffold27620	80	135	56	*
Scaffold14842	22787	22840	54	*	Scaffold333	477738	477791	54	*
Scaffold14842	22872	22924	53	*	Scaffold333	477654	477706	53	*
Scaffold14842	22790	22846	57	*	Scaffold364	696757	696813	57	*
Scaffold14842	22799	23031	233	*	Scaffold5191	8277	8509	233	*
Scaffold148570	1	58	58	*	Scaffold2782	67261	67318	58	*
Scaffold14858	27413	27469	57	*	Scaffold226	238563	238619	57	*
Scaffold148588	206	265	60	*	Scaffold1925	29801	29860	60	*
Scaffold14863	13078	13135	58	*	Scaffold86	869975	870032	58	*
Scaffold14867	6579	6635	57	*	Scaffold136	383823	383879	57	*
Scaffold14867	6581	6632	52	*	Scaffold151	16987	17038	52	*
Scaffold14867	6581	6638	58	*	Scaffold313	639960	640017	58	*
Scaffold1487	70259	70311	53	*	Scaffold91	167650	167702	53	*
Scaffold14873	21866	21984	119	*	Scaffold113	356460	356578	119	*
Scaffold14873	21864	21916	53	*	Scaffold7026	728	780	53	*
Scaffold14878	21337	21399	63	*	Scaffold1129	222408	222470	63	*
Scaffold14878	21348	21399	52	*	Scaffold302	268425	268476	52	*
Scaffold14878	21317	21368	52	*	Scaffold474	188723	188774	52	*
Scaffold14878	21312	21366	55	*	Scaffold480	203705	203759	55	*
Scaffold14878	21315	21373	59	*	Scaffold696	306295	306353	59	*
Scaffold1489	40931	40995	65	*	Scaffold28236	152	216	65	*
Scaffold1489	41051	41118	68	*	Scaffold311	451995	452062	68	*
Scaffold1489	40963	41047	85	*	Scaffold470	293451	293535	85	*
Scaffold1489	41055	41107	53	*	Scaffold470	293391	293443	53	*
Scaffold14917	3884	3939	56	*	Scaffold3316	10952	11007	56	*
Scaffold14920	13358	13412	55	*	Scaffold113	356669	356723	55	*
Scaffold14920	13478	13564	87	*	Scaffold113	356517	356603	87	*
Scaffold149214	1	72	72	*	Scaffold62	545947	546018	72	*
Scaffold14924	21762	21820	59	*	Scaffold636	767635	767693	59	*
Scaffold14924	18230	18295	66	*	Scaffold636	768342	768407	66	*
Scaffold14924	18230	18295	66	*	Scaffold9	402499	402564	66	*
Scaffold14924	21762	21820	59	*	Scaffold9	401772	401830	59	*
Scaffold14925	31487	31537	51	*	Scaffold333	556656	556706	51	*
Scaffold14925	23645	23697	53	*	Scaffold333	576531	576583	53	*
Scaffold14925	23239	23289	51	*	Scaffold333	576936	576986	51	*
Scaffold14925	18975	19025	51	*	Scaffold333	580414	580464	51	*
Scaffold14925	23451	23518	68	*	Scaffold333	576705	576772	68	*
Scaffold14925	31487	31537	51	*	Scaffold333	553955	554005	51	*
Scaffold14955	11231	11311	81	*	Scaffold232	69135	69215	81	*
Scaffold14955	32925	32991	67	*	Scaffold232	88913	88979	67	*
Scaffold14955	13642	13692	51	*	Scaffold232	71442	71492	51	*
Scaffold14955	57420	57471	52	*	Scaffold244	360779	360830	52	*
Scaffold1496	24318	24373	56	*	Scaffold8	602075	602130	56	*
Scaffold14974	16974	17024	51	*	Scaffold13	254376	254426	51	*
Scaffold14975	11899	11950	52	*	Scaffold367	126448	126499	52	*
Scaffold14976	6718	6783	66	*	Scaffold254	520898	520963	66	*
Scaffold149837	37	218	182	*	Scaffold113	356448	356629	182	*
Scaffold149837	95	144	50	*	Scaffold563	365002	365051	50	*
Scaffold14985	9692	9746	55	*	Scaffold7	229011	229065	55	*
Scaffold14995	20271	20339	69	*	Scaffold344	359051	359119	69	*
Scaffold150	196358	196425	68	*	Scaffold1125	309303	309370	68	*
Scaffold150	196809	196860	52	*	Scaffold113	356517	356568	52	*
Scaffold150	194993	195063	71	*	Scaffold113	1021985	1022055	71	*
Scaffold150	196876	196940	65	*	Scaffold113	356437	356501	65	*
Scaffold150	195206	195258	53	*	Scaffold1202	146549	146601	53	*
Scaffold150	195213	195265	53	*	Scaffold139	131374	131426	53	*
Scaffold150	197096	197161	66	*	Scaffold139	123101	123166	66	*
Scaffold150	196158	196207	50	*	Scaffold142	635528	635577	50	*
Scaffold150	195468	195520	53	*	Scaffold142	635231	635283	53	*
Scaffold150	196205	196255	51	*	Scaffold1495	94386	94436	51	*
Scaffold150	196185	196234	50	*	Scaffold156	44260	44309	50	*
Scaffold150	196843	196910	68	*	Scaffold1564	245729	245796	68	*
Scaffold150	196160	196221	62	*	Scaffold1586	51809	51870	62	*
Scaffold150	196208	196266	59	*	Scaffold17	284781	284839	59	*
Scaffold150	68464	68518	55	*	Scaffold1758	185376	185430	55	*
Scaffold150	196693	196757	65	*	Scaffold1763	123775	123839	65	*
Scaffold150	194991	195045	55	*	Scaffold1763	124387	124441	55	*
Scaffold150	196831	196916	86	*	Scaffold18	332935	333020	86	*
Scaffold150	195011	195087	77	*	Scaffold18	331957	332033	77	*
Scaffold150	196399	196460	62	*	Scaffold18	332776	332837	62	*
Scaffold150	196918	196976	59	*	Scaffold18	333022	333080	59	*
Scaffold150	196163	196221	59	*	Scaffold184	757051	757109	59	*
Scaffold150	196712	196769	58	*	Scaffold1875	105852	105909	58	*
Scaffold150	196693	196755	63	*	Scaffold1912	7607	7669	63	*
Scaffold150	195032	195106	75	*	Scaffold1912	6541	6615	75	*
Scaffold150	196809	196874	66	*	Scaffold198	603590	603655	66	*
Scaffold150	196615	196667	53	*	Scaffold1984	79280	79332	53	*
Scaffold150	196214	196273	60	*	Scaffold1984	79073	79132	60	*
Scaffold150	68496	68548	53	*	Scaffold21020	344	396	53	*
Scaffold150	196812	196862	51	*	Scaffold217	410341	410391	51	*
Scaffold150	196190	196248	59	*	Scaffold22785	323	381	59	*
Scaffold150	196383	196435	53	*	Scaffold228	574393	574445	53	*
Scaffold150	195221	195276	56	*	Scaffold2280	3853	3908	56	*
Scaffold150	196438	196502	65	*	Scaffold2280	3202	3266	65	*
Scaffold150	196163	196215	53	*	Scaffold2280	3493	3545	53	*
Scaffold150	196828	196928	101	*	Scaffold246	323023	323123	101	*
Scaffold150	197080	197140	61	*	Scaffold2473	18183	18243	61	*
Scaffold150	196382	196443	62	*	Scaffold270	289116	289177	62	*
Scaffold150	196375	196436	62	*	Scaffold283	512818	512879	62	*
Scaffold150	196693	196752	60	*	Scaffold283	512507	512566	60	*
Scaffold150	196161	196225	65	*	Scaffold30	976221	976285	65	*
Scaffold150	196907	196964	58	*	Scaffold3112	32868	32925	58	*
Scaffold150	196190	196263	74	*	Scaffold3112	32299	32372	74	*
Scaffold150	196382	196431	50	*	Scaffold3112	32492	32541	50	*
Scaffold150	196879	196949	71	*	Scaffold3129	13100	13170	71	*
Scaffold150	195051	195103	53	*	Scaffold33	430697	430749	53	*
Scaffold150	196823	196874	52	*	Scaffold3833	2577	2628	52	*
Scaffold150	196375	196438	64	*	Scaffold3833	2134	2197	64	*
Scaffold150	195180	195234	55	*	Scaffold384	362348	362402	55	*
Scaffold150	196339	196415	77	*	Scaffold398	11612	11688	77	*
Scaffold150	196822	196872	51	*	Scaffold4307	5735	5785	51	*
Scaffold150	196214	196278	65	*	Scaffold477	136798	136862	65	*
Scaffold150	196438	196502	65	*	Scaffold477	136663	136727	65	*
Scaffold150	195472	195528	57	*	Scaffold5191	8558	8614	57	*
Scaffold150	196172	196263	92	*	Scaffold5191	8419	8510	92	*
Scaffold150	196357	196418	62	*	Scaffold533	354298	354359	62	*
Scaffold150	195019	195074	56	*	Scaffold533	354793	354848	56	*
Scaffold150	196160	196219	60	*	Scaffold537	437411	437470	60	*
Scaffold150	195468	195526	59	*	Scaffold544	669568	669626	59	*
Scaffold150	195014	195068	55	*	Scaffold544	672103	672157	55	*
Scaffold150	196179	196246	68	*	Scaffold550	340852	340919	68	*
Scaffold150	196809	196862	54	*	Scaffold550	341208	341261	54	*
Scaffold150	195214	195275	62	*	Scaffold558	394192	394253	62	*
Scaffold150	196151	196211	61	*	Scaffold558	389908	389968	61	*
Scaffold150	196717	196772	56	*	Scaffold568	324069	324124	56	*
Scaffold150	196897	196946	50	*	Scaffold568	322492	322541	50	*
Scaffold150	196227	196278	52	*	Scaffold571	16826	16877	52	*
Scaffold150	195476	195526	51	*	Scaffold602	67377	67427	51	*
Scaffold150	196877	196929	53	*	Scaffold617	18133	18185	53	*
Scaffold150	196323	196373	51	*	Scaffold645	372751	372801	51	*
Scaffold150	195006	195061	56	*	Scaffold67	1104976	1105031	56	*
Scaffold150	195194	195274	81	*	Scaffold67	1105168	1105248	81	*
Scaffold150	196813	196939	127	*	Scaffold7	1679097	1679223	127	*
Scaffold150	196371	196423	53	*	Scaffold77	1101456	1101508	53	*
Scaffold150	195209	195270	62	*	Scaffold784	238061	238122	62	*
Scaffold150	196315	196364	50	*	Scaffold846	20690	20739	50	*
Scaffold150	196890	196944	55	*	Scaffold8491	2541	2595	55	*
Scaffold150	196380	196436	57	*	Scaffold8539	31071	31127	57	*
Scaffold150	196166	196215	50	*	Scaffold8539	30850	30899	50	*
Scaffold150	195475	195526	52	*	Scaffold894	85699	85750	52	*
Scaffold150	196182	196248	67	*	Scaffold894	85582	85648	67	*
Scaffold150	197096	197147	52	*	Scaffold94	121733	121784	52	*
Scaffold1500	82270	82321	52	*	Scaffold1067	122734	122785	52	*
Scaffold1500	82330	82379	50	*	Scaffold128	234453	234502	50	*
Scaffold1500	82252	82308	57	*	Scaffold128	234375	234431	57	*
Scaffold1500	82263	82353	91	*	Scaffold1763	123823	123913	91	*
Scaffold1500	82097	82167	71	*	Scaffold1763	124009	124079	71	*
Scaffold1500	82257	82315	59	*	Scaffold194	600760	600818	59	*
Scaffold1500	64722	64811	90	*	Scaffold2782	2034	2123	90	*
Scaffold1500	82397	82446	50	*	Scaffold571	168692	168741	50	*
Scaffold1500	82296	82351	56	*	Scaffold984	245217	245272	56	*
Scaffold15004	19165	19217	53	*	Scaffold2654	24032	24084	53	*
Scaffold15004	17584	17654	71	*	Scaffold2654	22492	22562	71	*
Scaffold15004	18976	19065	90	*	Scaffold2654	23843	23932	90	*
Scaffold15004	17881	17968	88	*	Scaffold2654	22788	22875	88	*
Scaffold15004	17656	17710	55	*	Scaffold2654	22564	22618	55	*
Scaffold15004	17349	17400	52	*	Scaffold2654	22257	22308	52	*
Scaffold15009	22821	22879	59	*	Scaffold1354	51331	51389	59	*
Scaffold1501	102356	102417	62	*	Scaffold548	455303	455364	62	*
Scaffold15013	7327	7441	115	*	Scaffold86	126721	126835	115	*
Scaffold150153	228	287	60	*	Scaffold325	341516	341575	60	*
Scaffold150243	346	396	51	*	Scaffold1263	101936	101986	51	*
Scaffold1503	74859	74909	51	*	Scaffold110	216015	216065	51	*
Scaffold1503	73812	73862	51	*	Scaffold110	216015	216065	51	*
Scaffold15032	10308	10366	59	*	Scaffold1233	146781	146839	59	*
Scaffold150366	374	429	56	*	Scaffold243	631707	631762	56	*
Scaffold15042	14083	14138	56	*	Scaffold1025	15859	15914	56	*
Scaffold15043	8367	8416	50	*	Scaffold177	101937	101986	50	*
Scaffold15046	14633	14684	52	*	Scaffold517	346030	346081	52	*
Scaffold1505	36232	36282	51	*	Scaffold558	389842	389892	51	*
Scaffold15065	9216	9283	68	*	Scaffold1527	43502	43569	68	*
Scaffold15065	9238	9304	67	*	Scaffold2182	90610	90676	67	*
Scaffold15067	16737	16796	60	*	Scaffold262	370666	370725	60	*
Scaffold150693	54	118	65	*	Scaffold10	1877918	1877982	65	*
Scaffold150700	1	52	52	*	Scaffold114	39496	39547	52	*
Scaffold150700	97	155	59	*	Scaffold114	39592	39650	59	*
Scaffold1508	34583	34632	50	*	Scaffold114	976046	976095	50	*
Scaffold1508	34583	34632	50	*	Scaffold4807	4956	5005	50	*
Scaffold150801	12	73	62	*	Scaffold140	790845	790906	62	*
Scaffold150801	8	67	60	*	Scaffold477	24102	24161	60	*
Scaffold15085	16080	16164	85	*	Scaffold122	985346	985430	85	*
Scaffold15085	37389	37445	57	*	Scaffold122	966270	966326	57	*
Scaffold15085	16456	16554	99	*	Scaffold122	985010	985108	99	*
Scaffold1509	117545	117599	55	*	Scaffold124	137958	138012	55	*
Scaffold15093	69	120	52	*	Scaffold53	58689	58740	52	*
Scaffold151	173512	173563	52	*	Scaffold651	599108	599159	52	*
Scaffold151	173734	173790	57	*	Scaffold651	599330	599386	57	*
Scaffold1510	54599	54711	113	*	Scaffold688	11391	11503	113	*
Scaffold15101	41919	41985	67	*	Scaffold2123	45610	45676	67	*
Scaffold1511	33008	33078	71	*	Scaffold311	571399	571469	71	*
Scaffold1512	163387	163452	66	*	Scaffold18	332709	332774	66	*
Scaffold1512	49771	49843	73	*	Scaffold216	424586	424658	73	*
Scaffold1512	28456	28506	51	*	Scaffold216	440282	440332	51	*
Scaffold1512	37871	37922	52	*	Scaffold216	435827	435878	52	*
Scaffold1512	62405	62459	55	*	Scaffold216	406018	406072	55	*
Scaffold15138	4669	4721	53	*	Scaffold2	288440	288492	53	*
Scaffold15138	7454	7506	53	*	Scaffold2	288440	288492	53	*
Scaffold1514	27655	27723	69	*	Scaffold688	11424	11492	69	*
Scaffold1514	70681	70755	75	*	Scaffold990	69704	69778	75	*
Scaffold1514	9549	9615	67	*	Scaffold990	29025	29091	67	*
Scaffold151433	26	112	87	*	Scaffold187	877832	877918	87	*
Scaffold151435	262	313	52	*	Scaffold1108	70964	71015	52	*
Scaffold1515	75434	75483	50	*	Scaffold3065	7640	7689	50	*
Scaffold1515	75434	75483	50	*	Scaffold93	651982	652031	50	*
Scaffold15154	5445	5523	79	*	Scaffold65	308087	308165	79	*
Scaffold151614	67	124	58	*	Scaffold946	485316	485373	58	*
Scaffold1517	9522	9582	61	*	Scaffold322	658374	658434	61	*
Scaffold1517	27369	27425	57	*	Scaffold362	677256	677312	57	*
Scaffold1517	27369	27425	57	*	Scaffold3853	52285	52341	57	*
Scaffold1518	2680	2733	54	*	Scaffold1336	13772	13825	54	*
Scaffold1518	2688	2742	55	*	Scaffold2269	109885	109939	55	*
Scaffold1518	68307	68365	59	*	Scaffold2782	97737	97795	59	*
Scaffold15184	197	249	53	*	Scaffold2280	3313	3365	53	*
Scaffold15184	18	77	60	*	Scaffold2280	3486	3545	60	*
Scaffold15184	269	327	59	*	Scaffold2280	3235	3293	59	*
Scaffold15199	1401	1450	50	*	Scaffold27542	178	227	50	*
Scaffold15209	22293	22346	54	*	Scaffold1346	93150	93203	54	*
Scaffold15209	22233	22288	56	*	Scaffold246	532299	532354	56	*
Scaffold15209	22277	22332	56	*	Scaffold36	477257	477312	56	*
Scaffold15209	22287	22349	63	*	Scaffold57	1357	1419	63	*
Scaffold15209	22254	22324	71	*	Scaffold577	40587	40657	71	*
Scaffold15209	22281	22337	57	*	Scaffold726	23089	23145	57	*
Scaffold15209	22233	22285	53	*	Scaffold751	359855	359907	53	*
Scaffold1521	16683	16761	79	*	Scaffold400	111968	112046	79	*
Scaffold15232	27289	27351	63	*	Scaffold4181	33135	33197	63	*
Scaffold15232	27289	27350	62	*	Scaffold561	142652	142713	62	*
Scaffold15238	19808	19867	60	*	Scaffold56	193207	193266	60	*
Scaffold15238	37863	37923	61	*	Scaffold56	175962	176022	61	*
Scaffold15238	6053	6118	66	*	Scaffold56	206545	206610	66	*
Scaffold15238	44366	44425	60	*	Scaffold56	169356	169415	60	*
Scaffold15238	34802	34858	57	*	Scaffold56	178406	178462	57	*
Scaffold15238	15643	15692	50	*	Scaffold56	197331	197380	50	*
Scaffold15238	2434	2483	50	*	Scaffold56	209782	209831	50	*
Scaffold15238	44428	44487	60	*	Scaffold56	169294	169353	60	*
Scaffold15238	37986	38039	54	*	Scaffold56	175846	175899	54	*
Scaffold1524	30572	30630	59	*	Scaffold192	564884	564942	59	*
Scaffold152469	3	105	103	*	Scaffold1759	107688	107790	103	*
Scaffold1527	69198	69295	98	*	Scaffold523	247828	247925	98	*
Scaffold1527	69394	69444	51	*	Scaffold523	247676	247726	51	*
Scaffold1527	69296	69372	77	*	Scaffold523	247748	247824	77	*
Scaffold1527	68854	69005	152	*	Scaffold523	248118	248269	152	*
Scaffold152760	3056	3131	76	*	Scaffold1223	49880	49955	76	*
Scaffold15282	255	307	53	*	Scaffold31	173225	173277	53	*
Scaffold1529	8482	8537	56	*	Scaffold127	377103	377158	56	*
Scaffold1529	62534	62586	53	*	Scaffold1639	56231	56283	53	*
Scaffold153192	446	498	53	*	Scaffold1489	12147	12199	53	*
Scaffold153192	453	502	50	*	Scaffold167	497208	497257	50	*
Scaffold153192	443	498	56	*	Scaffold2862	938	993	56	*
Scaffold153192	443	496	54	*	Scaffold2903	76802	76855	54	*
Scaffold1532	64441	64497	57	*	Scaffold236	99298	99354	57	*
Scaffold1532	64441	64497	57	*	Scaffold4821	289	345	57	*
Scaffold15334	16222	16272	51	*	Scaffold9118	12	62	51	*
Scaffold153400	2597	2653	57	*	Scaffold836	316	372	57	*
Scaffold15348	9969	10098	130	*	Scaffold73	10866	10995	130	*
Scaffold1535	70723	70785	63	*	Scaffold566	154937	154999	63	*
Scaffold1535	99419	99469	51	*	Scaffold566	176283	176333	51	*
Scaffold15352	20030	20093	64	*	Scaffold2280	3199	3262	64	*
Scaffold15355	7004	7053	50	*	Scaffold86	197642	197691	50	*
Scaffold1536	61288	61340	53	*	Scaffold208	376217	376269	53	*
Scaffold1536	59775	59857	83	*	Scaffold3316	11824	11906	83	*
Scaffold1537	137953	138017	65	*	Scaffold2098	112338	112402	65	*
Scaffold1537	137348	137506	159	*	Scaffold2098	112853	113011	159	*
Scaffold1537	81228	81277	50	*	Scaffold345	959081	959130	50	*
Scaffold1537	84789	84850	62	*	Scaffold345	962283	962344	62	*
Scaffold1537	106925	106978	54	*	Scaffold345	985092	985145	54	*
Scaffold1537	58136	58195	60	*	Scaffold345	935728	935787	60	*
Scaffold1537	109564	109617	54	*	Scaffold345	987509	987562	54	*
Scaffold1537	76651	76707	57	*	Scaffold345	954160	954216	57	*
Scaffold1537	82165	82218	54	*	Scaffold345	960032	960085	54	*
Scaffold1537	75039	75103	65	*	Scaffold345	952509	952573	65	*
Scaffold1537	92262	92357	96	*	Scaffold345	969766	969861	96	*
Scaffold1537	109387	109451	65	*	Scaffold345	987332	987396	65	*
Scaffold1537	66928	67051	124	*	Scaffold345	944875	944998	124	*
Scaffold1537	104819	104869	51	*	Scaffold345	982848	982898	51	*
Scaffold1537	99818	99871	54	*	Scaffold345	977460	977513	54	*
Scaffold1537	92970	93159	190	*	Scaffold345	970490	970679	190	*
Scaffold1537	75185	75255	71	*	Scaffold345	952657	952727	71	*
Scaffold1537	114212	114297	86	*	Scaffold345	990887	990972	86	*
Scaffold1537	24332	24404	73	*	Scaffold345	912632	912704	73	*
Scaffold1537	65529	65604	76	*	Scaffold345	943226	943301	76	*
Scaffold1537	81934	82007	74	*	Scaffold345	959789	959862	74	*
Scaffold1537	65738	65859	122	*	Scaffold345	943436	943557	122	*
Scaffold1537	130807	130903	97	*	Scaffold345	1000396	1000492	97	*
Scaffold1537	57866	57919	54	*	Scaffold345	935465	935518	54	*
Scaffold1537	81627	81702	76	*	Scaffold345	959482	959557	76	*
Scaffold1537	94662	94727	66	*	Scaffold345	972302	972367	66	*
Scaffold1537	116667	116727	61	*	Scaffold345	993325	993385	61	*
Scaffold1537	41981	42042	62	*	Scaffold345	924679	924740	62	*
Scaffold1537	24238	24291	54	*	Scaffold345	912537	912590	54	*
Scaffold1537	57921	58011	91	*	Scaffold345	935520	935610	91	*
Scaffold1537	61488	61574	87	*	Scaffold345	939540	939626	87	*
Scaffold1537	93243	93345	103	*	Scaffold345	970763	970865	103	*
Scaffold1537	92379	92430	52	*	Scaffold345	969883	969934	52	*
Scaffold1537	86432	86486	55	*	Scaffold345	963905	963959	55	*
Scaffold1537	74555	74607	53	*	Scaffold345	951979	952031	53	*
Scaffold1537	90399	90515	117	*	Scaffold345	967907	968023	117	*
Scaffold1537	93175	93241	67	*	Scaffold345	970695	970761	67	*
Scaffold1537	86669	86726	58	*	Scaffold345	964146	964203	58	*
Scaffold1537	97790	97840	51	*	Scaffold345	975497	975547	51	*
Scaffold1537	72241	72351	111	*	Scaffold345	949390	949500	111	*
Scaffold15376	19457	19506	50	*	Scaffold21	903091	903140	50	*
Scaffold15378	5788	5842	55	*	Scaffold3316	10910	10964	55	*
Scaffold1538	44236	44295	60	*	Scaffold450	70422	70481	60	*
Scaffold1538	25317	25391	75	*	Scaffold450	27173	27247	75	*
Scaffold15381	17563	17615	53	*	Scaffold106	287446	287498	53	*
Scaffold15385	5719	5778	60	*	Scaffold663	115495	115554	60	*
Scaffold1539	58987	59061	75	*	Scaffold4647	47164	47238	75	*
Scaffold1539	58987	59060	74	*	Scaffold777	322572	322645	74	*
Scaffold15393	5279	5334	56	*	Scaffold188	62602	62657	56	*
Scaffold15396	19872	19931	60	*	Scaffold164	593608	593667	60	*
Scaffold15408	35367	35419	53	*	Scaffold2283	3848	3900	53	*
Scaffold15408	35367	35419	53	*	Scaffold74	577623	577675	53	*
Scaffold15416	904	969	66	*	Scaffold1842	58105	58170	66	*
Scaffold15416	5387	5478	92	*	Scaffold389	405965	406056	92	*
Scaffold15427	7012	7072	61	*	Scaffold238	190059	190119	61	*
Scaffold15427	3236	3285	50	*	Scaffold238	185616	185665	50	*
Scaffold15427	3236	3285	50	*	Scaffold238	298026	298075	50	*
Scaffold15427	7012	7072	61	*	Scaffold238	302465	302525	61	*
Scaffold15436	11673	11722	50	*	Scaffold1743	82007	82056	50	*
Scaffold154364	1	68	68	*	Scaffold4	1362833	1362900	68	*
Scaffold154492	60	110	51	*	Scaffold6	1412750	1412800	51	*
Scaffold1545	84447	84546	100	*	Scaffold152	706683	706782	100	*
Scaffold1545	79403	79457	55	*	Scaffold3598	8939	8993	55	*
Scaffold1546	22103	22170	68	*	Scaffold1063	304788	304855	68	*
Scaffold1546	60997	61049	53	*	Scaffold1063	273438	273490	53	*
Scaffold15470	13829	13882	54	*	Scaffold453	597897	597950	54	*
Scaffold154722	340	394	55	*	Scaffold122	1186707	1186761	55	*
Scaffold154897	5417	5486	70	*	Scaffold453	384330	384399	70	*
Scaffold15493	14761	14844	84	*	Scaffold1599	108218	108301	84	*
Scaffold15500	9966	10036	71	*	Scaffold179	464368	464438	71	*
Scaffold15500	19187	19259	73	*	Scaffold179	479667	479739	73	*
Scaffold15500	12772	12839	68	*	Scaffold179	466951	467018	68	*
Scaffold15500	9966	10036	71	*	Scaffold179	470757	470827	71	*
Scaffold15500	8455	8504	50	*	Scaffold179	462025	462074	50	*
Scaffold155028	24	98	75	*	Scaffold1912	22259	22333	75	*
Scaffold15505	3243	3305	63	*	Scaffold172	54789	54851	63	*
Scaffold15522	17962	18015	54	*	Scaffold1193	2922	2975	54	*
Scaffold15522	13894	13944	51	*	Scaffold1193	6993	7043	51	*
Scaffold15522	16276	16327	52	*	Scaffold1193	4606	4657	52	*
Scaffold15522	17962	18015	54	*	Scaffold2493	43504	43557	54	*
Scaffold15522	13894	13944	51	*	Scaffold2493	39470	39520	51	*
Scaffold15522	13894	13944	51	*	Scaffold2836	16422	16472	51	*
Scaffold15522	13894	13944	51	*	Scaffold453	220032	220082	51	*
Scaffold15525	5163	5226	64	*	Scaffold1100	63024	63087	64	*
Scaffold15525	5167	5247	81	*	Scaffold504	588467	588547	81	*
Scaffold15525	247	300	54	*	Scaffold822	242535	242588	54	*
Scaffold155347	1335	1393	59	*	Scaffold1272	24938	24996	59	*
Scaffold155347	1344	1410	67	*	Scaffold1407	62199	62265	67	*
Scaffold15535	20453	20530	78	*	Scaffold1	933288	933365	78	*
Scaffold15535	20469	20523	55	*	Scaffold1044	165665	165719	55	*
Scaffold15535	20455	20526	72	*	Scaffold1148	107147	107218	72	*
Scaffold15535	20446	20503	58	*	Scaffold117	1133596	1133653	58	*
Scaffold15535	20452	20526	75	*	Scaffold1819	78097	78171	75	*
Scaffold15535	20445	20509	65	*	Scaffold1997	99109	99173	65	*
Scaffold15535	20450	20528	79	*	Scaffold22650	760	838	79	*
Scaffold15535	20463	20528	66	*	Scaffold24893	1762	1827	66	*
Scaffold15535	20444	20504	61	*	Scaffold263	171428	171488	61	*
Scaffold15535	20471	20531	61	*	Scaffold2779	4209	4269	61	*
Scaffold15535	20471	20531	61	*	Scaffold285	538198	538258	61	*
Scaffold15535	20470	20528	59	*	Scaffold290	126986	127044	59	*
Scaffold15535	20464	20529	66	*	Scaffold31390	404	469	66	*
Scaffold15535	20452	20508	57	*	Scaffold3200	42352	42408	57	*
Scaffold15535	20447	20518	72	*	Scaffold369	330504	330575	72	*
Scaffold15535	20448	20511	64	*	Scaffold411	174538	174601	64	*
Scaffold15535	20447	20508	62	*	Scaffold4808	10186	10247	62	*
Scaffold15535	20464	20529	66	*	Scaffold561	550208	550273	66	*
Scaffold15535	20444	20508	65	*	Scaffold601	312217	312281	65	*
Scaffold15535	20450	20527	78	*	Scaffold649	397184	397261	78	*
Scaffold1555	43950	44020	71	*	Scaffold1496	476026	476096	71	*
Scaffold155606	10	83	74	*	Scaffold113	72855	72928	74	*
Scaffold155684	1542	1633	92	*	Scaffold1763	123823	123914	92	*
Scaffold155684	1635	1684	50	*	Scaffold1763	123772	123821	50	*
Scaffold1557	22537	22590	54	*	Scaffold1256	305434	305487	54	*
Scaffold1557	136870	136922	53	*	Scaffold1256	415807	415859	53	*
Scaffold1557	75881	76009	129	*	Scaffold1256	353164	353292	129	*
Scaffold1557	90659	90715	57	*	Scaffold1256	363763	363819	57	*
Scaffold1557	81238	81287	50	*	Scaffold1256	356865	356914	50	*
Scaffold1557	82205	82265	61	*	Scaffold1256	358241	358301	61	*
Scaffold1557	21833	21883	51	*	Scaffold1256	304731	304781	51	*
Scaffold1557	118439	118500	62	*	Scaffold1256	400503	400564	62	*
Scaffold1557	135178	135239	62	*	Scaffold1256	414810	414871	62	*
Scaffold1557	22687	22762	76	*	Scaffold1256	305583	305658	76	*
Scaffold1557	9913	9964	52	*	Scaffold1256	293295	293346	52	*
Scaffold1557	20816	20871	56	*	Scaffold1256	303675	303730	56	*
Scaffold1557	21885	21976	92	*	Scaffold1256	304783	304874	92	*
Scaffold1557	90292	90344	53	*	Scaffold1256	363402	363454	53	*
Scaffold1557	74469	74523	55	*	Scaffold1256	352037	352091	55	*
Scaffold1557	93668	93719	52	*	Scaffold1256	366809	366860	52	*
Scaffold1557	62280	62348	69	*	Scaffold1256	343490	343558	69	*
Scaffold1557	118903	118973	71	*	Scaffold1256	400996	401066	71	*
Scaffold1557	53336	53385	50	*	Scaffold1256	338117	338166	50	*
Scaffold1557	147784	147833	50	*	Scaffold1256	424765	424814	50	*
Scaffold1557	56116	56165	50	*	Scaffold1256	338117	338166	50	*
Scaffold1557	90042	90096	55	*	Scaffold1256	363152	363206	55	*
Scaffold1557	114685	114798	114	*	Scaffold1256	396953	397066	114	*
Scaffold1557	51031	51081	51	*	Scaffold1256	336414	336464	51	*
Scaffold1557	118975	119065	91	*	Scaffold1256	401068	401158	91	*
Scaffold1557	116361	116422	62	*	Scaffold1256	398965	399026	62	*
Scaffold1557	124086	124137	52	*	Scaffold1256	405614	405665	52	*
Scaffold1557	26721	26781	61	*	Scaffold1256	308720	308780	61	*
Scaffold1557	74533	74593	61	*	Scaffold1256	352101	352161	61	*
Scaffold1557	10235	10293	59	*	Scaffold1256	293616	293674	59	*
Scaffold1557	185378	185442	65	*	Scaffold248	201141	201205	65	*
Scaffold1557	193775	193828	54	*	Scaffold296	625521	625574	54	*
Scaffold1557	193718	193773	56	*	Scaffold3412	20169	20224	56	*
Scaffold1557	193856	193906	51	*	Scaffold366	35866	35916	51	*
Scaffold1557	193909	193965	57	*	Scaffold577	313957	314013	57	*
Scaffold15593	16106	16180	75	*	Scaffold1515	85967	86041	75	*
Scaffold156091	52	117	66	*	Scaffold2	1554734	1554799	66	*
Scaffold15619	5273	5326	54	*	Scaffold1481	81351	81404	54	*
Scaffold1562	50220	50272	53	*	Scaffold2074	72865	72917	53	*
Scaffold1562	50127	50195	69	*	Scaffold2074	72942	73010	69	*
Scaffold15623	4197	4251	55	*	Scaffold691	157221	157275	55	*
Scaffold1563	10770	10825	56	*	Scaffold4697	1732	1787	56	*
Scaffold1563	10770	10825	56	*	Scaffold881	248338	248393	56	*
Scaffold15662	9001	9056	56	*	Scaffold157	263435	263490	56	*
Scaffold15662	8032	8090	59	*	Scaffold18	333022	333080	59	*
Scaffold15662	7943	7999	57	*	Scaffold2706	27246	27302	57	*
Scaffold1567	25047	25100	54	*	Scaffold36	780781	780834	54	*
Scaffold156720	11	66	56	*	Scaffold59	739902	739957	56	*
Scaffold156770	3958	4015	58	*	Scaffold12724	825	882	58	*
Scaffold156770	3932	3989	58	*	Scaffold19	721341	721398	58	*
Scaffold156770	3932	3987	56	*	Scaffold49	963472	963527	56	*
Scaffold1568	17120	17170	51	*	Scaffold16	638948	638998	51	*
Scaffold15682	23162	23212	51	*	Scaffold21	549276	549326	51	*
Scaffold156846	6	91	86	*	Scaffold1046	167014	167099	86	*
Scaffold15689	26948	27006	59	*	Scaffold1866	9847	9905	59	*
Scaffold15689	26948	27006	59	*	Scaffold50	970618	970676	59	*
Scaffold1570	25674	25732	59	*	Scaffold470	293547	293605	59	*
Scaffold1570	54776	54825	50	*	Scaffold478	518765	518814	50	*
Scaffold1570	35137	35207	71	*	Scaffold5191	8795	8865	71	*
Scaffold1570	35136	35232	97	*	Scaffold86	96694	96790	97	*
Scaffold1571	15244	15311	68	*	Scaffold1753	115416	115483	68	*
Scaffold157261	5	72	68	*	Scaffold477	136818	136885	68	*
Scaffold157279	49	101	53	*	Scaffold650	222487	222539	53	*
Scaffold15730	56	115	60	*	Scaffold585	164765	164824	60	*
Scaffold157308	357	406	50	*	Scaffold477	136800	136849	50	*
Scaffold157320	98	170	73	*	Scaffold238	184190	184262	73	*
Scaffold15733	15710	15761	52	*	Scaffold1763	123862	123913	52	*
Scaffold15733	15624	15705	82	*	Scaffold1763	123917	123998	82	*
Scaffold15739	14109	14179	71	*	Scaffold52	411613	411683	71	*
Scaffold15746	31654	31714	61	*	Scaffold194	715870	715930	61	*
Scaffold15773	28065	28188	124	*	Scaffold470	293456	293579	124	*
Scaffold15773	28000	28052	53	*	Scaffold470	293391	293443	53	*
Scaffold157869	1537	1587	51	*	Scaffold1269	137771	137821	51	*
Scaffold157869	10781	10846	66	*	Scaffold1269	150239	150304	66	*
Scaffold157980	64	157	94	*	Scaffold2280	3290	3383	94	*
Scaffold157982	57	130	74	*	Scaffold558	394236	394309	74	*
Scaffold15805	10042	10116	75	*	Scaffold50	176667	176741	75	*
Scaffold15822	15847	15907	61	*	Scaffold1991	155597	155657	61	*
Scaffold15860	2113	2177	65	*	Scaffold527	313634	313698	65	*
Scaffold15862	16966	17019	54	*	Scaffold204	258522	258575	54	*
Scaffold15862	34720	34788	69	*	Scaffold3828	70518	70586	69	*
Scaffold15862	35472	35544	73	*	Scaffold3828	69512	69584	73	*
Scaffold15867	2954	3019	66	*	Scaffold2768	2194	2259	66	*
Scaffold158697	51	133	83	*	Scaffold102	132337	132419	83	*
Scaffold158697	84	134	51	*	Scaffold1061	236329	236379	51	*
Scaffold158697	46	134	89	*	Scaffold1125	222881	222969	89	*
Scaffold158697	79	141	63	*	Scaffold1363	201440	201502	63	*
Scaffold158697	70	128	59	*	Scaffold148	144624	144682	59	*
Scaffold158697	83	134	52	*	Scaffold153	608308	608359	52	*
Scaffold158697	92	141	50	*	Scaffold16	867830	867879	50	*
Scaffold158697	85	136	52	*	Scaffold1697	26500	26551	52	*
Scaffold158697	51	117	67	*	Scaffold179	491245	491311	67	*
Scaffold158697	45	95	51	*	Scaffold183	663127	663177	51	*
Scaffold158697	83	134	52	*	Scaffold1896	197015	197066	52	*
Scaffold158697	75	136	62	*	Scaffold202	839030	839091	62	*
Scaffold158697	30	79	50	*	Scaffold214	120787	120836	50	*
Scaffold158697	79	138	60	*	Scaffold2171	16371	16430	60	*
Scaffold158697	66	133	68	*	Scaffold2348	17937	18004	68	*
Scaffold158697	1	138	138	*	Scaffold2634	24213	24350	138	*
Scaffold158697	82	134	53	*	Scaffold265	172177	172229	53	*
Scaffold158697	56	134	79	*	Scaffold2865	12752	12830	79	*
Scaffold158697	79	134	56	*	Scaffold3	1048011	1048066	56	*
Scaffold158697	77	134	58	*	Scaffold315	649322	649379	58	*
Scaffold158697	80	129	50	*	Scaffold33	836779	836828	50	*
Scaffold158697	79	134	56	*	Scaffold335	335834	335889	56	*
Scaffold158697	35	138	104	*	Scaffold336	122394	122497	104	*
Scaffold158697	70	136	67	*	Scaffold36	344798	344864	67	*
Scaffold158697	46	104	59	*	Scaffold378	479257	479315	59	*
Scaffold158697	28	81	54	*	Scaffold388	64741	64794	54	*
Scaffold158697	30	138	109	*	Scaffold390	80593	80701	109	*
Scaffold158697	67	136	70	*	Scaffold394	683635	683704	70	*
Scaffold158697	86	136	51	*	Scaffold397	207306	207356	51	*
Scaffold158697	38	110	73	*	Scaffold4155	899	971	73	*
Scaffold158697	65	123	59	*	Scaffold422	791301	791359	59	*
Scaffold158697	79	130	52	*	Scaffold472	479660	479711	52	*
Scaffold158697	87	136	50	*	Scaffold5	415602	415651	50	*
Scaffold158697	77	132	56	*	Scaffold5	437113	437168	56	*
Scaffold158697	86	135	50	*	Scaffold573	465425	465474	50	*
Scaffold158697	54	136	83	*	Scaffold62	174733	174815	83	*
Scaffold158697	75	131	57	*	Scaffold744	58403	58459	57	*
Scaffold158697	72	126	55	*	Scaffold759	110417	110471	55	*
Scaffold158697	55	106	52	*	Scaffold77	700571	700622	52	*
Scaffold158697	41	103	63	*	Scaffold78	557351	557413	63	*
Scaffold158697	77	133	57	*	Scaffold78	532874	532930	57	*
Scaffold158697	68	120	53	*	Scaffold78	540613	540665	53	*
Scaffold158697	72	121	50	*	Scaffold7804	8726	8775	50	*
Scaffold158863	1	75	75	*	Scaffold73	10874	10948	75	*
Scaffold1589	88593	88653	61	*	Scaffold1141	149004	149064	61	*
Scaffold1589	88277	88335	59	*	Scaffold1141	149272	149330	59	*
Scaffold1589	88337	88513	177	*	Scaffold1141	149144	149270	127	*
Scaffold1589	88217	88271	55	*	Scaffold1141	149340	149394	55	*
Scaffold1589	87935	88026	92	*	Scaffold1141	149586	149677	92	*
Scaffold1589	88515	88590	76	*	Scaffold1141	149067	149142	76	*
Scaffold1589	82015	82071	57	*	Scaffold1141	151514	151570	57	*
Scaffold1589	87634	87683	50	*	Scaffold1141	149932	149981	50	*
Scaffold1589	89101	89150	50	*	Scaffold1141	148712	148761	50	*
Scaffold1589	81201	81259	59	*	Scaffold1141	152322	152380	59	*
Scaffold1589	88100	88166	67	*	Scaffold1141	149448	149514	67	*
Scaffold1589	87550	87610	61	*	Scaffold1141	150009	150069	61	*
Scaffold1589	81312	81388	77	*	Scaffold1141	152191	152267	77	*
Scaffold1589	88220	88271	52	*	Scaffold1922	98718	98769	52	*
Scaffold1589	88337	88422	86	*	Scaffold1922	98563	98648	86	*
Scaffold1589	88515	88590	76	*	Scaffold2626	7520	7595	76	*
Scaffold1589	83343	83475	133	*	Scaffold2626	7292	7424	133	*
Scaffold1589	82879	82933	55	*	Scaffold2626	6829	6883	55	*
Scaffold1589	88420	88513	94	*	Scaffold2626	7425	7518	94	*
Scaffold1589	82826	82876	51	*	Scaffold2626	6776	6826	51	*
Scaffold1589	82637	82709	73	*	Scaffold2626	6581	6653	73	*
Scaffold1589	82733	82782	50	*	Scaffold2626	6681	6730	50	*
Scaffold1589	82574	82625	52	*	Scaffold2626	6518	6569	52	*
Scaffold1589	88593	88653	61	*	Scaffold2626	7598	7658	61	*
Scaffold1589	89101	89150	50	*	Scaffold28	32463	32512	50	*
Scaffold1589	86904	86966	63	*	Scaffold28	33595	33657	63	*
Scaffold1589	81201	81259	59	*	Scaffold28	37235	37293	59	*
Scaffold1589	81334	81384	51	*	Scaffold28	34277	34327	51	*
Scaffold1589	80992	81051	60	*	Scaffold28	37444	37503	60	*
Scaffold1589	82879	82971	93	*	Scaffold848	136777	136869	93	*
Scaffold1589	82733	82782	50	*	Scaffold848	136629	136678	50	*
Scaffold1589	82637	82710	74	*	Scaffold848	136528	136601	74	*
Scaffold1589	82826	82876	51	*	Scaffold848	136724	136774	51	*
Scaffold1589	88593	88653	61	*	Scaffold848	137546	137606	61	*
Scaffold1589	83348	83475	128	*	Scaffold848	137245	137372	128	*
Scaffold1589	82503	82559	57	*	Scaffold848	136386	136442	57	*
Scaffold1589	88370	88513	144	*	Scaffold848	137373	137466	94	*
Scaffold1589	81312	81388	77	*	Scaffold848	135108	135184	77	*
Scaffold1589	88515	88590	76	*	Scaffold848	137468	137543	76	*
Scaffold1589	82015	82071	57	*	Scaffold848	135806	135862	57	*
Scaffold1589	89101	89150	50	*	Scaffold848	137849	137898	50	*
Scaffold1589	83043	83120	78	*	Scaffold848	136941	137018	78	*
Scaffold1589	81201	81259	59	*	Scaffold848	134996	135054	59	*
Scaffold1589	89101	89150	50	*	Scaffold86	230685	230734	50	*
Scaffold15892	28718	28877	160	*	Scaffold73	10894	11053	160	*
Scaffold15905	12147	12221	75	*	Scaffold166	345078	345152	75	*
Scaffold159188	215	274	60	*	Scaffold1109	196098	196157	60	*
Scaffold1592	154155	154207	53	*	Scaffold107	439722	439774	53	*
Scaffold1592	163039	163107	69	*	Scaffold107	448643	448711	69	*
Scaffold1592	108619	108670	52	*	Scaffold2097	75119	75170	52	*
Scaffold1593	73811	73860	50	*	Scaffold33	1150223	1150272	50	*
Scaffold1593	75359	75421	63	*	Scaffold33	1151272	1151334	63	*
Scaffold1593	24829	24881	53	*	Scaffold33	1120531	1120583	53	*
Scaffold1593	12400	12461	62	*	Scaffold6038	5093	5154	62	*
Scaffold159395	496	546	51	*	Scaffold2123	45476	45526	51	*
Scaffold1594	80777	80829	53	*	Scaffold490	205343	205395	53	*
Scaffold159444	389	439	51	*	Scaffold3528	13727	13777	51	*
Scaffold159444	389	441	53	*	Scaffold61	1113094	1113146	53	*
Scaffold15951	24922	24978	57	*	Scaffold2	1384053	1384109	57	*
Scaffold15951	19379	19499	121	*	Scaffold29080	295	415	121	*
Scaffold15951	16530	16593	64	*	Scaffold328	382101	382164	64	*
Scaffold15972	3137	3186	50	*	Scaffold492	73525	73574	50	*
Scaffold159738	614	669	56	*	Scaffold2100	70031	70086	56	*
Scaffold1598	66327	66378	52	*	Scaffold744	130335	130386	52	*
Scaffold15986	6518	6571	54	*	Scaffold24513	657	710	54	*
Scaffold15986	6379	6483	105	*	Scaffold24513	518	622	105	*
Scaffold15986	6379	6483	105	*	Scaffold27424	871	975	105	*
Scaffold15986	6518	6571	54	*	Scaffold27424	783	836	54	*
Scaffold15986	6518	6571	54	*	Scaffold658	107591	107644	54	*
Scaffold15986	6379	6483	105	*	Scaffold658	107679	107783	105	*
Scaffold159871	113	166	54	*	Scaffold202	349865	349918	54	*
Scaffold15992	2644	2718	75	*	Scaffold688	11431	11505	75	*
Scaffold159942	324	396	73	*	Scaffold16	669235	669307	73	*
Scaffold16	104313	104391	79	*	Scaffold198	603704	603782	79	*
Scaffold16	104516	104566	51	*	Scaffold806	245127	245177	51	*
Scaffold16	34558	34624	67	*	Scaffold9	1144359	1144425	67	*
Scaffold16	104328	104382	55	*	Scaffold9	1184055	1184109	55	*
Scaffold16	72580	72642	63	*	Scaffold9	1165072	1165134	63	*
Scaffold16	54648	54704	57	*	Scaffold9	1159071	1159127	57	*
Scaffold16	26656	26715	60	*	Scaffold9	1138895	1138954	60	*
Scaffold16	111720	111793	74	*	Scaffold9	1187092	1187165	74	*
Scaffold16	96760	96810	51	*	Scaffold9	1180184	1180234	51	*
Scaffold16	182379	182435	57	*	Scaffold9	1229887	1229943	57	*
Scaffold16	112259	112332	74	*	Scaffold9	1187092	1187165	74	*
Scaffold16	56708	56758	51	*	Scaffold9	1160847	1160897	51	*
Scaffold16	76837	76887	51	*	Scaffold9	1167268	1167318	51	*
Scaffold16001	11812	11870	59	*	Scaffold1763	124228	124286	59	*
Scaffold16001	11671	11721	51	*	Scaffold216	65431	65481	51	*
Scaffold16001	2288	2344	57	*	Scaffold62	1071606	1071662	57	*
Scaffold16006	9462	9517	56	*	Scaffold2447	21753	21808	56	*
Scaffold16009	1244	1334	91	*	Scaffold1081	150148	150238	91	*
Scaffold160129	394	498	105	*	Scaffold3112	32329	32433	105	*
Scaffold16017	2158	2213	56	*	Scaffold1527	43448	43503	56	*
Scaffold1602	81620	81694	75	*	Scaffold1321	4826	4900	75	*
Scaffold1602	81381	81443	63	*	Scaffold278	299384	299446	63	*
Scaffold1602	73284	73350	67	*	Scaffold3038	89906	89972	67	*
Scaffold1602	73175	73229	55	*	Scaffold5191	8365	8419	55	*
Scaffold1602	81410	81460	51	*	Scaffold571	188579	188629	51	*
Scaffold1603	152136	152190	55	*	Scaffold296	625521	625575	55	*
Scaffold1603	126409	126461	53	*	Scaffold33	763250	763302	53	*
Scaffold1603	198832	198882	51	*	Scaffold33	794313	794363	51	*
Scaffold1603	135729	135806	78	*	Scaffold33	754150	754227	78	*
Scaffold1603	124170	124220	51	*	Scaffold33	766040	766090	51	*
Scaffold1603	159979	160029	51	*	Scaffold33	731896	731946	51	*
Scaffold1603	101141	101212	72	*	Scaffold33	815862	815933	72	*
Scaffold1603	203181	203230	50	*	Scaffold33	798046	798095	50	*
Scaffold1603	194874	194923	50	*	Scaffold33	788600	788649	50	*
Scaffold1603	124483	124533	51	*	Scaffold33	766040	766090	51	*
Scaffold1603	184452	184505	54	*	Scaffold33	709252	709305	54	*
Scaffold1603	128183	128243	61	*	Scaffold33	761705	761765	61	*
Scaffold1603	109684	109745	62	*	Scaffold33	778655	778716	62	*
Scaffold1603	177766	177824	59	*	Scaffold33	715682	715740	59	*
Scaffold1603	175627	175694	68	*	Scaffold33	717859	717926	68	*
Scaffold1603	161868	161926	59	*	Scaffold33	729826	729884	59	*
Scaffold1603	119907	119958	52	*	Scaffold33	769093	769144	52	*
Scaffold1603	186361	186422	62	*	Scaffold33	707955	708016	62	*
Scaffold1603	141843	141910	68	*	Scaffold33	748554	748621	68	*
Scaffold1603	117816	117866	51	*	Scaffold33	771028	771078	51	*
Scaffold1603	97210	97261	52	*	Scaffold33	818826	818877	52	*
Scaffold1603	105296	105349	54	*	Scaffold33	783976	784029	54	*
Scaffold1603	198832	198882	51	*	Scaffold33	696714	696764	51	*
Scaffold1603	120216	120267	52	*	Scaffold33	768783	768834	52	*
Scaffold16031	8704	8758	55	*	Scaffold1293	107321	107375	55	*
Scaffold16043	24582	24643	62	*	Scaffold507	187826	187887	62	*
Scaffold16049	3223	3292	70	*	Scaffold406	100480	100549	70	*
Scaffold160518	227	277	51	*	Scaffold408	274841	274891	51	*
Scaffold16052	29232	29285	54	*	Scaffold325	341519	341572	54	*
Scaffold160528	270	333	64	*	Scaffold1763	124016	124079	64	*
Scaffold160528	21	92	72	*	Scaffold1763	124314	124385	72	*
Scaffold16066	13391	13440	50	*	Scaffold198	603562	603611	50	*
Scaffold16066	13183	13313	131	*	Scaffold198	603690	603820	131	*
Scaffold16066	13321	13386	66	*	Scaffold198	603617	603682	66	*
Scaffold16066	13264	13322	59	*	Scaffold247	455928	455986	59	*
Scaffold16066	13224	13292	69	*	Scaffold859	11567	11635	69	*
Scaffold16067	7402	7463	62	*	Scaffold101	191083	191144	62	*
Scaffold16067	7399	7448	50	*	Scaffold850	17849	17898	50	*
Scaffold1607	12478	12559	82	*	Scaffold325	341521	341602	82	*
Scaffold160969	5482	5538	57	*	Scaffold1125	82226	82282	57	*
Scaffold161	124767	124840	74	*	Scaffold188	673495	673568	74	*
Scaffold161	216	265	50	*	Scaffold188	790131	790180	50	*
Scaffold161	59545	59598	54	*	Scaffold188	739091	739144	54	*
Scaffold161	124767	124840	74	*	Scaffold188	683486	683559	74	*
Scaffold161	20056	20120	65	*	Scaffold188	772611	772675	65	*
Scaffold161	216	265	50	*	Scaffold188	792813	792862	50	*
Scaffold161	59545	59598	54	*	Scaffold188	742272	742325	54	*
Scaffold161	36404	36481	78	*	Scaffold188	759001	759078	78	*
Scaffold1610	59548	59602	55	*	Scaffold411	368910	368964	55	*
Scaffold161027	139	215	77	*	Scaffold5191	8274	8350	77	*
Scaffold16108	8060	8114	55	*	Scaffold2280	3753	3807	55	*
Scaffold1611	73118	73169	52	*	Scaffold651	599108	599159	52	*
Scaffold1611	66087	66143	57	*	Scaffold651	603962	604018	57	*
Scaffold1611	72891	72947	57	*	Scaffold651	599330	599386	57	*
Scaffold16114	10456	10531	76	*	Scaffold15	467616	467691	76	*
Scaffold161185	1	165	165	*	Scaffold360	111933	112097	165	*
Scaffold1612	127311	127422	112	*	Scaffold3909	14952	15063	112	*
Scaffold1612	119866	119918	53	*	Scaffold3909	7840	7892	53	*
Scaffold1612	123756	123814	59	*	Scaffold3909	10577	10635	59	*
Scaffold1612	140462	140519	58	*	Scaffold3909	14625	14682	58	*
Scaffold1612	141993	142066	74	*	Scaffold3909	22873	22946	74	*
Scaffold1612	158141	158239	99	*	Scaffold3909	33942	34040	99	*
Scaffold1612	142943	143016	74	*	Scaffold3909	22873	22946	74	*
Scaffold1612	103822	103894	73	*	Scaffold5	1074237	1074309	73	*
Scaffold1612	53711	53785	75	*	Scaffold5	1110399	1110473	75	*
Scaffold16120	41672	41759	88	*	Scaffold993	212022	212109	88	*
Scaffold16120	8109	8168	60	*	Scaffold993	243687	243746	60	*
Scaffold16130	2120	2180	61	*	Scaffold10	53923	53983	61	*
Scaffold16131	14019	14072	54	*	Scaffold344	656993	657046	54	*
Scaffold161453	1549	1615	67	*	Scaffold90	256814	256880	67	*
Scaffold161453	1556	1615	60	*	Scaffold90	270962	271021	60	*
Scaffold161453	1549	1615	67	*	Scaffold90	261867	261933	67	*
Scaffold16148	5511	5566	56	*	Scaffold173	241640	241695	56	*
Scaffold1615	63591	63670	80	*	Scaffold2280	3310	3389	80	*
Scaffold1615	71040	71092	53	*	Scaffold4	70160	70212	53	*
Scaffold16150	19903	19988	86	*	Scaffold360	112030	112115	86	*
Scaffold16150	19957	20014	58	*	Scaffold4	1646607	1646664	58	*
Scaffold16170	17144	17207	64	*	Scaffold56	203670	203733	64	*
Scaffold1618	52126	52179	54	*	Scaffold616	449187	449240	54	*
Scaffold16191	16039	16104	66	*	Scaffold2043	73564	73629	66	*
Scaffold1620	8699	8757	59	*	Scaffold1483	59010	59068	59	*
Scaffold16203	28493	28544	52	*	Scaffold238	307041	307092	52	*
Scaffold16203	28493	28544	52	*	Scaffold238	194622	194673	52	*
Scaffold162129	6544	6613	70	*	Scaffold1326	103446	103515	70	*
Scaffold1622	29803	29861	59	*	Scaffold11401	346	404	59	*
Scaffold1622	29803	29861	59	*	Scaffold328	296345	296403	59	*
Scaffold1622	29764	29843	80	*	Scaffold470	293456	293535	80	*
Scaffold1622	29695	29762	68	*	Scaffold470	293537	293604	68	*
Scaffold16230	5201	5251	51	*	Scaffold688	11423	11473	51	*
Scaffold16245	9075	9126	52	*	Scaffold1297	248275	248326	52	*
Scaffold16245	26970	27022	53	*	Scaffold1297	238400	238452	53	*
Scaffold1628	134487	134539	53	*	Scaffold686	145897	145949	53	*
Scaffold162986	5	63	59	*	Scaffold1446	206646	206704	59	*
Scaffold163	130692	130744	53	*	Scaffold5121	7968	8020	53	*
Scaffold163	202724	202788	65	*	Scaffold573	653021	653085	65	*
Scaffold163	203084	203148	65	*	Scaffold573	653021	653085	65	*
Scaffold1630	22597	22652	56	*	Scaffold3115	41814	41869	56	*
Scaffold1630	44376	44450	75	*	Scaffold479	57509	57583	75	*
Scaffold1630	30905	30962	58	*	Scaffold479	47882	47939	58	*
Scaffold1630	42391	42446	56	*	Scaffold479	57509	57564	56	*
Scaffold1630	53026	53113	88	*	Scaffold479	63320	63407	88	*
Scaffold1630	76820	76891	72	*	Scaffold479	77742	77813	72	*
Scaffold1631	54858	54910	53	*	Scaffold511	413664	413716	53	*
Scaffold1631	3580	3635	56	*	Scaffold511	452119	452174	56	*
Scaffold1631	9168	9218	51	*	Scaffold511	446972	447022	51	*
Scaffold16312	4587	4670	84	*	Scaffold4	937299	937382	84	*
Scaffold16312	4400	4460	61	*	Scaffold4	937120	937180	61	*
Scaffold16312	4688	4752	65	*	Scaffold4	937400	937464	65	*
Scaffold163179	75	134	60	*	Scaffold1063	358665	358724	60	*
Scaffold163179	99	176	78	*	Scaffold1093	22190	22267	78	*
Scaffold163179	74	133	60	*	Scaffold1125	77371	77430	60	*
Scaffold163179	77	129	53	*	Scaffold1142	271333	271385	53	*
Scaffold163179	74	128	55	*	Scaffold115	591552	591606	55	*
Scaffold163179	81	131	51	*	Scaffold1465	95851	95901	51	*
Scaffold163179	71	134	64	*	Scaffold1604	98745	98808	64	*
Scaffold163179	75	124	50	*	Scaffold215	169767	169816	50	*
Scaffold163179	75	133	59	*	Scaffold230	253875	253933	59	*
Scaffold163179	73	127	55	*	Scaffold236	440567	440621	55	*
Scaffold163179	74	128	55	*	Scaffold2584	94338	94392	55	*
Scaffold163179	83	141	59	*	Scaffold2765	128018	128076	59	*
Scaffold163179	75	124	50	*	Scaffold299	487211	487260	50	*
Scaffold163179	76	128	53	*	Scaffold315	391963	392015	53	*
Scaffold163179	86	140	55	*	Scaffold3224	9307	9361	55	*
Scaffold163179	78	136	59	*	Scaffold325	278714	278772	59	*
Scaffold163179	72	121	50	*	Scaffold33	716556	716605	50	*
Scaffold163179	76	147	72	*	Scaffold369	416014	416085	72	*
Scaffold163179	76	128	53	*	Scaffold4315	9664	9716	53	*
Scaffold163179	74	129	56	*	Scaffold468	494363	494418	56	*
Scaffold163179	73	134	62	*	Scaffold477	420107	420168	62	*
Scaffold163179	74	127	54	*	Scaffold538	190207	190260	54	*
Scaffold163179	74	124	51	*	Scaffold644	246510	246560	51	*
Scaffold163179	72	127	56	*	Scaffold780	65699	65754	56	*
Scaffold163179	74	149	76	*	Scaffold803	39381	39456	76	*
Scaffold163267	172	261	90	*	Scaffold1081	150151	150240	90	*
Scaffold163267	173	231	59	*	Scaffold2619	48958	49016	59	*
Scaffold1633	71920	71975	56	*	Scaffold384	230405	230460	56	*
Scaffold163315	106	162	57	*	Scaffold1150	336295	336351	57	*
Scaffold16346	61347	61403	57	*	Scaffold27883	717	773	57	*
Scaffold16352	2509	2575	67	*	Scaffold879	173513	173579	67	*
Scaffold163660	226	282	57	*	Scaffold2447	27256	27312	57	*
Scaffold163660	233	289	57	*	Scaffold26676	9857	9913	57	*
Scaffold163660	226	368	143	*	Scaffold558	394183	394325	143	*
Scaffold1638	49144	49200	57	*	Scaffold1396	332932	332988	57	*
Scaffold1638	49066	49122	57	*	Scaffold2280	3180	3236	57	*
Scaffold1638	49196	49274	79	*	Scaffold2280	3310	3388	79	*
Scaffold1638	49124	49194	71	*	Scaffold2280	3238	3308	71	*
Scaffold1638	24726	24776	51	*	Scaffold604	191626	191676	51	*
Scaffold1638	34288	34360	73	*	Scaffold604	199892	199964	73	*
Scaffold163803	303	352	50	*	Scaffold113	356743	356792	50	*
Scaffold163803	135	188	54	*	Scaffold98	209235	209288	54	*
Scaffold163862	45	96	52	*	Scaffold360	112055	112106	52	*
Scaffold16397	13241	13296	56	*	Scaffold6	55130	55185	56	*
Scaffold1640	21461	21531	71	*	Scaffold198	603534	603604	71	*
Scaffold16405	11880	11935	56	*	Scaffold1	1092061	1092116	56	*
Scaffold16405	8994	9056	63	*	Scaffold1	1094829	1094891	63	*
Scaffold16405	27140	27211	72	*	Scaffold1	1080964	1081035	72	*
Scaffold164055	117	194	78	*	Scaffold537	437672	437749	78	*
Scaffold16429	12417	12498	82	*	Scaffold248	201129	201210	82	*
Scaffold16433	24872	24929	58	*	Scaffold8	58210	58267	58	*
Scaffold1644	59735	59790	56	*	Scaffold447	272256	272311	56	*
Scaffold1644	59776	59828	53	*	Scaffold470	293456	293508	53	*
Scaffold1644	59857	59924	68	*	Scaffold470	293537	293604	68	*
Scaffold16447	8050	8114	65	*	Scaffold131	526945	527009	65	*
Scaffold164550	117	175	59	*	Scaffold1929	44739	44797	59	*
Scaffold164550	126	182	57	*	Scaffold19990	1482	1538	57	*
Scaffold16466	3597	3647	51	*	Scaffold645	373077	373127	51	*
Scaffold1647	3708	3757	50	*	Scaffold724	256470	256519	50	*
Scaffold1647	7808	7863	56	*	Scaffold724	257871	257926	56	*
Scaffold1647	31694	31804	111	*	Scaffold724	276629	276739	111	*
Scaffold1647	43181	43247	67	*	Scaffold724	287833	287899	67	*
Scaffold1647	6785	6845	61	*	Scaffold724	256902	256962	61	*
Scaffold1647	43055	43114	60	*	Scaffold724	287708	287767	60	*
Scaffold1647	45454	45510	57	*	Scaffold724	290380	290436	57	*
Scaffold1647	22182	22237	56	*	Scaffold724	269262	269317	56	*
Scaffold1647	35076	35128	53	*	Scaffold724	279905	279957	53	*
Scaffold16471	9982	10057	76	*	Scaffold1223	49880	49955	76	*
Scaffold164726	142	215	74	*	Scaffold19990	1475	1548	74	*
Scaffold164771	120	199	80	*	Scaffold1272	252240	252319	80	*
Scaffold164771	118	187	70	*	Scaffold56	117319	117388	70	*
Scaffold16511	14992	15062	71	*	Scaffold5191	8795	8865	71	*
Scaffold16515	494	549	56	*	Scaffold2753	63550	63605	56	*
Scaffold16524	2951	3019	69	*	Scaffold578	233627	233695	69	*
Scaffold1653	4676	4730	55	*	Scaffold175	934827	934881	55	*
Scaffold1653	57466	57516	51	*	Scaffold2253	13385	13435	51	*
Scaffold1653	57526	57600	75	*	Scaffold2670	38945	39019	75	*
Scaffold1653	57530	57606	77	*	Scaffold4559	5780	5856	77	*
Scaffold1653	57461	57513	53	*	Scaffold62	1294771	1294823	53	*
Scaffold1653	57561	57631	71	*	Scaffold73	10646	10716	71	*
Scaffold1653	57104	57182	79	*	Scaffold73	10922	11000	79	*
Scaffold1653	57537	57631	95	*	Scaffold906	164185	164279	95	*
Scaffold165333	4	74	71	*	Scaffold730	205471	205541	71	*
Scaffold16538	15317	15416	100	*	Scaffold198	603669	603768	100	*
Scaffold1654	34509	34560	52	*	Scaffold2409	65435	65486	52	*
Scaffold1655	102425	102478	54	*	Scaffold79	375064	375117	54	*
Scaffold1655	103058	103108	51	*	Scaffold952	40837	40887	51	*
Scaffold16568	7675	7728	54	*	Scaffold304	205995	206048	54	*
Scaffold1657	45000	45053	54	*	Scaffold5191	8867	8920	54	*
Scaffold165865	6	80	75	*	Scaffold1472	23454	23528	75	*
Scaffold165899	76	158	83	*	Scaffold127	1110142	1110224	83	*
Scaffold16590	5737	5791	55	*	Scaffold3072	8680	8734	55	*
Scaffold166122	582	720	139	*	Scaffold5191	8274	8412	139	*
Scaffold1662	2794	2886	93	*	Scaffold1293	107309	107401	93	*
Scaffold1662	2314	2378	65	*	Scaffold2280	3238	3302	65	*
Scaffold1662	2407	2459	53	*	Scaffold2280	3335	3387	53	*
Scaffold1662	48219	48269	51	*	Scaffold28534	7019	7069	51	*
Scaffold1662	2833	2886	54	*	Scaffold672	114208	114261	54	*
Scaffold16620	8968	9023	56	*	Scaffold1031	39364	39419	56	*
Scaffold16622	5056	5129	74	*	Scaffold688	11430	11503	74	*
Scaffold16639	14017	14074	58	*	Scaffold118	694515	694572	58	*
Scaffold16639	13980	14035	56	*	Scaffold1268	102482	102537	56	*
Scaffold16639	13980	14049	70	*	Scaffold457	468140	468209	70	*
Scaffold16639	13984	14034	51	*	Scaffold783	65283	65333	51	*
Scaffold16639	13980	14035	56	*	Scaffold92	75121	75176	56	*
Scaffold1664	4059	4128	70	*	Scaffold20	1404049	1404118	70	*
Scaffold1664	92861	92918	58	*	Scaffold601	139993	140050	58	*
Scaffold166490	217	272	56	*	Scaffold648	254977	255032	56	*
Scaffold16653	6602	6652	51	*	Scaffold29463	43	93	51	*
Scaffold16659	25229	25289	61	*	Scaffold260	408135	408195	61	*
Scaffold166593	122	173	52	*	Scaffold365	31629	31680	52	*
Scaffold1666	85049	85098	50	*	Scaffold379	255032	255081	50	*
Scaffold1666	109905	110004	100	*	Scaffold73	10970	11069	100	*
Scaffold16663	14002	14053	52	*	Scaffold271	394751	394802	52	*
Scaffold16663	15351	15408	58	*	Scaffold271	394745	394802	58	*
Scaffold1668	188215	188269	55	*	Scaffold113	356669	356723	55	*
Scaffold1668	188305	188379	75	*	Scaffold113	356559	356633	75	*
Scaffold1668	87679	87738	60	*	Scaffold3851	6299	6358	60	*
Scaffold1668	179107	179166	60	*	Scaffold57	1028370	1028429	60	*
Scaffold1668	178101	178160	60	*	Scaffold57	1028370	1028429	60	*
Scaffold1668	107793	107845	53	*	Scaffold57	1101630	1101682	53	*
Scaffold1668	82556	82615	60	*	Scaffold57	1118380	1118439	60	*
Scaffold1668	66484	66548	65	*	Scaffold57	1132973	1133037	65	*
Scaffold1668	87680	87738	59	*	Scaffold57	1113351	1113409	59	*
Scaffold166806	109	171	63	*	Scaffold144	588890	588952	63	*
Scaffold1669	22156	22221	66	*	Scaffold2291	33936	34001	66	*
Scaffold1669	15158	15213	56	*	Scaffold3486	11045	11100	56	*
Scaffold167	234276	234327	52	*	Scaffold17	284596	284647	52	*
Scaffold167	201020	201076	57	*	Scaffold1710	88028	88084	57	*
Scaffold167	186605	186688	84	*	Scaffold1710	72832	72915	84	*
Scaffold167	192616	192713	98	*	Scaffold1710	79521	79618	98	*
Scaffold167	141575	141629	55	*	Scaffold1710	32949	33003	55	*
Scaffold167	144687	144740	54	*	Scaffold1710	35752	35805	54	*
Scaffold167	224100	224150	51	*	Scaffold1710	111838	111888	51	*
Scaffold167	186840	186899	60	*	Scaffold1710	73075	73134	60	*
Scaffold167	161315	161390	76	*	Scaffold1710	51883	51958	76	*
Scaffold167	143846	143933	88	*	Scaffold1710	34798	34885	88	*
Scaffold167	165447	165505	59	*	Scaffold1710	55878	55936	59	*
Scaffold167	201094	201143	50	*	Scaffold1710	88102	88151	50	*
Scaffold167	146737	146804	68	*	Scaffold1710	37646	37713	68	*
Scaffold167	193070	193131	62	*	Scaffold1710	79978	80039	62	*
Scaffold167	121960	122028	69	*	Scaffold2031	9043	9111	69	*
Scaffold167	109153	109203	51	*	Scaffold2031	20094	20144	51	*
Scaffold167	93177	93254	78	*	Scaffold2031	31714	31791	78	*
Scaffold167	115856	115909	54	*	Scaffold2031	13788	13841	54	*
Scaffold167	108053	108110	58	*	Scaffold2031	21157	21214	58	*
Scaffold167	92925	93027	103	*	Scaffold2031	31934	32036	103	*
Scaffold167	115911	115986	76	*	Scaffold2031	13711	13786	76	*
Scaffold167	112288	112356	69	*	Scaffold2031	16898	16966	69	*
Scaffold167	128807	128867	61	*	Scaffold2031	5933	5993	61	*
Scaffold167	354382	354488	107	*	Scaffold661	78091	78197	107	*
Scaffold1671	65783	65840	58	*	Scaffold129	720204	720261	58	*
Scaffold1671	65872	65937	66	*	Scaffold129	720293	720358	66	*
Scaffold1671	65783	65840	58	*	Scaffold4499	1099	1156	58	*
Scaffold1671	65872	65937	66	*	Scaffold4499	1188	1253	66	*
Scaffold167104	126	195	70	*	Scaffold1054	285313	285382	70	*
Scaffold1674	129436	129528	93	*	Scaffold2202	69023	69115	93	*
Scaffold1674	129851	129907	57	*	Scaffold2202	69473	69529	57	*
Scaffold1674	129851	129907	57	*	Scaffold387	340697	340753	57	*
Scaffold1674	129436	129528	93	*	Scaffold387	340247	340339	93	*
Scaffold16756	39927	39980	54	*	Scaffold154	428425	428478	54	*
Scaffold16756	40778	40837	60	*	Scaffold154	429030	429089	60	*
Scaffold16756	10940	11007	68	*	Scaffold154	406919	406986	68	*
Scaffold16756	37912	37985	74	*	Scaffold154	425596	425669	74	*
Scaffold16756	38127	38225	99	*	Scaffold154	425812	425910	99	*
Scaffold16756	39836	39892	57	*	Scaffold154	428334	428390	57	*
Scaffold16756	11105	11168	64	*	Scaffold154	407085	407148	64	*
Scaffold1676	74324	74405	82	*	Scaffold3	2055384	2055465	82	*
Scaffold1676	75881	75944	64	*	Scaffold3	2056782	2056845	64	*
Scaffold1676	68238	68304	67	*	Scaffold3	2050579	2050645	67	*
Scaffold1676	41751	41802	52	*	Scaffold3	2024493	2024544	52	*
Scaffold1676	80918	80988	71	*	Scaffold3	2062453	2062523	71	*
Scaffold1676	74211	74261	51	*	Scaffold3	2055271	2055321	51	*
Scaffold1676	97910	97965	56	*	Scaffold3	2079584	2079639	56	*
Scaffold1676	75807	75879	73	*	Scaffold3	2056708	2056780	73	*
Scaffold1676	84184	84233	50	*	Scaffold3	2066111	2066160	50	*
Scaffold1676	60398	60454	57	*	Scaffold3	2043351	2043407	57	*
Scaffold1676	83731	83780	50	*	Scaffold3	2065661	2065710	50	*
Scaffold1676	80998	81067	70	*	Scaffold3	2062533	2062602	70	*
Scaffold1676	67698	67765	68	*	Scaffold3	2050027	2050094	68	*
Scaffold1676	79829	79964	136	*	Scaffold3	2061362	2061497	136	*
Scaffold1676	100567	100617	51	*	Scaffold3	2082779	2082829	51	*
Scaffold1676	64805	64857	53	*	Scaffold3	2047565	2047617	53	*
Scaffold1676	41475	41526	52	*	Scaffold3	2024205	2024256	52	*
Scaffold1676	57775	57832	58	*	Scaffold3	2040294	2040351	58	*
Scaffold1676	68129	68232	104	*	Scaffold3	2050470	2050573	104	*
Scaffold167667	89	150	62	*	Scaffold79	468801	468862	62	*
Scaffold16778	10929	10990	62	*	Scaffold25732	1948	2009	62	*
Scaffold1679	68389	68468	80	*	Scaffold27542	129	208	80	*
Scaffold1679	50406	50456	51	*	Scaffold52	411560	411610	51	*
Scaffold16794	2292	2343	52	*	Scaffold433	654120	654171	52	*
Scaffold16794	2291	2341	51	*	Scaffold56	203626	203676	51	*
Scaffold16794	2349	2398	50	*	Scaffold56	203684	203733	50	*
Scaffold16794	2270	2323	54	*	Scaffold78	467051	467104	54	*
Scaffold16795	13539	13601	63	*	Scaffold1527	43502	43564	63	*
Scaffold16795	13455	13532	78	*	Scaffold1527	43571	43648	78	*
Scaffold16795	13662	13724	63	*	Scaffold1527	43384	43446	63	*
Scaffold16795	13413	13480	68	*	Scaffold547	422300	422367	68	*
Scaffold167986	237	289	53	*	Scaffold1060	344744	344796	53	*
Scaffold167986	242	297	56	*	Scaffold1093	16638	16693	56	*
Scaffold167986	229	289	61	*	Scaffold1199	39157	39217	61	*
Scaffold167986	208	258	51	*	Scaffold1239	114194	114244	51	*
Scaffold167986	222	298	77	*	Scaffold1378	111033	111109	77	*
Scaffold167986	60	109	50	*	Scaffold1539	284540	284589	50	*
Scaffold167986	224	292	69	*	Scaffold1539	284704	284772	69	*
Scaffold167986	229	282	54	*	Scaffold16	888695	888748	54	*
Scaffold167986	222	271	50	*	Scaffold1636	204082	204131	50	*
Scaffold167986	220	271	52	*	Scaffold16714	12060	12111	52	*
Scaffold167986	226	279	54	*	Scaffold1672	15108	15161	54	*
Scaffold167986	228	284	57	*	Scaffold22871	85	141	57	*
Scaffold167986	199	260	62	*	Scaffold29	781286	781347	62	*
Scaffold167986	203	253	51	*	Scaffold345	912448	912498	51	*
Scaffold167986	213	288	76	*	Scaffold39	413033	413108	76	*
Scaffold167986	220	283	64	*	Scaffold414	33968	34031	64	*
Scaffold167986	215	270	56	*	Scaffold486	148633	148688	56	*
Scaffold167986	232	292	61	*	Scaffold581	246273	246333	61	*
Scaffold167986	236	289	54	*	Scaffold590	320430	320483	54	*
Scaffold167986	221	278	58	*	Scaffold632	95717	95774	58	*
Scaffold167986	243	295	53	*	Scaffold640	338785	338837	53	*
Scaffold167986	217	289	73	*	Scaffold649	350480	350552	73	*
Scaffold167986	212	287	76	*	Scaffold663	253918	253993	76	*
Scaffold167986	233	293	61	*	Scaffold964	55888	55948	61	*
Scaffold168	29413	29472	60	*	Scaffold731	214789	214848	60	*
Scaffold168	43653	43725	73	*	Scaffold731	234553	234625	73	*
Scaffold168	30706	30798	93	*	Scaffold926	387203	387295	93	*
Scaffold1680	46251	46301	51	*	Scaffold10	513383	513433	51	*
Scaffold1680	46216	46268	53	*	Scaffold1306	169098	169150	53	*
Scaffold1680	46231	46293	63	*	Scaffold134	319522	319584	63	*
Scaffold1680	46226	46296	71	*	Scaffold1361	92983	93053	71	*
Scaffold1680	46236	46302	67	*	Scaffold1568	208143	208209	67	*
Scaffold1680	46228	46299	72	*	Scaffold1707	64601	64672	72	*
Scaffold1680	46234	46301	68	*	Scaffold30	905388	905455	68	*
Scaffold1680	46229	46295	67	*	Scaffold3449	15974	16040	67	*
Scaffold1680	46245	46294	50	*	Scaffold414	316961	317010	50	*
Scaffold1680	46229	46303	75	*	Scaffold468	34140	34214	75	*
Scaffold1680	46223	46276	54	*	Scaffold515	273716	273769	54	*
Scaffold1680	46237	46292	56	*	Scaffold580	267693	267748	56	*
Scaffold1680	46226	46285	60	*	Scaffold616	442141	442200	60	*
Scaffold1680	46230	46285	56	*	Scaffold622	113758	113813	56	*
Scaffold1680	57010	57077	68	*	Scaffold636	60544	60611	68	*
Scaffold1680	42441	42548	108	*	Scaffold636	74516	74623	108	*
Scaffold1680	65677	65750	74	*	Scaffold636	51989	52062	74	*
Scaffold1680	6074	6145	72	*	Scaffold636	104477	104548	72	*
Scaffold1680	47087	47183	97	*	Scaffold636	557891	557987	97	*
Scaffold1680	12172	12221	50	*	Scaffold636	101360	101409	50	*
Scaffold1680	11769	11830	62	*	Scaffold636	101742	101803	62	*
Scaffold1680	300	352	53	*	Scaffold636	109848	109900	53	*
Scaffold1680	16918	17012	95	*	Scaffold636	96679	96773	95	*
Scaffold1680	66305	66368	64	*	Scaffold636	50946	51009	64	*
Scaffold1680	57175	57246	72	*	Scaffold636	60363	60434	72	*
Scaffold1680	12011	12075	65	*	Scaffold636	101498	101562	65	*
Scaffold1681	52533	52590	58	*	Scaffold1687	10873	10930	58	*
Scaffold168101	471	532	62	*	Scaffold54	1151183	1151244	62	*
Scaffold168186	72	125	54	*	Scaffold36	280185	280238	54	*
Scaffold168203	118	168	51	*	Scaffold3112	32398	32448	51	*
Scaffold168203	10	96	87	*	Scaffold3112	32298	32384	87	*
Scaffold168225	5	80	76	*	Scaffold73	10955	11030	76	*
Scaffold168225	82	152	71	*	Scaffold73	10883	10953	71	*
Scaffold16826	3548	3600	53	*	Scaffold598	516515	516567	53	*
Scaffold168268	1472	1522	51	*	Scaffold27542	126	176	51	*
Scaffold16829	14926	14990	65	*	Scaffold1223	64446	64510	65	*
Scaffold16829	14936	14993	58	*	Scaffold538	380756	380813	58	*
Scaffold168410	113	180	68	*	Scaffold16	815218	815285	68	*
Scaffold168425	47	110	64	*	Scaffold3	80765	80828	64	*
Scaffold168489	348	405	58	*	Scaffold16394	1	58	58	*
Scaffold168489	464	516	53	*	Scaffold1763	124157	124209	53	*
Scaffold16854	5271	5339	69	*	Scaffold558	389907	389975	69	*
Scaffold16854	5340	5421	82	*	Scaffold558	389790	389871	82	*
Scaffold16854	5324	5422	99	*	Scaffold961	110565	110663	99	*
Scaffold1686	84963	85012	50	*	Scaffold386	497231	497280	50	*
Scaffold1686	42427	42476	50	*	Scaffold386	459835	459884	50	*
Scaffold1686	126781	126833	53	*	Scaffold386	528276	528328	53	*
Scaffold1686	18342	18396	55	*	Scaffold5135	479	533	55	*
Scaffold1688	76073	76131	59	*	Scaffold598	196987	197045	59	*
Scaffold1688	82835	82889	55	*	Scaffold598	199410	199464	55	*
Scaffold1688	87000	87049	50	*	Scaffold598	204844	204893	50	*
Scaffold1688	78768	78820	53	*	Scaffold598	198340	198392	53	*
Scaffold16881	6600	6650	51	*	Scaffold691	237060	237110	51	*
Scaffold16881	1372	1465	94	*	Scaffold691	232141	232234	94	*
Scaffold16888	157	208	52	*	Scaffold18	332605	332656	52	*
Scaffold1689	26653	26710	58	*	Scaffold61	432888	432945	58	*
Scaffold168962	4	60	57	*	Scaffold1991	6284	6340	57	*
Scaffold168962	4	60	57	*	Scaffold5305	2385	2441	57	*
Scaffold169	21989	22039	51	*	Scaffold198	603645	603695	51	*
Scaffold169	205361	205420	60	*	Scaffold470	293445	293504	60	*
Scaffold169	210892	210941	50	*	Scaffold66	834674	834723	50	*
Scaffold169	210606	210666	61	*	Scaffold66	834945	835005	61	*
Scaffold16904	1302	1354	53	*	Scaffold396	424121	424173	53	*
Scaffold16916	35132	35181	50	*	Scaffold1896	347414	347463	50	*
Scaffold16916	17178	17234	57	*	Scaffold261	370947	371003	57	*
Scaffold16916	17266	17318	53	*	Scaffold461	60195	60247	53	*
Scaffold1692	50439	50494	56	*	Scaffold119	253547	253602	56	*
Scaffold1692	30965	31021	57	*	Scaffold119	274215	274271	57	*
Scaffold1692	30444	30500	57	*	Scaffold119	274215	274271	57	*
Scaffold1692	50317	50371	55	*	Scaffold119	253670	253724	55	*
Scaffold1692	90095	90156	62	*	Scaffold1206	153462	153523	62	*
Scaffold1692	89974	90034	61	*	Scaffold1206	153584	153644	61	*
Scaffold1692	89882	89931	50	*	Scaffold1263	141361	141410	50	*
Scaffold1692	89821	89880	60	*	Scaffold1263	141300	141359	60	*
Scaffold1692	90069	90127	59	*	Scaffold1366	94396	94454	59	*
Scaffold1692	90145	90221	77	*	Scaffold1366	94472	94548	77	*
Scaffold1692	89975	90063	89	*	Scaffold1366	94302	94390	89	*
Scaffold1692	89835	89887	53	*	Scaffold1472	70348	70400	53	*
Scaffold1692	89968	90028	61	*	Scaffold1789	119503	119563	61	*
Scaffold1692	90174	90224	51	*	Scaffold1912	105834	105884	51	*
Scaffold1692	90055	90112	58	*	Scaffold1924	82044	82101	58	*
Scaffold1692	89986	90049	64	*	Scaffold1924	82106	82169	64	*
Scaffold1692	90118	90170	53	*	Scaffold1924	81987	82039	53	*
Scaffold1692	90121	90174	54	*	Scaffold2285	143988	144041	54	*
Scaffold1692	90108	90173	66	*	Scaffold252	237673	237738	66	*
Scaffold1692	90035	90086	52	*	Scaffold2584	112198	112249	52	*
Scaffold1692	89853	89905	53	*	Scaffold2584	112013	112065	53	*
Scaffold1692	90096	90150	55	*	Scaffold301	684447	684501	55	*
Scaffold1692	89995	90044	50	*	Scaffold301	684553	684602	50	*
Scaffold1692	90154	90205	52	*	Scaffold383	570278	570329	52	*
Scaffold1692	90158	90213	56	*	Scaffold398	431494	431549	56	*
Scaffold1692	90057	90106	50	*	Scaffold580	186662	186711	50	*
Scaffold1692	89862	89935	74	*	Scaffold6065	9228	9301	74	*
Scaffold1692	90146	90217	72	*	Scaffold616	34236	34307	72	*
Scaffold1692	90025	90101	77	*	Scaffold64	430979	431055	77	*
Scaffold1692	89940	89989	50	*	Scaffold64	430894	430943	50	*
Scaffold1692	89822	89875	54	*	Scaffold770	89151	89204	54	*
Scaffold1692	90138	90207	70	*	Scaffold770	88823	88892	70	*
Scaffold1692	89986	90038	53	*	Scaffold770	88991	89043	53	*
Scaffold1692	89982	90031	50	*	Scaffold79	375260	375309	50	*
Scaffold1692	90171	90220	50	*	Scaffold79	375071	375120	50	*
Scaffold1692	90056	90114	59	*	Scaffold790	250537	250595	59	*
Scaffold1692	90153	90223	71	*	Scaffold790	250638	250708	71	*
Scaffold1692	89834	89886	53	*	Scaffold80	683889	683941	53	*
Scaffold1692	90108	90157	50	*	Scaffold80	684158	684207	50	*
Scaffold1692	90019	90087	69	*	Scaffold80	684069	684137	69	*
Scaffold1692	89817	89890	74	*	Scaffold982	140323	140396	74	*
Scaffold169299	62	117	56	*	Scaffold1206	94036	94091	56	*
Scaffold169333	6249	6337	89	*	Scaffold14243	4609	4697	89	*
Scaffold16935	12894	12957	64	*	Scaffold1428	223445	223508	64	*
Scaffold16935	13194	13251	58	*	Scaffold1951	112142	112199	58	*
Scaffold169438	157	218	62	*	Scaffold2526	84162	84223	62	*
Scaffold169506	49	101	53	*	Scaffold490	15165	15217	53	*
Scaffold169512	3981	4051	71	*	Scaffold1011	55114	55184	71	*
Scaffold1696	59055	59107	53	*	Scaffold1081	141923	141975	53	*
Scaffold1696	112871	112930	60	*	Scaffold33	1299790	1299849	60	*
Scaffold1696	134933	134994	62	*	Scaffold33	1269375	1269436	62	*
Scaffold1696	126596	126647	52	*	Scaffold564	309241	309292	52	*
Scaffold16961	10751	10811	61	*	Scaffold1733	186247	186307	61	*
Scaffold16961	10734	10789	56	*	Scaffold260	772467	772522	56	*
Scaffold16961	10747	10813	67	*	Scaffold520	202287	202353	67	*
Scaffold16965	32	97	66	*	Scaffold1125	159726	159791	66	*
Scaffold1697	12169	12226	58	*	Scaffold1001	53047	53104	58	*
Scaffold1697	12185	12237	53	*	Scaffold1015	53274	53326	53	*
Scaffold1697	12171	12246	76	*	Scaffold1072	160402	160477	76	*
Scaffold1697	12115	12172	58	*	Scaffold1150	350073	350130	58	*
Scaffold1697	12103	12162	60	*	Scaffold1396	71770	71829	60	*
Scaffold1697	12207	12262	56	*	Scaffold1415	152882	152937	56	*
Scaffold1697	12074	12169	96	*	Scaffold1434	211691	211786	96	*
Scaffold1697	12171	12245	75	*	Scaffold1503	174013	174087	75	*
Scaffold1697	12089	12154	66	*	Scaffold1521	128551	128616	66	*
Scaffold1697	12110	12162	53	*	Scaffold1614	105957	106009	53	*
Scaffold1697	12171	12223	53	*	Scaffold1711	71384	71436	53	*
Scaffold1697	12175	12236	62	*	Scaffold1716	81838	81899	62	*
Scaffold1697	12090	12164	75	*	Scaffold1745	4177	4251	75	*
Scaffold1697	12108	12164	57	*	Scaffold187	535427	535483	57	*
Scaffold1697	12108	12164	57	*	Scaffold187	562835	562891	57	*
Scaffold1697	12171	12222	52	*	Scaffold1874	38518	38569	52	*
Scaffold1697	12186	12243	58	*	Scaffold2019	7290	7347	58	*
Scaffold1697	12108	12171	64	*	Scaffold2237	89632	89695	64	*
Scaffold1697	12099	12169	71	*	Scaffold2275	39202	39272	71	*
Scaffold1697	12173	12234	62	*	Scaffold258	111807	111868	62	*
Scaffold1697	12113	12171	59	*	Scaffold266	981604	981662	59	*
Scaffold1697	12087	12141	55	*	Scaffold293	344857	344911	55	*
Scaffold1697	12110	12170	61	*	Scaffold30	893731	893791	61	*
Scaffold1697	12183	12236	54	*	Scaffold3048	72114	72167	54	*
Scaffold1697	12110	12166	57	*	Scaffold31475	4822	4878	57	*
Scaffold1697	12180	12230	51	*	Scaffold344	484949	484999	51	*
Scaffold1697	12115	12175	61	*	Scaffold3478	19611	19671	61	*
Scaffold1697	12115	12167	53	*	Scaffold355	365831	365883	53	*
Scaffold1697	12171	12223	53	*	Scaffold366	151894	151946	53	*
Scaffold1697	12198	12262	65	*	Scaffold392	358765	358829	65	*
Scaffold1697	12171	12247	77	*	Scaffold4	1368270	1368346	77	*
Scaffold1697	12184	12242	59	*	Scaffold40	842938	842996	59	*
Scaffold1697	12177	12243	67	*	Scaffold400	262770	262836	67	*
Scaffold1697	12117	12168	52	*	Scaffold422	541324	541375	52	*
Scaffold1697	12186	12237	52	*	Scaffold425	162985	163036	52	*
Scaffold1697	12174	12243	70	*	Scaffold4519	17012	17081	70	*
Scaffold1697	12096	12168	73	*	Scaffold46	8496	8568	73	*
Scaffold1697	12183	12249	67	*	Scaffold5	1872073	1872139	67	*
Scaffold1697	12105	12167	63	*	Scaffold50	1120486	1120548	63	*
Scaffold1697	12177	12243	67	*	Scaffold5052	36779	36845	67	*
Scaffold1697	12179	12245	67	*	Scaffold527	202271	202337	67	*
Scaffold1697	12110	12166	57	*	Scaffold615	129729	129785	57	*
Scaffold1697	12189	12258	70	*	Scaffold619	166114	166183	70	*
Scaffold1697	12178	12252	75	*	Scaffold624	603871	603945	75	*
Scaffold1697	12116	12171	56	*	Scaffold624	137370	137425	56	*
Scaffold1697	12183	12262	80	*	Scaffold643	323500	323579	80	*
Scaffold1697	12118	12171	54	*	Scaffold672	372423	372476	54	*
Scaffold1697	12209	12262	54	*	Scaffold674	298702	298755	54	*
Scaffold1697	12090	12151	62	*	Scaffold737	96907	96968	62	*
Scaffold1697	12195	12250	56	*	Scaffold8	643050	643105	56	*
Scaffold1697	12116	12168	53	*	Scaffold86	96803	96855	53	*
Scaffold1697	12187	12245	59	*	Scaffold90	1126761	1126819	59	*
Scaffold1697	12181	12238	58	*	Scaffold901	333369	333426	58	*
Scaffold1697	12208	12262	55	*	Scaffold936	171501	171555	55	*
Scaffold1698	102146	102196	51	*	Scaffold1527	43506	43556	51	*
Scaffold1698	102022	102074	53	*	Scaffold1527	43382	43434	53	*
Scaffold1698	51133	51183	51	*	Scaffold1527	43372	43422	51	*
Scaffold1698	102076	102140	65	*	Scaffold1527	43436	43500	65	*
Scaffold1698	45706	45767	62	*	Scaffold1803	122312	122373	62	*
Scaffold1698	79162	79227	66	*	Scaffold29717	735	800	66	*
Scaffold1698	102145	102196	52	*	Scaffold65	138985	139036	52	*
Scaffold1698	102091	102143	53	*	Scaffold65	138931	138983	53	*
Scaffold1698	20376	20428	53	*	Scaffold688	192056	192108	53	*
Scaffold1698	81314	81373	60	*	Scaffold688	240758	240817	60	*
Scaffold1698	61037	61102	66	*	Scaffold688	223118	223183	66	*
Scaffold1698	132363	132413	51	*	Scaffold688	285535	285585	51	*
Scaffold1698	132728	132782	55	*	Scaffold688	285906	285960	55	*
Scaffold1698	64763	64814	52	*	Scaffold688	225246	225297	52	*
Scaffold1698	128626	128680	55	*	Scaffold688	283039	283093	55	*
Scaffold1698	76531	76581	51	*	Scaffold688	235938	235988	51	*
Scaffold1698	126888	126937	50	*	Scaffold688	281122	281171	50	*
Scaffold1698	76085	76167	83	*	Scaffold688	235492	235574	83	*
Scaffold1698	132572	132633	62	*	Scaffold688	285744	285805	62	*
Scaffold1698	79162	79227	66	*	Scaffold688	238626	238691	66	*
Scaffold1698	128517	128581	65	*	Scaffold688	282930	282994	65	*
Scaffold1698	126938	126997	60	*	Scaffold688	281173	281232	60	*
Scaffold1698	80322	80374	53	*	Scaffold688	239806	239858	53	*
Scaffold1698	55306	55381	76	*	Scaffold688	218214	218289	76	*
Scaffold1698	45706	45776	71	*	Scaffold688	207864	207934	71	*
Scaffold1698	9000	9070	71	*	Scaffold688	185143	185213	71	*
Scaffold1698	60571	60653	83	*	Scaffold688	222654	222736	83	*
Scaffold1698	132466	132521	56	*	Scaffold688	285638	285693	56	*
Scaffold1698	101153	101220	68	*	Scaffold688	260979	261046	68	*
Scaffold1698	52694	52763	70	*	Scaffold688	215139	215208	70	*
Scaffold1698	86536	86622	87	*	Scaffold688	246084	246170	87	*
Scaffold1698	127025	127084	60	*	Scaffold688	281261	281320	60	*
Scaffold1698	81822	81923	102	*	Scaffold688	241261	241362	102	*
Scaffold1698	55453	55508	56	*	Scaffold688	218361	218416	56	*
Scaffold16987	4150	4203	54	*	Scaffold311	452003	452056	54	*
Scaffold17	8445	8494	50	*	Scaffold1763	123958	124007	50	*
Scaffold170	148445	148505	61	*	Scaffold2352	85413	85473	61	*
Scaffold170	109714	109766	53	*	Scaffold2352	121875	121927	53	*
Scaffold170	143669	143747	79	*	Scaffold2352	89885	89963	79	*
Scaffold1700	49645	49716	72	*	Scaffold1379	265296	265367	72	*
Scaffold1700	54238	54302	65	*	Scaffold1379	261433	261497	65	*
Scaffold1700	50681	50748	68	*	Scaffold1379	264349	264416	68	*
Scaffold1700	39685	39757	73	*	Scaffold1379	271295	271367	73	*
Scaffold1700	34080	34178	99	*	Scaffold1379	275953	276051	99	*
Scaffold1700	134453	134519	67	*	Scaffold1379	210399	210465	67	*
Scaffold1700	39532	39583	52	*	Scaffold1379	271461	271512	52	*
Scaffold1700	50526	50603	78	*	Scaffold1379	264494	264571	78	*
Scaffold1700	115560	115622	63	*	Scaffold1379	221323	221385	63	*
Scaffold1700	42798	42862	65	*	Scaffold1379	268685	268749	65	*
Scaffold1700	43694	43750	57	*	Scaffold1379	267979	268035	57	*
Scaffold1700	76780	76855	76	*	Scaffold1379	244839	244914	76	*
Scaffold1700	52426	52484	59	*	Scaffold1379	262827	262885	59	*
Scaffold1700	40433	40482	50	*	Scaffold1379	270698	270747	50	*
Scaffold1700	83886	83950	65	*	Scaffold67	72057	72121	65	*
Scaffold170036	54	105	52	*	Scaffold558	394093	394144	52	*
Scaffold170036	231	287	57	*	Scaffold558	394270	394326	57	*
Scaffold170036	168	223	56	*	Scaffold558	394207	394262	56	*
Scaffold170051	36	91	56	*	Scaffold615	174251	174306	56	*
Scaffold1703	71433	71484	52	*	Scaffold901	148692	148743	52	*
Scaffold1703	116442	116494	53	*	Scaffold901	124316	124368	53	*
Scaffold1703	71333	71391	59	*	Scaffold901	148780	148838	59	*
Scaffold17039	8750	8810	61	*	Scaffold243	556390	556450	61	*
Scaffold1704	70329	70398	70	*	Scaffold360	111945	112014	70	*
Scaffold17042	23004	23058	55	*	Scaffold50	764867	764921	55	*
Scaffold17056	7982	8037	56	*	Scaffold1869	29391	29446	56	*
Scaffold17056	8353	8407	55	*	Scaffold375	395127	395181	55	*
Scaffold17057	6915	6971	57	*	Scaffold15285	3205	3261	57	*
Scaffold17057	6915	6971	57	*	Scaffold186	716188	716244	57	*
Scaffold17059	13378	13429	52	*	Scaffold1527	43162	43213	52	*
Scaffold170618	82	169	88	*	Scaffold131	526930	527017	88	*
Scaffold17063	22039	22088	50	*	Scaffold1954	66083	66132	50	*
Scaffold170656	32	81	50	*	Scaffold960	335925	335974	50	*
Scaffold17066	521	617	97	*	Scaffold113	356438	356534	97	*
Scaffold170668	1216	1274	59	*	Scaffold1275	106084	106142	59	*
Scaffold170668	1172	1267	96	*	Scaffold1395	158009	158104	96	*
Scaffold170668	1182	1267	86	*	Scaffold2032	66155	66240	86	*
Scaffold170668	1287	1366	80	*	Scaffold470	293456	293535	80	*
Scaffold170668	1198	1267	70	*	Scaffold8391	3967	4036	70	*
Scaffold1707	21354	21416	63	*	Scaffold2311	54248	54310	63	*
Scaffold170720	74	145	72	*	Scaffold1386	43412	43483	72	*
Scaffold170720	84	156	73	*	Scaffold1472	23629	23701	73	*
Scaffold170776	133	182	50	*	Scaffold279	328509	328558	50	*
Scaffold170851	42	111	70	*	Scaffold1366	94468	94537	70	*
Scaffold1709	53861	53910	50	*	Scaffold1281	212543	212592	50	*
Scaffold1709	53774	53823	50	*	Scaffold1281	212630	212679	50	*
Scaffold17090	16627	16676	50	*	Scaffold7098	25532	25581	50	*
Scaffold171	35629	35681	53	*	Scaffold1108	70955	71007	53	*
Scaffold17104	11613	11696	84	*	Scaffold254	706594	706677	84	*
Scaffold17104	11613	11665	53	*	Scaffold384	366089	366141	53	*
Scaffold1711	82958	83023	66	*	Scaffold10	1276128	1276193	66	*
Scaffold17110	747	815	69	*	Scaffold333	390065	390133	69	*
Scaffold17119	308	373	66	*	Scaffold2280	3310	3375	66	*
Scaffold1712	58660	58715	56	*	Scaffold1	273270	273325	56	*
Scaffold1712	58659	58715	57	*	Scaffold1129	226592	226648	57	*
Scaffold1712	58658	58713	56	*	Scaffold1226	210031	210086	56	*
Scaffold1712	58661	58715	55	*	Scaffold156	134506	134560	55	*
Scaffold1712	58663	58715	53	*	Scaffold1659	10619	10671	53	*
Scaffold1712	112294	112368	75	*	Scaffold1759	218892	218966	75	*
Scaffold1712	105601	105651	51	*	Scaffold1759	226128	226178	51	*
Scaffold1712	58659	58715	57	*	Scaffold188	752776	752832	57	*
Scaffold1712	58659	58715	57	*	Scaffold200	275369	275425	57	*
Scaffold1712	58661	58716	56	*	Scaffold27738	438	493	56	*
Scaffold1712	58661	58715	55	*	Scaffold2852	21165	21219	55	*
Scaffold1712	58657	58713	57	*	Scaffold28823	200	256	57	*
Scaffold1712	58657	58715	59	*	Scaffold32	529499	529557	59	*
Scaffold1712	58659	58717	59	*	Scaffold389	459706	459764	59	*
Scaffold1712	78331	78396	66	*	Scaffold489	923087	923152	66	*
Scaffold1712	51641	51693	53	*	Scaffold489	900953	901005	53	*
Scaffold1712	58661	58715	55	*	Scaffold547	148299	148353	55	*
Scaffold1712	58657	58715	59	*	Scaffold86	1101194	1101252	59	*
Scaffold1712	58666	58715	50	*	Scaffold946	224852	224901	50	*
Scaffold17131	9554	9603	50	*	Scaffold9	360451	360500	50	*
Scaffold1714	437	504	68	*	Scaffold470	293537	293604	68	*
Scaffold1714	605	657	53	*	Scaffold470	293391	293443	53	*
Scaffold17140	9573	9622	50	*	Scaffold2077	211388	211437	50	*
Scaffold17140	9573	9622	50	*	Scaffold5537	14446	14495	50	*
Scaffold17147	37	106	70	*	Scaffold249	662750	662819	70	*
Scaffold1715	38696	38759	64	*	Scaffold1013	141185	141248	64	*
Scaffold1715	38708	38763	56	*	Scaffold1563	70672	70727	56	*
Scaffold1715	38703	38760	58	*	Scaffold1878	47835	47892	58	*
Scaffold1715	38698	38759	62	*	Scaffold2131	76089	76150	62	*
Scaffold1715	12653	12713	61	*	Scaffold384	230418	230478	61	*
Scaffold1715	38697	38760	64	*	Scaffold4	1381288	1381351	64	*
Scaffold1715	38706	38785	80	*	Scaffold44	997951	998030	80	*
Scaffold17164	7820	7888	69	*	Scaffold346	358698	358766	69	*
Scaffold17164	15428	15480	53	*	Scaffold346	367722	367774	53	*
Scaffold17175	13347	13398	52	*	Scaffold1112	78110	78161	52	*
Scaffold17175	13354	13405	52	*	Scaffold1196	227427	227478	52	*
Scaffold17178	7244	7293	50	*	Scaffold3	1897473	1897522	50	*
Scaffold17185	38166	38226	61	*	Scaffold104	716180	716240	61	*
Scaffold17185	38162	38219	58	*	Scaffold14	956349	956406	58	*
Scaffold17185	38174	38230	57	*	Scaffold1409	67122	67178	57	*
Scaffold17185	38168	38222	55	*	Scaffold1440	169164	169218	55	*
Scaffold17185	38167	38230	64	*	Scaffold1610	94689	94752	64	*
Scaffold17185	38172	38222	51	*	Scaffold2166	46995	47045	51	*
Scaffold17185	38160	38228	69	*	Scaffold2396	87291	87359	69	*
Scaffold17185	38170	38229	60	*	Scaffold257	113339	113398	60	*
Scaffold17185	38159	38210	52	*	Scaffold29893	897	948	52	*
Scaffold17185	38170	38232	63	*	Scaffold322	388396	388458	63	*
Scaffold17185	38167	38226	60	*	Scaffold341	545399	545458	60	*
Scaffold17185	38168	38222	55	*	Scaffold414	26989	27043	55	*
Scaffold17185	38176	38227	52	*	Scaffold4689	3282	3333	52	*
Scaffold17185	38162	38229	68	*	Scaffold69	866577	866644	68	*
Scaffold17185	38177	38232	56	*	Scaffold7	1290294	1290349	56	*
Scaffold17185	38170	38232	63	*	Scaffold99	186261	186323	63	*
Scaffold171850	413	462	50	*	Scaffold40	361077	361126	50	*
Scaffold171851	2782	2833	52	*	Scaffold1529	22694	22745	52	*
Scaffold171882	96	149	54	*	Scaffold243	647540	647593	54	*
Scaffold171941	66	115	50	*	Scaffold564	414665	414714	50	*
Scaffold17203	30245	30299	55	*	Scaffold391	667333	667387	55	*
Scaffold17203	20395	20446	52	*	Scaffold391	674629	674680	52	*
Scaffold17209	20049	20104	56	*	Scaffold10	408281	408336	56	*
Scaffold1721	71664	71829	166	*	Scaffold360	111934	112099	166	*
Scaffold17212	2218	2288	71	*	Scaffold20	436133	436203	71	*
Scaffold172269	1	69	69	*	Scaffold1393	213925	213993	69	*
Scaffold172269	7	66	60	*	Scaffold196	177037	177096	60	*
Scaffold17229	23824	23873	50	*	Scaffold177	665832	665881	50	*
Scaffold17229	5237	5297	61	*	Scaffold177	686716	686776	61	*
Scaffold17229	11889	11942	54	*	Scaffold177	682002	682055	54	*
Scaffold17229	29257	29306	50	*	Scaffold177	663215	663264	50	*
Scaffold17229	29616	29669	54	*	Scaffold177	662859	662912	54	*
Scaffold17229	46943	46993	51	*	Scaffold177	648872	648922	51	*
Scaffold17229	40128	40190	63	*	Scaffold177	655083	655145	63	*
Scaffold172309	267	317	51	*	Scaffold1625	169534	169584	51	*
Scaffold172309	267	317	51	*	Scaffold974	78663	78713	51	*
Scaffold172309	267	317	51	*	Scaffold974	62332	62382	51	*
Scaffold17234	8207	8257	51	*	Scaffold1527	43308	43358	51	*
Scaffold17247	9332	9381	50	*	Scaffold2102	76505	76554	50	*
Scaffold17247	9417	9484	68	*	Scaffold584	102356	102423	68	*
Scaffold1725	29131	29180	50	*	Scaffold974	125947	125996	50	*
Scaffold172598	22	93	72	*	Scaffold759	98299	98370	72	*
Scaffold17269	50616	50669	54	*	Scaffold563	275077	275130	54	*
Scaffold1727	94467	94520	54	*	Scaffold1060	229261	229314	54	*
Scaffold1727	96851	96908	58	*	Scaffold1060	227185	227242	58	*
Scaffold1727	135137	135247	111	*	Scaffold1060	190783	190893	111	*
Scaffold1727	46768	46826	59	*	Scaffold1060	279026	279084	59	*
Scaffold1727	73146	73220	75	*	Scaffold1060	248704	248778	75	*
Scaffold1727	98028	98085	58	*	Scaffold1060	227185	227242	58	*
Scaffold1727	95393	95446	54	*	Scaffold1060	229261	229314	54	*
Scaffold1727	69047	69116	70	*	Scaffold1060	254693	254762	70	*
Scaffold1727	56543	56609	67	*	Scaffold1060	268891	268957	67	*
Scaffold1727	119292	119357	66	*	Scaffold1060	202371	202436	66	*
Scaffold1727	50465	50514	50	*	Scaffold1060	275482	275531	50	*
Scaffold1727	13756	13834	79	*	Scaffold1060	300384	300462	79	*
Scaffold1727	164453	164544	92	*	Scaffold1060	165152	165243	92	*
Scaffold1727	60606	60661	56	*	Scaffold1060	264291	264346	56	*
Scaffold1727	56543	56609	67	*	Scaffold1060	266788	266854	67	*
Scaffold1727	169531	169656	126	*	Scaffold1060	159185	159310	126	*
Scaffold1727	69047	69102	56	*	Scaffold9952	1	56	56	*
Scaffold17273	18092	18145	54	*	Scaffold1396	368219	368272	54	*
Scaffold17273	3919	3971	53	*	Scaffold1396	380888	380940	53	*
Scaffold17273	23768	23824	57	*	Scaffold1396	366421	366477	57	*
Scaffold17273	3919	3971	53	*	Scaffold156	742685	742737	53	*
Scaffold172743	25	82	58	*	Scaffold198	95755	95812	58	*
Scaffold1728	25945	26002	58	*	Scaffold1325	68042	68099	58	*
Scaffold1728	23437	23495	59	*	Scaffold1325	64034	64092	59	*
Scaffold1728	19220	19280	61	*	Scaffold1325	58102	58162	61	*
Scaffold1728	6189	6245	57	*	Scaffold1325	52970	53026	57	*
Scaffold1728	19326	19379	54	*	Scaffold1325	58208	58261	54	*
Scaffold1728	39921	39977	57	*	Scaffold320	419691	419747	57	*
Scaffold1728	39896	39975	80	*	Scaffold386	664197	664276	80	*
Scaffold1728	39918	39977	60	*	Scaffold73	521269	521328	60	*
Scaffold17282	12180	12232	53	*	Scaffold338	590084	590136	53	*
Scaffold1729	37709	37768	60	*	Scaffold1573	87944	88003	60	*
Scaffold1729	44541	44599	59	*	Scaffold1573	91772	91830	59	*
Scaffold1729	863	924	62	*	Scaffold3697	2122	2183	62	*
Scaffold17291	32324	32377	54	*	Scaffold68	553199	553252	54	*
Scaffold172921	746	830	85	*	Scaffold5191	8471	8555	85	*
Scaffold17294	10712	10769	58	*	Scaffold1321	5228	5285	58	*
Scaffold17298	24636	24686	51	*	Scaffold1641	165253	165303	51	*
Scaffold17298	24636	24686	51	*	Scaffold1641	170531	170581	51	*
Scaffold173	161074	161159	86	*	Scaffold1545	157001	157086	86	*
Scaffold173	135159	135212	54	*	Scaffold1545	168529	168582	54	*
Scaffold1730	7115	7168	54	*	Scaffold63	410180	410233	54	*
Scaffold17303	1645	1698	54	*	Scaffold313	99306	99359	54	*
Scaffold17303	1632	1685	54	*	Scaffold562	301429	301482	54	*
Scaffold1731	93697	93767	71	*	Scaffold8028	2356	2426	71	*
Scaffold17313	1	67	67	*	Scaffold912	284002	284068	67	*
Scaffold17324	32786	32839	54	*	Scaffold1250	151731	151784	54	*
Scaffold17324	32828	32895	68	*	Scaffold30995	676	743	68	*
Scaffold17324	2502	2555	54	*	Scaffold374	159042	159095	54	*
Scaffold17324	9031	9080	50	*	Scaffold374	165518	165567	50	*
Scaffold17324	8340	8392	53	*	Scaffold374	164772	164824	53	*
Scaffold17324	8255	8304	50	*	Scaffold374	164691	164740	50	*
Scaffold17324	425	516	92	*	Scaffold374	156901	156992	92	*
Scaffold17324	68406	68466	61	*	Scaffold374	227283	227343	61	*
Scaffold17328	23986	24050	65	*	Scaffold1842	57821	57885	65	*
Scaffold17328	21434	21488	55	*	Scaffold2489	24937	24991	55	*
Scaffold17328	19969	20018	50	*	Scaffold796	150121	150170	50	*
Scaffold1733	350	407	58	*	Scaffold248	201148	201205	58	*
Scaffold17334	2343	2405	63	*	Scaffold23302	557	619	63	*
Scaffold17334	2352	2431	80	*	Scaffold470	293456	293535	80	*
Scaffold17335	5627	5680	54	*	Scaffold3444	39946	39999	54	*
Scaffold173426	169	239	71	*	Scaffold1763	123756	123826	71	*
Scaffold173432	188	237	50	*	Scaffold344	472599	472648	50	*
Scaffold17357	9518	9574	57	*	Scaffold3327	61073	61129	57	*
Scaffold17368	5163	5257	95	*	Scaffold325	341513	341607	95	*
Scaffold17368	5150	5211	62	*	Scaffold63	331900	331961	62	*
Scaffold17368	3357	3412	56	*	Scaffold698	76924	76979	56	*
Scaffold1737	58143	58213	71	*	Scaffold720	185471	185541	71	*
Scaffold1737	77562	77651	90	*	Scaffold720	166523	166612	90	*
Scaffold1737	44086	44147	62	*	Scaffold720	194618	194679	62	*
Scaffold1737	74545	74611	67	*	Scaffold720	169640	169706	67	*
Scaffold1737	119489	119542	54	*	Scaffold720	126450	126503	54	*
Scaffold1737	75458	75511	54	*	Scaffold720	168697	168750	54	*
Scaffold1737	23428	23509	82	*	Scaffold720	212527	212608	82	*
Scaffold1737	9206	9257	52	*	Scaffold720	228146	228197	52	*
Scaffold1737	19661	19721	61	*	Scaffold720	217119	217179	61	*
Scaffold1737	74680	74742	63	*	Scaffold720	169501	169563	63	*
Scaffold1737	57625	57681	57	*	Scaffold720	186011	186067	57	*
Scaffold1738	48597	48655	59	*	Scaffold1395	21545	21603	59	*
Scaffold1738	29189	29243	55	*	Scaffold1395	43506	43560	55	*
Scaffold1738	84553	84604	52	*	Scaffold243	407481	407532	52	*
Scaffold1738	107841	107891	51	*	Scaffold243	425432	425482	51	*
Scaffold1738	96154	96205	52	*	Scaffold243	407481	407532	52	*
Scaffold17383	1623	1681	59	*	Scaffold894	85590	85648	59	*
Scaffold173958	2	67	66	*	Scaffold113	356461	356526	66	*
Scaffold174	128645	128703	59	*	Scaffold156	299737	299795	59	*
Scaffold174	197127	197182	56	*	Scaffold156	245097	245152	56	*
Scaffold174	306194	306259	66	*	Scaffold156	136520	136585	66	*
Scaffold174	219250	219320	71	*	Scaffold156	220970	221040	71	*
Scaffold174	356460	356512	53	*	Scaffold156	88340	88392	53	*
Scaffold174	201579	201629	51	*	Scaffold156	241309	241359	51	*
Scaffold174	302731	302821	91	*	Scaffold156	139953	140043	91	*
Scaffold174	320193	320248	56	*	Scaffold156	124903	124958	56	*
Scaffold174	221848	221903	56	*	Scaffold156	219075	219130	56	*
Scaffold174	306125	306192	68	*	Scaffold156	136587	136654	68	*
Scaffold174	318410	318465	56	*	Scaffold156	126753	126808	56	*
Scaffold174	216030	216087	58	*	Scaffold156	224820	224877	58	*
Scaffold174	194076	194138	63	*	Scaffold156	247911	247973	63	*
Scaffold174	321759	321828	70	*	Scaffold156	121596	121665	70	*
Scaffold174	287899	287957	59	*	Scaffold156	155514	155572	59	*
Scaffold174	189149	189202	54	*	Scaffold156	252425	252478	54	*
Scaffold174	214128	214189	62	*	Scaffold156	229125	229186	62	*
Scaffold174	315224	315276	53	*	Scaffold156	129891	129943	53	*
Scaffold174	182622	182681	60	*	Scaffold156	257474	257533	60	*
Scaffold174	336024	336088	65	*	Scaffold156	107588	107652	65	*
Scaffold174	227255	227306	52	*	Scaffold156	214664	214715	52	*
Scaffold174	278239	278293	55	*	Scaffold156	165470	165524	55	*
Scaffold174	182422	182504	83	*	Scaffold156	257661	257743	83	*
Scaffold174	93847	93909	63	*	Scaffold156	326783	326845	63	*
Scaffold174	308130	308206	77	*	Scaffold156	134359	134435	77	*
Scaffold174	194140	194193	54	*	Scaffold156	247856	247909	54	*
Scaffold174	272110	272179	70	*	Scaffold156	171706	171775	70	*
Scaffold174	330533	330584	52	*	Scaffold156	112730	112781	52	*
Scaffold174	318591	318646	56	*	Scaffold156	126572	126627	56	*
Scaffold174	319673	319754	82	*	Scaffold156	125409	125490	82	*
Scaffold174	94740	94789	50	*	Scaffold156	325907	325956	50	*
Scaffold174	202733	202782	50	*	Scaffold156	240065	240114	50	*
Scaffold174	325728	325791	64	*	Scaffold156	117620	117683	64	*
Scaffold174	272053	272108	56	*	Scaffold156	171777	171832	56	*
Scaffold174	152823	152910	88	*	Scaffold156	278545	278632	88	*
Scaffold174	333246	333295	50	*	Scaffold156	109790	109839	50	*
Scaffold174	356142	356192	51	*	Scaffold156	88673	88723	51	*
Scaffold174	79233	79309	77	*	Scaffold156	339228	339304	77	*
Scaffold174	309240	309298	59	*	Scaffold156	133040	133098	59	*
Scaffold174	94224	94278	55	*	Scaffold156	326413	326467	55	*
Scaffold174	94950	94999	50	*	Scaffold156	325699	325748	50	*
Scaffold174	356549	356602	54	*	Scaffold156	88252	88305	54	*
Scaffold174	219627	219685	59	*	Scaffold156	220611	220669	59	*
Scaffold174	193991	194040	50	*	Scaffold156	248010	248059	50	*
Scaffold174	227192	227253	62	*	Scaffold156	214717	214778	62	*
Scaffold174	191275	191364	90	*	Scaffold156	250456	250545	90	*
Scaffold174	277600	277687	88	*	Scaffold156	166080	166167	88	*
Scaffold174	219690	219749	60	*	Scaffold156	220547	220606	60	*
Scaffold174	219839	219888	50	*	Scaffold156	220408	220457	50	*
Scaffold174	239822	239890	69	*	Scaffold156	205346	205414	69	*
Scaffold174	295724	295775	52	*	Scaffold793	327908	327959	52	*
Scaffold174	199326	199405	80	*	Scaffold894	85305	85384	80	*
Scaffold174054	26	84	59	*	Scaffold61	238859	238917	59	*
Scaffold17408	25215	25321	107	*	Scaffold198	603569	603675	107	*
Scaffold1741	118064	118146	83	*	Scaffold1	1608682	1608764	83	*
Scaffold1741	118170	118232	63	*	Scaffold1	1608788	1608850	63	*
Scaffold1741	118175	118253	79	*	Scaffold5191	8348	8426	79	*
Scaffold1741	118091	118156	66	*	Scaffold5191	8445	8510	66	*
Scaffold1741	91151	91213	63	*	Scaffold558	389781	389843	63	*
Scaffold1741	100228	100278	51	*	Scaffold645	372731	372781	51	*
Scaffold1741	55652	55713	62	*	Scaffold694	93368	93429	62	*
Scaffold1741	77659	77719	61	*	Scaffold694	111328	111388	61	*
Scaffold1741	58064	58117	54	*	Scaffold694	94848	94901	54	*
Scaffold17410	26934	27005	72	*	Scaffold2637	190432	190503	72	*
Scaffold17410	23983	24046	64	*	Scaffold2637	187534	187597	64	*
Scaffold17410	25814	25889	76	*	Scaffold2637	189407	189482	76	*
Scaffold17410	27136	27197	62	*	Scaffold2637	190633	190694	62	*
Scaffold17410	46685	46750	66	*	Scaffold2637	206648	206713	66	*
Scaffold17410	38666	38715	50	*	Scaffold2637	201603	201652	50	*
Scaffold17410	27015	27088	74	*	Scaffold2637	190512	190585	74	*
Scaffold17410	27312	27362	51	*	Scaffold2637	190809	190859	51	*
Scaffold1742	61403	61468	66	*	Scaffold5718	324	389	66	*
Scaffold17431	16859	16926	68	*	Scaffold154	270933	271000	68	*
Scaffold17434	8559	8612	54	*	Scaffold1434	110259	110312	54	*
Scaffold174370	540	603	64	*	Scaffold417	121035	121098	64	*
Scaffold174377	261	319	59	*	Scaffold202	782222	782280	59	*
Scaffold174406	195	256	62	*	Scaffold1128	156110	156171	62	*
Scaffold174406	195	255	61	*	Scaffold27737	48	108	61	*
Scaffold17447	560	658	99	*	Scaffold389	405965	406063	99	*
Scaffold1745	63416	63468	53	*	Scaffold372	139222	139274	53	*
Scaffold1745	61219	61276	58	*	Scaffold4	876873	876930	58	*
Scaffold1745	63398	63456	59	*	Scaffold4	876480	876538	59	*
Scaffold174526	178	270	93	*	Scaffold1763	123823	123915	93	*
Scaffold174547	88	148	61	*	Scaffold198	603596	603656	61	*
Scaffold1746	84397	84452	56	*	Scaffold345	810374	810429	56	*
Scaffold1746	84629	84683	55	*	Scaffold736	166208	166262	55	*
Scaffold17478	17978	18032	55	*	Scaffold1487	141363	141417	55	*
Scaffold17478	17978	18032	55	*	Scaffold3324	1154	1208	55	*
Scaffold174804	79	137	59	*	Scaffold198	603634	603692	59	*
Scaffold174804	142	226	85	*	Scaffold198	603698	603782	85	*
Scaffold17481	38245	38337	93	*	Scaffold2280	3296	3388	93	*
Scaffold17482	1	93	93	*	Scaffold154	762989	763081	93	*
Scaffold175	107113	107163	51	*	Scaffold3816	39644	39694	51	*
Scaffold17500	8678	8733	56	*	Scaffold160	390376	390431	56	*
Scaffold17500	8678	8733	56	*	Scaffold4616	3108	3163	56	*
Scaffold17503	10902	10966	65	*	Scaffold1379	240203	240267	65	*
Scaffold17505	4724	4786	63	*	Scaffold113	356517	356579	63	*
Scaffold17505	4788	4874	87	*	Scaffold113	356581	356667	87	*
Scaffold1751	110940	110995	56	*	Scaffold2637	115557	115612	56	*
Scaffold1751	29446	29500	55	*	Scaffold51	184495	184549	55	*
Scaffold1751	141889	141983	95	*	Scaffold658	362513	362607	95	*
Scaffold1751	144874	144964	91	*	Scaffold658	358955	359045	91	*
Scaffold1751	54604	54704	101	*	Scaffold658	429723	429823	101	*
Scaffold1751	123431	123483	53	*	Scaffold658	374335	374387	53	*
Scaffold1751	3312	3362	51	*	Scaffold658	479410	479460	51	*
Scaffold1751	90833	90897	65	*	Scaffold658	403765	403829	65	*
Scaffold1751	2520	2579	60	*	Scaffold658	479772	479831	60	*
Scaffold1751	2929	2988	60	*	Scaffold658	479772	479831	60	*
Scaffold1751	107559	107635	77	*	Scaffold658	388183	388259	77	*
Scaffold1751	33814	33907	94	*	Scaffold658	447747	447840	94	*
Scaffold1751	152018	152070	53	*	Scaffold658	353062	353114	53	*
Scaffold1751	3049	3100	52	*	Scaffold658	479664	479715	52	*
Scaffold1751	119382	119461	80	*	Scaffold658	379645	379724	80	*
Scaffold1751	129990	130060	71	*	Scaffold658	369149	369219	71	*
Scaffold1751	108393	108447	55	*	Scaffold658	387471	387525	55	*
Scaffold1751	70955	71036	82	*	Scaffold658	420851	420932	82	*
Scaffold1751	120896	120961	66	*	Scaffold658	378029	378094	66	*
Scaffold1751	161820	161886	67	*	Scaffold658	344103	344169	67	*
Scaffold1751	86643	86706	64	*	Scaffold658	407482	407545	64	*
Scaffold1751	138805	138874	70	*	Scaffold658	364611	364680	70	*
Scaffold1751	55234	55294	61	*	Scaffold658	429121	429181	61	*
Scaffold1751	143397	143463	67	*	Scaffold658	360978	361044	67	*
Scaffold1751	2640	2691	52	*	Scaffold658	479664	479715	52	*
Scaffold1751	95873	95962	90	*	Scaffold658	399246	399335	90	*
Scaffold1751	142118	142250	133	*	Scaffold658	362245	362377	133	*
Scaffold1751	138902	138963	62	*	Scaffold658	364522	364583	62	*
Scaffold1751	163687	163758	72	*	Scaffold658	341994	342065	72	*
Scaffold1751	136843	136903	61	*	Scaffold658	366904	366964	61	*
Scaffold1751	86728	86807	80	*	Scaffold658	407381	407460	80	*
Scaffold1751	73408	73512	105	*	Scaffold658	418012	418116	105	*
Scaffold1751	141985	142041	57	*	Scaffold658	362456	362512	57	*
Scaffold1751	29548	29611	64	*	Scaffold86	204344	204407	64	*
Scaffold17512	18155	18205	51	*	Scaffold753	278107	278157	51	*
Scaffold17515	33165	33219	55	*	Scaffold113	356578	356632	55	*
Scaffold17523	12191	12248	58	*	Scaffold470	293456	293513	58	*
Scaffold17523	12272	12339	68	*	Scaffold470	293537	293604	68	*
Scaffold175274	49	101	53	*	Scaffold320	90030	90082	53	*
Scaffold175292	199	260	62	*	Scaffold51	58624	58685	62	*
Scaffold175313	72	145	74	*	Scaffold636	164889	164962	74	*
Scaffold175548	15	76	62	*	Scaffold106	615197	615258	62	*
Scaffold175548	20	77	58	*	Scaffold1061	232974	233031	58	*
Scaffold175548	17	72	56	*	Scaffold1150	2481	2536	56	*
Scaffold175548	15	71	57	*	Scaffold1790	116459	116515	57	*
Scaffold175548	22	76	55	*	Scaffold186	225735	225789	55	*
Scaffold175548	20	76	57	*	Scaffold2311	38257	38313	57	*
Scaffold175548	14	68	55	*	Scaffold44	997946	998000	55	*
Scaffold175548	17	73	57	*	Scaffold940	265211	265267	57	*
Scaffold17558	1002	1077	76	*	Scaffold238	502936	503011	76	*
Scaffold17570	1694	1746	53	*	Scaffold637	321769	321821	53	*
Scaffold17578	3787	3845	59	*	Scaffold124	89569	89627	59	*
Scaffold17578	3792	3845	54	*	Scaffold1303	20255	20308	54	*
Scaffold17587	26173	26223	51	*	Scaffold344	88418	88468	51	*
Scaffold17587	26189	26241	53	*	Scaffold70	1328788	1328840	53	*
Scaffold17587	26172	26242	71	*	Scaffold95	874612	874682	71	*
Scaffold1761	149103	149154	52	*	Scaffold1984	79533	79584	52	*
Scaffold17628	624	685	62	*	Scaffold1763	124156	124217	62	*
Scaffold17628	1892	1942	51	*	Scaffold1763	123829	123879	51	*
Scaffold17628	575	649	75	*	Scaffold788	279719	279793	75	*
Scaffold17628	688	751	64	*	Scaffold788	279832	279895	64	*
Scaffold17633	18190	18261	72	*	Scaffold1288	119571	119642	72	*
Scaffold17636	14396	14446	51	*	Scaffold134	343374	343424	51	*
Scaffold17652	16530	16582	53	*	Scaffold54	1300287	1300339	53	*
Scaffold176693	219	277	59	*	Scaffold25	307404	307462	59	*
Scaffold17675	15362	15416	55	*	Scaffold110	674957	675011	55	*
Scaffold17676	16416	16467	52	*	Scaffold1366	94053	94104	52	*
Scaffold17676	24145	24196	52	*	Scaffold305	480069	480120	52	*
Scaffold17676	10182	10242	61	*	Scaffold305	465202	465262	61	*
Scaffold1768	29530	29591	62	*	Scaffold507	159423	159484	62	*
Scaffold1768	41150	41199	50	*	Scaffold507	168481	168530	50	*
Scaffold176846	129	182	54	*	Scaffold18	332154	332207	54	*
Scaffold17690	112	161	50	*	Scaffold86	740951	741000	50	*
Scaffold177	41129	41179	51	*	Scaffold344	775754	775804	51	*
Scaffold177	57202	57266	65	*	Scaffold344	761739	761803	65	*
Scaffold177	57136	57190	55	*	Scaffold344	761815	761869	55	*
Scaffold177	47816	47875	60	*	Scaffold344	767281	767340	60	*
Scaffold177	28340	28389	50	*	Scaffold344	786623	786672	50	*
Scaffold177108	192	249	58	*	Scaffold1223	64287	64344	58	*
Scaffold177183	656	728	73	*	Scaffold1831	1396	1468	73	*
Scaffold177183	374	453	80	*	Scaffold1831	35520	35599	80	*
Scaffold177183	729	891	163	*	Scaffold1831	1232	1394	163	*
Scaffold177183	101	155	55	*	Scaffold1831	35850	35904	55	*
Scaffold177183	6	99	94	*	Scaffold1831	35906	35999	94	*
Scaffold177183	184	250	67	*	Scaffold1831	35747	35813	67	*
Scaffold177183	455	524	70	*	Scaffold1831	35449	35518	70	*
Scaffold177183	290	368	79	*	Scaffold1831	35626	35704	79	*
Scaffold177202	108	158	51	*	Scaffold1472	23537	23587	51	*
Scaffold17723	4	71	68	*	Scaffold16	669243	669310	68	*
Scaffold17732	19971	20035	65	*	Scaffold389	376822	376886	65	*
Scaffold17732	19957	20037	81	*	Scaffold470	293563	293643	81	*
Scaffold17732	19963	20020	58	*	Scaffold551	299706	299763	58	*
Scaffold17733	6138	6188	51	*	Scaffold27542	158	208	51	*
Scaffold17738	1195	1251	57	*	Scaffold1165	81312	81368	57	*
Scaffold17738	1187	1247	61	*	Scaffold1289	427137	427197	61	*
Scaffold17738	1178	1242	65	*	Scaffold156	228801	228865	65	*
Scaffold17738	1164	1247	84	*	Scaffold1707	64580	64663	84	*
Scaffold17738	1188	1251	64	*	Scaffold2372	59305	59368	64	*
Scaffold17738	1184	1254	71	*	Scaffold2614	35591	35661	71	*
Scaffold17738	1183	1254	72	*	Scaffold405	497773	497844	72	*
Scaffold17738	1188	1254	67	*	Scaffold485	103747	103813	67	*
Scaffold17738	1201	1257	57	*	Scaffold5186	17278	17334	57	*
Scaffold17738	1187	1248	62	*	Scaffold548	132424	132485	62	*
Scaffold17738	1183	1241	59	*	Scaffold55	162973	163031	59	*
Scaffold17738	1181	1253	73	*	Scaffold571	262704	262776	73	*
Scaffold17738	1184	1253	70	*	Scaffold636	543049	543118	70	*
Scaffold17738	1201	1257	57	*	Scaffold65	958747	958803	57	*
Scaffold17738	1183	1249	67	*	Scaffold651	564679	564745	67	*
Scaffold17738	1178	1251	74	*	Scaffold715	3903	3976	74	*
Scaffold17738	1194	1249	56	*	Scaffold86	1109615	1109670	56	*
Scaffold17738	1193	1248	56	*	Scaffold896	248020	248075	56	*
Scaffold1774	52658	52723	66	*	Scaffold1066	146003	146068	66	*
Scaffold1774	52663	52742	80	*	Scaffold16356	446	525	80	*
Scaffold1774	52658	52755	98	*	Scaffold2123	42619	42716	98	*
Scaffold1774	90168	90221	54	*	Scaffold231	477695	477748	54	*
Scaffold1774	52675	52756	82	*	Scaffold279	631745	631826	82	*
Scaffold1774	52658	52718	61	*	Scaffold306	201499	201559	61	*
Scaffold1774	52689	52753	65	*	Scaffold44	1078831	1078895	65	*
Scaffold1774	52697	52756	60	*	Scaffold487	431089	431148	60	*
Scaffold1774	52685	52734	50	*	Scaffold735	85162	85211	50	*
Scaffold1774	52696	52747	52	*	Scaffold7676	3552	3603	52	*
Scaffold1774	52663	52742	80	*	Scaffold7974	3188	3267	80	*
Scaffold1775	204203	204252	50	*	Scaffold130	582572	582621	50	*
Scaffold1775	198017	198078	62	*	Scaffold498	452441	452502	62	*
Scaffold17753	5361	5412	52	*	Scaffold253	153885	153936	52	*
Scaffold17753	19009	19061	53	*	Scaffold67	600750	600802	53	*
Scaffold17753	19012	19066	55	*	Scaffold747	236568	236622	55	*
Scaffold177544	49	106	58	*	Scaffold1321	4848	4905	58	*
Scaffold17761	17331	17380	50	*	Scaffold712	217209	217258	50	*
Scaffold17761	4368	4438	71	*	Scaffold712	204761	204831	71	*
Scaffold17761	12059	12135	77	*	Scaffold712	212838	212914	77	*
Scaffold17762	12293	12346	54	*	Scaffold910	14989	15042	54	*
Scaffold177669	287	354	68	*	Scaffold86	197826	197893	68	*
Scaffold1777	13944	14001	58	*	Scaffold120	615948	616005	58	*
Scaffold1777	13260	13342	83	*	Scaffold1527	43566	43648	83	*
Scaffold1777	108890	108946	57	*	Scaffold529	58799	58855	57	*
Scaffold177882	1	99	99	*	Scaffold79	468701	468799	99	*
Scaffold177933	359	409	51	*	Scaffold141	93498	93548	51	*
Scaffold17799	16512	16562	51	*	Scaffold4	553475	553525	51	*
Scaffold178	21657	21715	59	*	Scaffold126	31010	31068	59	*
Scaffold178	137526	137628	103	*	Scaffold187	179104	179206	103	*
Scaffold178	44745	44824	80	*	Scaffold3112	32306	32385	80	*
Scaffold178	21665	21722	58	*	Scaffold328	190656	190713	58	*
Scaffold178	21657	21713	57	*	Scaffold474	5126	5182	57	*
Scaffold178	249505	249559	55	*	Scaffold735	219186	219240	55	*
Scaffold1780	91870	91930	61	*	Scaffold154	599842	599902	61	*
Scaffold1780	68715	68764	50	*	Scaffold154	620607	620656	50	*
Scaffold1780	68258	68313	56	*	Scaffold154	621062	621117	56	*
Scaffold1780	78480	78534	55	*	Scaffold154	610580	610634	55	*
Scaffold1780	76413	76465	53	*	Scaffold154	613189	613241	53	*
Scaffold1780	83760	83812	53	*	Scaffold154	602049	602101	53	*
Scaffold1780	75865	75916	52	*	Scaffold154	613760	613811	52	*
Scaffold1780	68526	68575	50	*	Scaffold154	620798	620847	50	*
Scaffold1780	101614	101675	62	*	Scaffold154	591012	591073	62	*
Scaffold1780	76311	76402	92	*	Scaffold154	613252	613343	92	*
Scaffold1780	61295	61354	60	*	Scaffold154	625451	625510	60	*
Scaffold1780	58071	58130	60	*	Scaffold154	629164	629223	60	*
Scaffold1780	63633	63683	51	*	Scaffold154	622862	622912	51	*
Scaffold17807	34137	34192	56	*	Scaffold503	332702	332757	56	*
Scaffold178271	60	112	53	*	Scaffold1918	167470	167522	53	*
Scaffold178271	63	112	50	*	Scaffold2149	137740	137789	50	*
Scaffold178271	61	127	67	*	Scaffold220	494074	494140	67	*
Scaffold178271	61	114	54	*	Scaffold30	177506	177559	54	*
Scaffold178271	60	127	68	*	Scaffold333	632399	632466	68	*
Scaffold178271	61	113	53	*	Scaffold400	87952	88004	53	*
Scaffold178271	63	115	53	*	Scaffold51	295693	295745	53	*
Scaffold178271	63	122	60	*	Scaffold561	362474	362533	60	*
Scaffold178271	62	127	66	*	Scaffold62	1065417	1065482	66	*
Scaffold178271	62	123	62	*	Scaffold6378	1084	1145	62	*
Scaffold178271	67	125	59	*	Scaffold830	165732	165790	59	*
Scaffold178275	1	52	52	*	Scaffold248	201165	201216	52	*
Scaffold1783	112707	112775	69	*	Scaffold1581	16170	16238	69	*
Scaffold1783	138428	138510	83	*	Scaffold406	551259	551341	83	*
Scaffold1783	149316	149369	54	*	Scaffold406	561689	561742	54	*
Scaffold1783	134152	134210	59	*	Scaffold406	546759	546817	59	*
Scaffold1783	85186	85259	74	*	Scaffold406	505358	505431	74	*
Scaffold1783	112707	112775	69	*	Scaffold406	527162	527230	69	*
Scaffold1783	144191	144253	63	*	Scaffold406	556347	556409	63	*
Scaffold1783	160080	160137	58	*	Scaffold406	571789	571846	58	*
Scaffold1783	159866	159937	72	*	Scaffold406	571570	571641	72	*
Scaffold1783	163314	163394	81	*	Scaffold406	574613	574693	81	*
Scaffold1784	76578	76644	67	*	Scaffold1603	184796	184862	67	*
Scaffold178415	2699	2767	69	*	Scaffold1758	180599	180667	69	*
Scaffold178464	178	235	58	*	Scaffold1109	119057	119114	58	*
Scaffold1785	52204	52263	60	*	Scaffold1814	49214	49273	60	*
Scaffold1785	47745	47794	50	*	Scaffold8678	651	700	50	*
Scaffold1786	62249	62306	58	*	Scaffold2280	3493	3550	58	*
Scaffold17863	29	81	53	*	Scaffold1728	199008	199060	53	*
Scaffold17863	1	66	66	*	Scaffold386	664197	664262	66	*
Scaffold178640	38	91	54	*	Scaffold512	421891	421944	54	*
Scaffold178640	340	392	53	*	Scaffold512	422193	422245	53	*
Scaffold178640	203	311	109	*	Scaffold512	422056	422164	109	*
Scaffold178650	65	120	56	*	Scaffold139	123097	123152	56	*
Scaffold1789	58615	58668	54	*	Scaffold113	410215	410268	54	*
Scaffold1789	97118	97168	51	*	Scaffold113	384325	384375	51	*
Scaffold1789	95358	95409	52	*	Scaffold113	386144	386195	52	*
Scaffold1789	56223	56301	79	*	Scaffold113	412089	412167	79	*
Scaffold1789	94762	94847	86	*	Scaffold113	386715	386800	86	*
Scaffold1789	96933	97025	93	*	Scaffold113	384469	384561	93	*
Scaffold1789	95262	95347	86	*	Scaffold113	386206	386291	86	*
Scaffold1789	50133	50195	63	*	Scaffold113	418376	418438	63	*
Scaffold1789	32355	32408	54	*	Scaffold113	432441	432494	54	*
Scaffold1789	33026	33129	104	*	Scaffold113	431588	431691	104	*
Scaffold1789	97766	97818	53	*	Scaffold113	383626	383678	53	*
Scaffold1789	95065	95124	60	*	Scaffold113	386431	386490	60	*
Scaffold1789	58439	58553	115	*	Scaffold113	410330	410444	115	*
Scaffold17895	7212	7262	51	*	Scaffold477	136812	136862	51	*
Scaffold178984	590	676	87	*	Scaffold407	293350	293436	87	*
Scaffold179	108529	108580	52	*	Scaffold1311	65817	65868	52	*
Scaffold1790	3243	3320	78	*	Scaffold2754	36916	36993	78	*
Scaffold1790	3077	3145	69	*	Scaffold2754	36619	36687	69	*
Scaffold1790	3163	3224	62	*	Scaffold2754	36705	36766	62	*
Scaffold179001	219	283	65	*	Scaffold18	332710	332774	65	*
Scaffold179001	394	468	75	*	Scaffold3360	46814	46888	75	*
Scaffold179001	349	412	64	*	Scaffold547	62844	62907	64	*
Scaffold17908	19343	19397	55	*	Scaffold196	382543	382597	55	*
Scaffold179108	664	743	80	*	Scaffold374	510886	510965	80	*
Scaffold179110	30	89	60	*	Scaffold5191	8361	8420	60	*
Scaffold17917	8625	8704	80	*	Scaffold470	293456	293535	80	*
Scaffold17917	8706	8773	68	*	Scaffold470	293537	293604	68	*
Scaffold1792	31239	31303	65	*	Scaffold244	184484	184548	65	*
Scaffold17931	2714	2776	63	*	Scaffold2199	56230	56292	63	*
Scaffold179310	34	96	63	*	Scaffold296	625608	625670	63	*
Scaffold179354	1	67	67	*	Scaffold94	121518	121584	67	*
Scaffold1795	40909	41005	97	*	Scaffold894	85312	85408	97	*
Scaffold179557	2	55	54	*	Scaffold17	284594	284647	54	*
Scaffold17986	7110	7160	51	*	Scaffold1108	24709	24759	51	*
Scaffold17990	5518	5575	58	*	Scaffold832	17483	17540	58	*
Scaffold17997	11354	11426	73	*	Scaffold27251	815	887	73	*
Scaffold18	147789	147840	52	*	Scaffold39	1224511	1224562	52	*
Scaffold18	112703	112765	63	*	Scaffold69	574802	574864	63	*
Scaffold1800	8743	8796	54	*	Scaffold1266	72643	72696	54	*
Scaffold1800	81992	82076	85	*	Scaffold1985	150409	150493	85	*
Scaffold1800	51496	51553	58	*	Scaffold1985	125553	125610	58	*
Scaffold1800	25318	25379	62	*	Scaffold1985	107752	107813	62	*
Scaffold1800	74215	74267	53	*	Scaffold1985	141821	141873	53	*
Scaffold18010	1464	1517	54	*	Scaffold1926	59862	59915	54	*
Scaffold1804	73985	74035	51	*	Scaffold234	154434	154484	51	*
Scaffold1804	151329	151428	100	*	Scaffold234	211353	211452	100	*
Scaffold1804	76594	76649	56	*	Scaffold234	156480	156535	56	*
Scaffold1804	73926	73983	58	*	Scaffold234	154375	154432	58	*
Scaffold1804	46831	46914	84	*	Scaffold5724	3748	3831	84	*
Scaffold1804	34622	34687	66	*	Scaffold5724	10221	10286	66	*
Scaffold1804	34622	34687	66	*	Scaffold5724	13318	13383	66	*
Scaffold1804	47083	47144	62	*	Scaffold5724	3657	3718	62	*
Scaffold1806	35138	35210	73	*	Scaffold455	435304	435376	73	*
Scaffold1806	36695	36767	73	*	Scaffold455	435304	435376	73	*
Scaffold1806	29025	29083	59	*	Scaffold455	429258	429316	59	*
Scaffold18064	19028	19102	75	*	Scaffold288	504192	504266	75	*
Scaffold18065	27020	27082	63	*	Scaffold1081	150082	150144	63	*
Scaffold18065	25670	25736	67	*	Scaffold73	10653	10719	67	*
Scaffold18065	24954	25049	96	*	Scaffold73	10848	10943	96	*
Scaffold1807	56146	56198	53	*	Scaffold441	163166	163218	53	*
Scaffold1807	56146	56207	62	*	Scaffold661	77923	77984	62	*
Scaffold1807	54002	54082	81	*	Scaffold661	77418	77498	81	*
Scaffold180701	72	141	70	*	Scaffold859	11567	11636	70	*
Scaffold1808	1777	1826	50	*	Scaffold6356	15771	15820	50	*
Scaffold1808	1837	1919	83	*	Scaffold6356	15678	15760	83	*
Scaffold1808	1658	1728	71	*	Scaffold6356	15869	15939	71	*
Scaffold18085	1614	1669	56	*	Scaffold1564	106675	106730	56	*
Scaffold18085	1716	1789	74	*	Scaffold1763	123832	123905	74	*
Scaffold18085	19617	19680	64	*	Scaffold284	414334	414397	64	*
Scaffold18085	20000	20182	183	*	Scaffold558	394137	394319	183	*
Scaffold18085	1648	1701	54	*	Scaffold59	812973	813026	54	*
Scaffold18085	1625	1678	54	*	Scaffold628	93201	93254	54	*
Scaffold18085	1716	1797	82	*	Scaffold696	145766	145847	82	*
Scaffold18085	20019	20068	50	*	Scaffold780	26640	26689	50	*
Scaffold18085	20064	20125	62	*	Scaffold97	624212	624273	62	*
Scaffold181	33265	33314	50	*	Scaffold353	236364	236413	50	*
Scaffold181	31584	31633	50	*	Scaffold353	236364	236413	50	*
Scaffold181	22898	22948	51	*	Scaffold5989	2760	2810	51	*
Scaffold18103	5699	5749	51	*	Scaffold142	1017712	1017762	51	*
Scaffold18103	5699	5750	52	*	Scaffold142	1010479	1010530	52	*
Scaffold1811	54040	54095	56	*	Scaffold296	625685	625740	56	*
Scaffold1811	54214	54263	50	*	Scaffold615	124733	124782	50	*
Scaffold1811	54074	54143	70	*	Scaffold615	124994	125063	70	*
Scaffold18113	7723	7774	52	*	Scaffold556	318162	318213	52	*
Scaffold18113	7639	7693	55	*	Scaffold556	318072	318126	55	*
Scaffold18117	12667	12718	52	*	Scaffold617	17749	17800	52	*
Scaffold18119	1424	1476	53	*	Scaffold4	1362863	1362915	53	*
Scaffold1812	54367	54421	55	*	Scaffold2084	47903	47957	55	*
Scaffold1812	95653	95702	50	*	Scaffold2084	17513	17562	50	*
Scaffold1812	89374	89423	50	*	Scaffold2084	22534	22583	50	*
Scaffold1812	54159	54228	70	*	Scaffold2084	48079	48148	70	*
Scaffold181256	640	706	67	*	Scaffold1527	43368	43434	67	*
Scaffold18127	23467	23530	64	*	Scaffold107	589164	589227	64	*
Scaffold18127	22286	22349	64	*	Scaffold16	874001	874064	64	*
Scaffold18127	23469	23524	56	*	Scaffold16	872507	872562	56	*
Scaffold18127	22608	22665	58	*	Scaffold16	873693	873750	58	*
Scaffold18130	11057	11134	78	*	Scaffold113	356565	356642	78	*
Scaffold18130	10932	11008	77	*	Scaffold113	356439	356515	77	*
Scaffold18135	17298	17359	62	*	Scaffold1527	43307	43368	62	*
Scaffold18135	17495	17555	61	*	Scaffold1527	43504	43564	61	*
Scaffold18136	6413	6472	60	*	Scaffold5224	6988	7047	60	*
Scaffold1814	61181	61230	50	*	Scaffold592	142766	142815	50	*
Scaffold1814	107486	107556	71	*	Scaffold592	103671	103741	71	*
Scaffold1814	128521	128585	65	*	Scaffold592	89480	89544	65	*
Scaffold1814	95476	95527	52	*	Scaffold592	114167	114218	52	*
Scaffold1814	36596	36654	59	*	Scaffold592	165994	166052	59	*
Scaffold1814	51287	51338	52	*	Scaffold592	151617	151668	52	*
Scaffold1814	132683	132733	51	*	Scaffold592	84854	84904	51	*
Scaffold1814	104325	104384	60	*	Scaffold592	107210	107269	60	*
Scaffold1814	68632	68681	50	*	Scaffold592	136478	136527	50	*
Scaffold1814	45424	45492	69	*	Scaffold592	157489	157557	69	*
Scaffold1814	117832	117889	58	*	Scaffold592	95726	95783	58	*
Scaffold1814	101508	101559	52	*	Scaffold592	108888	108939	52	*
Scaffold1814	104501	104567	67	*	Scaffold592	107027	107093	67	*
Scaffold18141	10768	10871	104	*	Scaffold198	603679	603782	104	*
Scaffold18141	10912	10966	55	*	Scaffold198	603584	603638	55	*
Scaffold18141	10781	10830	50	*	Scaffold296	109606	109655	50	*
Scaffold1815	45442	45507	66	*	Scaffold38	641662	641727	66	*
Scaffold18154	37651	37702	52	*	Scaffold489	23854	23905	52	*
Scaffold18154	38453	38502	50	*	Scaffold489	23015	23064	50	*
Scaffold181730	143	193	51	*	Scaffold418	231616	231666	51	*
Scaffold1818	21490	21561	72	*	Scaffold1054	155051	155122	72	*
Scaffold1818	9382	9435	54	*	Scaffold1054	162929	162982	54	*
Scaffold1818	71571	71629	59	*	Scaffold3329	33108	33166	59	*
Scaffold18204	17998	18062	65	*	Scaffold1489	100408	100472	65	*
Scaffold18204	16942	17028	87	*	Scaffold1489	99520	99606	87	*
Scaffold182103	87	138	52	*	Scaffold688	11391	11442	52	*
Scaffold182293	576	631	56	*	Scaffold1540	142866	142921	56	*
Scaffold182293	573	628	56	*	Scaffold1809	107048	107103	56	*
Scaffold182293	573	628	56	*	Scaffold182	309895	309950	56	*
Scaffold182293	572	628	57	*	Scaffold820	192142	192198	57	*
Scaffold182307	35	91	57	*	Scaffold341	676396	676452	57	*
Scaffold18232	54582	54672	91	*	Scaffold322	141952	142042	91	*
Scaffold18232	53500	53590	91	*	Scaffold322	141952	142042	91	*
Scaffold18232	60014	60063	50	*	Scaffold322	137222	137271	50	*
Scaffold182328	76	189	114	*	Scaffold397	286031	286144	114	*
Scaffold182378	2633	2682	50	*	Scaffold407	320751	320800	50	*
Scaffold182378	8689	8741	53	*	Scaffold407	314114	314166	53	*
Scaffold1824	109891	109943	53	*	Scaffold120	130231	130283	53	*
Scaffold1824	91111	91202	92	*	Scaffold120	109930	110021	92	*
Scaffold18244	24848	24901	54	*	Scaffold1113	91062	91115	54	*
Scaffold18244	24849	24913	65	*	Scaffold123	753321	753385	65	*
Scaffold18244	24846	24945	100	*	Scaffold144	675558	675657	100	*
Scaffold18244	24844	24915	72	*	Scaffold1608	50405	50476	72	*
Scaffold18244	24895	24967	73	*	Scaffold1865	27847	27919	73	*
Scaffold18244	24851	24961	111	*	Scaffold1951	37656	37766	111	*
Scaffold18244	24872	24930	59	*	Scaffold2098	72671	72729	59	*
Scaffold18244	24864	24917	54	*	Scaffold218	493914	493967	54	*
Scaffold18244	24849	24948	100	*	Scaffold22540	339	438	100	*
Scaffold18244	24858	24915	58	*	Scaffold2587	50509	50566	58	*
Scaffold18244	24852	24963	112	*	Scaffold2622	12160	12271	112	*
Scaffold18244	24851	24961	111	*	Scaffold27401	405	515	111	*
Scaffold18244	24888	24953	66	*	Scaffold31678	495	560	66	*
Scaffold18244	24882	24953	72	*	Scaffold326	661616	661687	72	*
Scaffold18244	24904	24953	50	*	Scaffold345	810370	810419	50	*
Scaffold18244	24889	24943	55	*	Scaffold387	191314	191368	55	*
Scaffold18244	24853	24906	54	*	Scaffold42	521193	521246	54	*
Scaffold18244	24853	24936	84	*	Scaffold5151	360	443	84	*
Scaffold18244	24849	24912	64	*	Scaffold52	904595	904658	64	*
Scaffold18244	24866	24921	56	*	Scaffold536	282952	283007	56	*
Scaffold18244	24849	24921	73	*	Scaffold5468	285	357	73	*
Scaffold18244	24849	24924	76	*	Scaffold565	252195	252270	76	*
Scaffold18244	24849	24922	74	*	Scaffold64	304507	304580	74	*
Scaffold18244	24892	24957	66	*	Scaffold665	170656	170721	66	*
Scaffold18244	24886	24936	51	*	Scaffold670	419328	419378	51	*
Scaffold18244	24869	24943	75	*	Scaffold699	208162	208236	75	*
Scaffold18244	24851	24944	94	*	Scaffold702	197112	197205	94	*
Scaffold18244	24847	24961	115	*	Scaffold7342	978	1092	115	*
Scaffold18244	24851	24910	60	*	Scaffold817	46452	46511	60	*
Scaffold18244	24857	24951	95	*	Scaffold8514	5365	5459	95	*
Scaffold18244	24852	24952	101	*	Scaffold86	1115687	1115787	101	*
Scaffold18244	24921	24972	52	*	Scaffold890	252589	252640	52	*
Scaffold18244	24855	24927	73	*	Scaffold91	429009	429081	73	*
Scaffold18244	24849	24926	78	*	Scaffold97	293356	293433	78	*
Scaffold18244	24847	24919	73	*	Scaffold97	461052	461124	73	*
Scaffold18248	25081	25133	53	*	Scaffold5191	8560	8612	53	*
Scaffold1825	28649	28720	72	*	Scaffold16	221658	221729	72	*
Scaffold18253	33956	34009	54	*	Scaffold738	102614	102667	54	*
Scaffold18266	524	573	50	*	Scaffold69	694654	694703	50	*
Scaffold18267	21382	21447	66	*	Scaffold3107	99520	99585	66	*
Scaffold18268	9086	9222	137	*	Scaffold198	603684	603820	137	*
Scaffold18268	9224	9273	50	*	Scaffold198	603633	603682	50	*
Scaffold182767	42	124	83	*	Scaffold1527	43481	43563	83	*
Scaffold18278	24945	25030	86	*	Scaffold198	603707	603792	86	*
Scaffold1829	87210	87278	69	*	Scaffold658	197894	197962	69	*
Scaffold1829	39004	39064	61	*	Scaffold658	157981	158041	61	*
Scaffold1829	64337	64410	74	*	Scaffold658	179060	179133	74	*
Scaffold1829	77980	78030	51	*	Scaffold658	189060	189110	51	*
Scaffold1829	79445	79534	90	*	Scaffold658	190379	190468	90	*
Scaffold1829	96994	97051	58	*	Scaffold658	206749	206806	58	*
Scaffold1829	78192	78287	96	*	Scaffold658	189267	189362	96	*
Scaffold1829	86914	86980	67	*	Scaffold658	197602	197668	67	*
Scaffold1829	86982	87092	111	*	Scaffold658	197670	197780	111	*
Scaffold1829	41278	41330	53	*	Scaffold658	160113	160165	53	*
Scaffold1829	39197	39247	51	*	Scaffold658	158173	158223	51	*
Scaffold1829	10304	10363	60	*	Scaffold658	128035	128094	60	*
Scaffold1829	49455	49511	57	*	Scaffold658	167666	167722	57	*
Scaffold1829	96005	96079	75	*	Scaffold658	205680	205754	75	*
Scaffold1829	39329	39409	81	*	Scaffold658	158305	158385	81	*
Scaffold1829	89744	89798	55	*	Scaffold658	203659	203713	55	*
Scaffold1829	89744	89798	55	*	Scaffold658	200286	200340	55	*
Scaffold1829	42590	42641	52	*	Scaffold658	161775	161826	52	*
Scaffold183	88445	88495	51	*	Scaffold2845	51905	51955	51	*
Scaffold183	65616	65669	54	*	Scaffold388	134592	134645	54	*
Scaffold183	49095	49159	65	*	Scaffold388	143064	143128	65	*
Scaffold183	96036	96130	95	*	Scaffold5191	8416	8510	95	*
Scaffold1830	58060	58202	143	*	Scaffold198	603572	603714	143	*
Scaffold1830	130165	130218	54	*	Scaffold485	197401	197454	54	*
Scaffold1830	137226	137289	64	*	Scaffold485	193208	193271	64	*
Scaffold18305	15645	15720	76	*	Scaffold1640	111672	111747	76	*
Scaffold18305	6841	6905	65	*	Scaffold1640	121754	121818	65	*
Scaffold18305	29386	29463	78	*	Scaffold1640	10854	10931	78	*
Scaffold18305	6512	6596	85	*	Scaffold1640	122070	122154	85	*
Scaffold18305	2692	2742	51	*	Scaffold1640	125177	125227	51	*
Scaffold18305	6377	6431	55	*	Scaffold1640	122236	122290	55	*
Scaffold18305	31692	31750	59	*	Scaffold1640	13270	13328	59	*
Scaffold18305	15580	15643	64	*	Scaffold1640	111749	111812	64	*
Scaffold183127	1	53	53	*	Scaffold375	395129	395181	53	*
Scaffold183175	8	90	83	*	Scaffold517	346051	346133	83	*
Scaffold1832	17775	17829	55	*	Scaffold404	337689	337743	55	*
Scaffold1832	41439	41500	62	*	Scaffold404	322789	322850	62	*
Scaffold18337	24964	25027	64	*	Scaffold57	270970	271033	64	*
Scaffold1835	7563	7639	77	*	Scaffold174	129427	129503	77	*
Scaffold1836	17650	17699	50	*	Scaffold90	739777	739826	50	*
Scaffold183647	134	186	53	*	Scaffold107	589268	589320	53	*
Scaffold183672	169	257	89	*	Scaffold113	356457	356545	89	*
Scaffold183787	89	142	54	*	Scaffold3171	20014	20067	54	*
Scaffold1838	46356	46415	60	*	Scaffold1879	31723	31782	60	*
Scaffold1838	46350	46415	66	*	Scaffold41	747048	747113	66	*
Scaffold1838	38117	38207	91	*	Scaffold470	293445	293535	91	*
Scaffold1838	38359	38411	53	*	Scaffold470	293391	293443	53	*
Scaffold1838	38209	38261	53	*	Scaffold470	293391	293443	53	*
Scaffold1838	46332	46411	80	*	Scaffold688	11392	11471	80	*
Scaffold18382	12746	12818	73	*	Scaffold788	272599	272671	73	*
Scaffold18395	8700	8750	51	*	Scaffold470	293537	293587	51	*
Scaffold18395	8752	8817	66	*	Scaffold470	293470	293535	66	*
Scaffold18395	8646	8701	56	*	Scaffold557	293871	293926	56	*
Scaffold1840	109447	109498	52	*	Scaffold107	185613	185664	52	*
Scaffold1840	12073	12122	50	*	Scaffold3577	15681	15730	50	*
Scaffold184003	181	245	65	*	Scaffold339	242730	242794	65	*
Scaffold1841	38866	38921	56	*	Scaffold2	288437	288492	56	*
Scaffold18419	3220	3271	52	*	Scaffold2032	73284	73335	52	*
Scaffold184287	19	72	54	*	Scaffold1223	64391	64444	54	*
Scaffold18447	22059	22112	54	*	Scaffold58	581999	582052	54	*
Scaffold18448	461	510	50	*	Scaffold688	11454	11503	50	*
Scaffold1845	12915	12982	68	*	Scaffold436	390522	390589	68	*
Scaffold1846	55515	55573	59	*	Scaffold565	762843	762901	59	*
Scaffold184750	117	171	55	*	Scaffold303	75886	75940	55	*
Scaffold18484	13619	13676	58	*	Scaffold2104	28361	28418	58	*
Scaffold18484	13621	13676	56	*	Scaffold882	204530	204585	56	*
Scaffold18484	23371	23422	52	*	Scaffold886	352729	352780	52	*
Scaffold1849	39291	39340	50	*	Scaffold1527	43440	43489	50	*
Scaffold185	189159	189235	77	*	Scaffold630	273422	273498	77	*
Scaffold185	214916	214966	51	*	Scaffold630	256915	256965	51	*
Scaffold185	206871	206927	57	*	Scaffold630	259898	259954	57	*
Scaffold185	156668	156721	54	*	Scaffold630	298874	298927	54	*
Scaffold18501	3578	3648	71	*	Scaffold103	505035	505105	71	*
Scaffold18501	3522	3577	56	*	Scaffold103	505109	505164	56	*
Scaffold18513	9004	9054	51	*	Scaffold92	362920	362970	51	*
Scaffold1852	91431	91488	58	*	Scaffold179	593650	593707	58	*
Scaffold1852	89781	89847	67	*	Scaffold179	592596	592662	67	*
Scaffold1852	91751	91809	59	*	Scaffold179	593971	594029	59	*
Scaffold1852	149655	149735	81	*	Scaffold622	214358	214438	81	*
Scaffold1852	148827	148882	56	*	Scaffold622	213162	213217	56	*
Scaffold1852	155332	155383	52	*	Scaffold622	220556	220607	52	*
Scaffold18520	11615	11664	50	*	Scaffold225	610175	610224	50	*
Scaffold185234	4	56	53	*	Scaffold24	88124	88176	53	*
Scaffold185238	1	51	51	*	Scaffold2782	118939	118989	51	*
Scaffold1856	120164	120310	147	*	Scaffold5191	8332	8478	147	*
Scaffold1856	106960	107015	56	*	Scaffold562	177106	177161	56	*
Scaffold18561	8065	8128	64	*	Scaffold1910	113029	113092	64	*
Scaffold18561	7040	7090	51	*	Scaffold1910	111998	112048	51	*
Scaffold18579	25712	25773	62	*	Scaffold706	149508	149569	62	*
Scaffold18587	10003	10064	62	*	Scaffold402	422375	422436	62	*
Scaffold18588	5347	5412	66	*	Scaffold21	440338	440403	66	*
Scaffold1859	24794	24915	122	*	Scaffold5191	8334	8455	122	*
Scaffold186	85298	85353	56	*	Scaffold65	347104	347159	56	*
Scaffold186	104140	104195	56	*	Scaffold65	368409	368464	56	*
Scaffold186	89481	89545	65	*	Scaffold65	359682	359746	65	*
Scaffold18605	28523	28574	52	*	Scaffold1202	146032	146083	52	*
Scaffold186188	81	157	77	*	Scaffold1912	22218	22294	77	*
Scaffold186268	1	52	52	*	Scaffold1046	59943	59994	52	*
Scaffold1863	29736	29801	66	*	Scaffold173	273302	273367	66	*
Scaffold1863	27571	27635	65	*	Scaffold24679	10954	11018	65	*
Scaffold1863	4373	4424	52	*	Scaffold24679	32341	32392	52	*
Scaffold1863	4319	4370	52	*	Scaffold24679	32395	32446	52	*
Scaffold1863	22716	22781	66	*	Scaffold24679	15167	15232	66	*
Scaffold1863	29879	29938	60	*	Scaffold3316	10946	11005	60	*
Scaffold1863	23720	23794	75	*	Scaffold5191	8439	8513	75	*
Scaffold1863	23588	23675	88	*	Scaffold5191	8316	8403	88	*
Scaffold1863	29721	29800	80	*	Scaffold636	557893	557972	80	*
Scaffold1863	4319	4370	52	*	Scaffold67	365222	365273	52	*
Scaffold1863	22716	22781	66	*	Scaffold67	379155	379220	66	*
Scaffold1863	27571	27635	65	*	Scaffold67	383188	383252	65	*
Scaffold1863	4373	4424	52	*	Scaffold67	365276	365327	52	*
Scaffold1863	23588	23643	56	*	Scaffold946	520236	520291	56	*
Scaffold18639	14422	14489	68	*	Scaffold2084	121332	121399	68	*
Scaffold18639	14422	14489	68	*	Scaffold375	587568	587635	68	*
Scaffold18639	5299	5349	51	*	Scaffold375	597757	597807	51	*
Scaffold18639	5351	5407	57	*	Scaffold375	597699	597755	57	*
Scaffold186497	1202	1258	57	*	Scaffold103	583079	583135	57	*
Scaffold1865	18072	18138	67	*	Scaffold1029	299434	299500	67	*
Scaffold1865	15471	15529	59	*	Scaffold1029	296908	296966	59	*
Scaffold1865	5198	5266	69	*	Scaffold2280	3416	3484	69	*
Scaffold1865	4296	4351	56	*	Scaffold621	182332	182387	56	*
Scaffold1865	4256	4323	68	*	Scaffold99	682276	682343	68	*
Scaffold18658	23746	23798	53	*	Scaffold17654	1776	1828	53	*
Scaffold1866	51981	52039	59	*	Scaffold100	311344	311402	59	*
Scaffold1866	52046	52095	50	*	Scaffold439	215274	215323	50	*
Scaffold1866	1321	1374	54	*	Scaffold54	589961	590014	54	*
Scaffold1866	51929	51981	53	*	Scaffold565	279242	279294	53	*
Scaffold1866	1321	1374	54	*	Scaffold7	135955	136008	54	*
Scaffold1866	51989	52039	51	*	Scaffold862	374855	374905	51	*
Scaffold186631	81	165	85	*	Scaffold63	167733	167817	85	*
Scaffold18671	20313	20405	93	*	Scaffold1527	43408	43500	93	*
Scaffold1869	45882	45932	51	*	Scaffold1552	84427	84477	51	*
Scaffold1869	42832	42900	69	*	Scaffold1552	82180	82248	69	*
Scaffold1869	58602	58651	50	*	Scaffold1552	95700	95749	50	*
Scaffold1869	60493	60571	79	*	Scaffold1552	97627	97705	79	*
Scaffold1869	38628	38726	99	*	Scaffold1552	77753	77851	99	*
Scaffold1869	41003	41060	58	*	Scaffold1552	80291	80348	58	*
Scaffold1869	59233	59292	60	*	Scaffold1552	96346	96405	60	*
Scaffold1869	43404	43465	62	*	Scaffold1552	82766	82827	62	*
Scaffold1869	41003	41060	58	*	Scaffold1552	74780	74837	58	*
Scaffold1869	42832	42900	69	*	Scaffold177	570830	570898	69	*
Scaffold1869	111322	111376	55	*	Scaffold177	628625	628679	55	*
Scaffold1869	45882	45932	51	*	Scaffold177	573418	573468	51	*
Scaffold1869	123438	123514	77	*	Scaffold177	636410	636486	77	*
Scaffold1869	41003	41060	58	*	Scaffold177	568930	568987	58	*
Scaffold1869	60493	60571	79	*	Scaffold177	586055	586133	79	*
Scaffold1869	6563	6615	53	*	Scaffold177	542345	542397	53	*
Scaffold1869	58601	58651	51	*	Scaffold177	584128	584178	51	*
Scaffold1869	123356	123418	63	*	Scaffold177	636328	636390	63	*
Scaffold1869	43404	43465	62	*	Scaffold177	571435	571496	62	*
Scaffold1869	38631	38726	96	*	Scaffold177	566302	566397	96	*
Scaffold1869	12342	12414	73	*	Scaffold177	548461	548533	73	*
Scaffold1869	112560	112614	55	*	Scaffold177	628625	628679	55	*
Scaffold1869	59233	59292	60	*	Scaffold177	584779	584838	60	*
Scaffold1869	6423	6473	51	*	Scaffold177	542218	542268	51	*
Scaffold1869	7061	7111	51	*	Scaffold177	542833	542883	51	*
Scaffold1869	70111	70171	61	*	Scaffold177	593774	593834	61	*
Scaffold1869	37509	37601	93	*	Scaffold177	565224	565316	93	*
Scaffold1869	91138	91189	52	*	Scaffold177	610639	610690	52	*
Scaffold1869	9616	9672	57	*	Scaffold177	545327	545383	57	*
Scaffold1869	113375	113445	71	*	Scaffold177	629391	629461	71	*
Scaffold1869	83280	83341	62	*	Scaffold177	604224	604285	62	*
Scaffold18693	10312	10381	70	*	Scaffold386	570149	570218	70	*
Scaffold18693	9700	9749	50	*	Scaffold386	571162	571211	50	*
Scaffold18693	36959	37014	56	*	Scaffold386	544407	544462	56	*
Scaffold186933	2	101	100	*	Scaffold113	356536	356635	100	*
Scaffold186954	32	95	64	*	Scaffold31318	2387	2450	64	*
Scaffold187	140188	140250	63	*	Scaffold18	331971	332033	63	*
Scaffold187	62445	62523	79	*	Scaffold326	213626	213704	79	*
Scaffold187	109242	109314	73	*	Scaffold326	174350	174422	73	*
Scaffold187	71859	71912	54	*	Scaffold326	200834	200887	54	*
Scaffold187	68163	68213	51	*	Scaffold326	206996	207046	51	*
Scaffold187	40138	40203	66	*	Scaffold326	236967	237032	66	*
Scaffold187	140195	140251	57	*	Scaffold420	404784	404840	57	*
Scaffold187	140072	140123	52	*	Scaffold420	404423	404474	52	*
Scaffold187	140175	140234	60	*	Scaffold925	50260	50319	60	*
Scaffold18713	4940	4995	56	*	Scaffold110	964782	964837	56	*
Scaffold18713	4940	5054	115	*	Scaffold198	603706	603820	115	*
Scaffold18717	2237	2292	56	*	Scaffold124	703542	703597	56	*
Scaffold18717	2225	2280	56	*	Scaffold1374	56835	56890	56	*
Scaffold18717	2195	2251	57	*	Scaffold2740	16131	16187	57	*
Scaffold18717	2193	2249	57	*	Scaffold38	17	73	57	*
Scaffold18717	2223	2275	53	*	Scaffold51	556025	556077	53	*
Scaffold18717	2232	2294	63	*	Scaffold528	255449	255511	63	*
Scaffold18717	2194	2251	58	*	Scaffold6	397635	397692	58	*
Scaffold1872	39235	39287	53	*	Scaffold66	898260	898312	53	*
Scaffold1872	44713	44763	51	*	Scaffold66	901690	901740	51	*
Scaffold18724	5561	5612	52	*	Scaffold266	459813	459864	52	*
Scaffold18728	4130	4197	68	*	Scaffold441	419526	419593	68	*
Scaffold18728	3866	3961	96	*	Scaffold441	419262	419357	96	*
Scaffold187308	138	239	102	*	Scaffold2782	26407	26508	102	*
Scaffold187308	1	104	104	*	Scaffold2782	26546	26649	104	*
Scaffold18734	1773	1834	62	*	Scaffold194	856369	856430	62	*
Scaffold1874	19086	19141	56	*	Scaffold4139	1453	1508	56	*
Scaffold1874	19077	19143	67	*	Scaffold7900	8025	8091	67	*
Scaffold18740	12541	12591	51	*	Scaffold379	503446	503496	51	*
Scaffold187427	34	83	50	*	Scaffold80	684158	684207	50	*
Scaffold187427	104	171	68	*	Scaffold80	684070	684137	68	*
Scaffold1875	62933	62999	67	*	Scaffold210	402265	402331	67	*
Scaffold187536	2768	2819	52	*	Scaffold126	145502	145553	52	*
Scaffold18756	19895	19954	60	*	Scaffold1243	36135	36194	60	*
Scaffold18756	19888	19947	60	*	Scaffold143	905111	905170	60	*
Scaffold18756	19887	19944	58	*	Scaffold163	659367	659424	58	*
Scaffold18756	19885	19947	63	*	Scaffold23	495729	495791	63	*
Scaffold18756	19889	19951	63	*	Scaffold53	302137	302199	63	*
Scaffold18756	19887	19945	59	*	Scaffold774	357132	357190	59	*
Scaffold18756	19886	19948	63	*	Scaffold95	295143	295205	63	*
Scaffold18758	7547	7602	56	*	Scaffold1540	142864	142919	56	*
Scaffold18760	2149	2210	62	*	Scaffold578	233638	233699	62	*
Scaffold18766	6902	6988	87	*	Scaffold688	11390	11476	87	*
Scaffold187675	682	741	60	*	Scaffold114	39482	39541	60	*
Scaffold18777	2553	2636	84	*	Scaffold5	1006608	1006691	84	*
Scaffold18781	7565	7639	75	*	Scaffold767	1127	1201	75	*
Scaffold187870	2	88	87	*	Scaffold3086	14296	14382	87	*
Scaffold1879	65637	65692	56	*	Scaffold1202	96338	96393	56	*
Scaffold1879	84074	84125	52	*	Scaffold1912	6560	6611	52	*
Scaffold18798	7999	8058	60	*	Scaffold501	166547	166606	60	*
Scaffold18798	6071	6130	60	*	Scaffold501	165461	165520	60	*
Scaffold1881	102840	102896	57	*	Scaffold1167	33453	33509	57	*
Scaffold188143	1	62	62	*	Scaffold1393	213935	213996	62	*
Scaffold18820	6531	6698	168	*	Scaffold274	445688	445855	168	*
Scaffold18827	11266	11317	52	*	Scaffold1077	177272	177323	52	*
Scaffold18827	11157	11219	63	*	Scaffold1077	177163	177225	63	*
Scaffold18827	11164	11253	90	*	Scaffold1125	159732	159821	90	*
Scaffold18827	11319	11377	59	*	Scaffold1125	159887	159945	59	*
Scaffold18827	11011	11063	53	*	Scaffold1763	124009	124061	53	*
Scaffold18827	11250	11368	119	*	Scaffold1763	123703	123821	119	*
Scaffold18827	11159	11248	90	*	Scaffold1763	123823	123912	90	*
Scaffold18827	11001	11097	97	*	Scaffold177	931310	931406	97	*
Scaffold18827	11172	11235	64	*	Scaffold20356	189	252	64	*
Scaffold18827	11159	11229	71	*	Scaffold367	126448	126518	71	*
Scaffold18827	11241	11291	51	*	Scaffold367	126530	126580	51	*
Scaffold18827	11051	11102	52	*	Scaffold67	597916	597967	52	*
Scaffold18827	11280	11335	56	*	Scaffold67	597685	597740	56	*
Scaffold18831	6062	6117	56	*	Scaffold130	541175	541230	56	*
Scaffold1886	84270	84346	77	*	Scaffold1253	188450	188526	77	*
Scaffold1886	15770	15850	81	*	Scaffold561	296186	296266	81	*
Scaffold1886	16979	17039	61	*	Scaffold561	297702	297762	61	*
Scaffold18900	7633	7727	95	*	Scaffold1763	123753	123847	95	*
Scaffold18902	5705	5773	69	*	Scaffold103	77693	77761	69	*
Scaffold18902	5712	5766	55	*	Scaffold4146	4696	4750	55	*
Scaffold189331	62	121	60	*	Scaffold5191	8304	8363	60	*
Scaffold18943	5092	5143	52	*	Scaffold68	844577	844628	52	*
Scaffold18944	27075	27134	60	*	Scaffold1844	94849	94908	60	*
Scaffold1898	103597	103669	73	*	Scaffold1223	64396	64468	73	*
Scaffold1898	131885	131943	59	*	Scaffold2149	57893	57951	59	*
Scaffold1898	54094	54150	57	*	Scaffold322	323845	323901	57	*
Scaffold1898	54100	54150	51	*	Scaffold421	343194	343244	51	*
Scaffold1898	54053	54150	98	*	Scaffold688	11410	11507	98	*
Scaffold189908	92	159	68	*	Scaffold230	170660	170727	68	*
Scaffold190	136253	136306	54	*	Scaffold134	641548	641601	54	*
Scaffold190	65311	65362	52	*	Scaffold2123	45484	45535	52	*
Scaffold1900	29553	29605	53	*	Scaffold1707	64677	64729	53	*
Scaffold1900	29553	29609	57	*	Scaffold940	263125	263181	57	*
Scaffold1901	22090	22141	52	*	Scaffold65	937730	937781	52	*
Scaffold1901	37136	37190	55	*	Scaffold65	927605	927659	55	*
Scaffold190169	92	150	59	*	Scaffold86	197563	197621	59	*
Scaffold1903	106007	106063	57	*	Scaffold216	227093	227149	57	*
Scaffold1903	162238	162291	54	*	Scaffold216	269597	269650	54	*
Scaffold190315	55	106	52	*	Scaffold103	505012	505063	52	*
Scaffold19042	20416	20472	57	*	Scaffold2782	28997	29053	57	*
Scaffold19045	8726	8814	89	*	Scaffold248	201129	201217	89	*
Scaffold19045	8725	8783	59	*	Scaffold3968	6565	6623	59	*
Scaffold19045	8735	8786	52	*	Scaffold4035	2166	2217	52	*
Scaffold19045	8727	8803	77	*	Scaffold788	272597	272673	77	*
Scaffold1907	79765	79823	59	*	Scaffold1984	79184	79242	59	*
Scaffold19082	1102	1173	72	*	Scaffold11504	258	329	72	*
Scaffold19082	885	940	56	*	Scaffold255	190913	190968	56	*
Scaffold19082	922	1002	81	*	Scaffold325	341526	341606	81	*
Scaffold19082	2130	2179	50	*	Scaffold63	331913	331962	50	*
Scaffold190961	21	86	66	*	Scaffold1031	39510	39575	66	*
Scaffold1910	42729	42784	56	*	Scaffold128	168857	168912	56	*
Scaffold1910	42730	42789	60	*	Scaffold35	361818	361877	60	*
Scaffold1912	20511	20566	56	*	Scaffold124	890398	890453	56	*
Scaffold1912	54517	54574	58	*	Scaffold5191	8512	8569	58	*
Scaffold1912	54452	54515	64	*	Scaffold5191	8447	8510	64	*
Scaffold1912	54447	54506	60	*	Scaffold84	829648	829707	60	*
Scaffold191466	45	110	66	*	Scaffold113	356517	356582	66	*
Scaffold1915	1053	1116	64	*	Scaffold1527	43599	43662	64	*
Scaffold1915	15977	16057	81	*	Scaffold16	664229	664309	81	*
Scaffold1915	58373	58424	52	*	Scaffold194	631331	631382	52	*
Scaffold191536	14	73	60	*	Scaffold970	11416	11475	60	*
Scaffold191562	5	69	65	*	Scaffold246	323374	323438	65	*
Scaffold1916	76390	76481	92	*	Scaffold154	762990	763081	92	*
Scaffold191683	128	187	60	*	Scaffold1223	64301	64360	60	*
Scaffold1917	67389	67444	56	*	Scaffold3115	41812	41867	56	*
Scaffold1917	67851	67918	68	*	Scaffold470	293537	293604	68	*
Scaffold1917	67540	67688	149	*	Scaffold470	293456	293604	149	*
Scaffold1917	67701	67753	53	*	Scaffold470	293391	293443	53	*
Scaffold1917	67920	67999	80	*	Scaffold470	293456	293535	80	*
Scaffold191733	17	102	86	*	Scaffold546	10278	10363	86	*
Scaffold19176	15783	15865	83	*	Scaffold4	932686	932768	83	*
Scaffold19180	13252	13307	56	*	Scaffold688	11389	11444	56	*
Scaffold191809	12	95	84	*	Scaffold3316	11833	11916	84	*
Scaffold192	82176	82257	82	*	Scaffold271	43232	43313	82	*
Scaffold192	80125	80176	52	*	Scaffold271	46324	46375	52	*
Scaffold1920	39207	39263	57	*	Scaffold2354	73810	73866	57	*
Scaffold1921	5101	5162	62	*	Scaffold1142	207543	207604	62	*
Scaffold1921	45272	45323	52	*	Scaffold146	201710	201761	52	*
Scaffold1921	10832	10897	66	*	Scaffold6049	2193	2258	66	*
Scaffold192290	436	488	53	*	Scaffold3326	1	53	53	*
Scaffold19233	33175	33224	50	*	Scaffold170	566120	566169	50	*
Scaffold1924	85814	85888	75	*	Scaffold1276	210867	210941	75	*
Scaffold19260	14721	14796	76	*	Scaffold497	237296	237371	76	*
Scaffold19263	639	716	78	*	Scaffold113	356570	356647	78	*
Scaffold19273	2727	2784	58	*	Scaffold3086	14469	14526	58	*
Scaffold193	48366	48418	53	*	Scaffold1164	307969	308021	53	*
Scaffold193098	354	405	52	*	Scaffold41	576093	576144	52	*
Scaffold1931	77814	77866	53	*	Scaffold1004	31983	32035	53	*
Scaffold1931	77763	77835	73	*	Scaffold1340	38304	38376	73	*
Scaffold19318	8766	8823	58	*	Scaffold4702	13690	13747	58	*
Scaffold1932	9790	9862	73	*	Scaffold2280	3493	3565	73	*
Scaffold193258	594	654	61	*	Scaffold415	188158	188218	61	*
Scaffold19330	42	94	53	*	Scaffold1636	323904	323956	53	*
Scaffold193342	177	234	58	*	Scaffold107	589181	589238	58	*
Scaffold1936	59600	59651	52	*	Scaffold8	556855	556906	52	*
Scaffold19369	3702	3756	55	*	Scaffold27542	122	176	55	*
Scaffold193855	51	103	53	*	Scaffold558	355581	355633	53	*
Scaffold193897	88	138	51	*	Scaffold558	394213	394263	51	*
Scaffold1939	37732	37788	57	*	Scaffold6312	6793	6849	57	*
Scaffold1939	55131	55197	67	*	Scaffold885	98227	98293	67	*
Scaffold1939	81171	81224	54	*	Scaffold986	191186	191239	54	*
Scaffold193912	97	146	50	*	Scaffold153	1146048	1146097	50	*
Scaffold193912	97	164	68	*	Scaffold17	778859	778926	68	*
Scaffold193912	97	151	55	*	Scaffold256	233768	233822	55	*
Scaffold193912	107	159	53	*	Scaffold31871	7344	7396	53	*
Scaffold193912	97	149	53	*	Scaffold3324	52753	52805	53	*
Scaffold193912	89	151	63	*	Scaffold3588	2102	2164	63	*
Scaffold194060	2	60	59	*	Scaffold18	332710	332768	59	*
Scaffold19419	14638	14687	50	*	Scaffold1912	7266	7315	50	*
Scaffold19419	12553	12606	54	*	Scaffold1912	6565	6618	54	*
Scaffold19419	12617	12668	52	*	Scaffold1912	6623	6674	52	*
Scaffold19419	14446	14496	51	*	Scaffold3498	6769	6819	51	*
Scaffold19419	12142	12206	65	*	Scaffold53	58623	58687	65	*
Scaffold194237	360	430	71	*	Scaffold77	128658	128728	71	*
Scaffold19429	715	764	50	*	Scaffold18	332338	332387	50	*
Scaffold1943	14584	14650	67	*	Scaffold661	78086	78152	67	*
Scaffold1943	24954	25003	50	*	Scaffold798	265588	265637	50	*
Scaffold19430	10923	10977	55	*	Scaffold317	578997	579051	55	*
Scaffold194322	168	225	58	*	Scaffold1062	47266	47323	58	*
Scaffold194378	22	99	78	*	Scaffold661	78123	78200	78	*
Scaffold1945	10128	10177	50	*	Scaffold11	33561	33610	50	*
Scaffold1945	60101	60155	55	*	Scaffold157	472937	472991	55	*
Scaffold1945	111977	112028	52	*	Scaffold157	431853	431904	52	*
Scaffold1945	13034	13100	67	*	Scaffold25	1097574	1097640	67	*
Scaffold1945	16666	16718	53	*	Scaffold3258	19698	19750	53	*
Scaffold1945	15088	15149	62	*	Scaffold378	558223	558284	62	*
Scaffold1945	15295	15345	51	*	Scaffold3789	12588	12638	51	*
Scaffold1945	15137	15249	113	*	Scaffold413	8533	8645	113	*
Scaffold1945	15263	15315	53	*	Scaffold413	8469	8521	53	*
Scaffold1945	13007	13070	64	*	Scaffold577	247661	247724	64	*
Scaffold1945	13311	13364	54	*	Scaffold577	247961	248014	54	*
Scaffold1945	15077	15134	58	*	Scaffold7035	119	176	58	*
Scaffold1945	15268	15329	62	*	Scaffold879	173513	173574	62	*
Scaffold1945	15157	15249	93	*	Scaffold879	173594	173686	93	*
Scaffold1947	35930	35984	55	*	Scaffold2330	26505	26559	55	*
Scaffold1948	53650	53700	51	*	Scaffold154	227825	227875	51	*
Scaffold1948	96629	96695	67	*	Scaffold154	270933	270999	67	*
Scaffold19487	5381	5444	64	*	Scaffold238	577014	577077	64	*
Scaffold1949	3631	3700	70	*	Scaffold113	356446	356515	70	*
Scaffold1949	3702	3755	54	*	Scaffold113	356517	356570	54	*
Scaffold19492	246	304	59	*	Scaffold294	521116	521174	59	*
Scaffold1950	60026	60182	157	*	Scaffold198	603561	603717	157	*
Scaffold19509	9792	9841	50	*	Scaffold5191	7551	7600	50	*
Scaffold195256	1	65	65	*	Scaffold1564	246025	246089	65	*
Scaffold19526	7176	7230	55	*	Scaffold24294	141	195	55	*
Scaffold19526	5959	6031	73	*	Scaffold272	421634	421706	73	*
Scaffold19526	8166	8218	53	*	Scaffold272	423446	423498	53	*
Scaffold19526	7712	7778	67	*	Scaffold272	423005	423071	67	*
Scaffold19526	5531	5580	50	*	Scaffold272	418312	418361	50	*
Scaffold19526	7176	7230	55	*	Scaffold272	422463	422517	55	*
Scaffold19526	8048	8119	72	*	Scaffold272	423341	423412	72	*
Scaffold19526	7639	7710	72	*	Scaffold272	422932	423003	72	*
Scaffold19526	5505	5568	64	*	Scaffold272	419714	419777	64	*
Scaffold19526	4455	4504	50	*	Scaffold272	420421	420470	50	*
Scaffold19526	5505	5580	76	*	Scaffold272	417231	417306	76	*
Scaffold19526	9521	9573	53	*	Scaffold272	455087	455139	53	*
Scaffold19526	5797	5862	66	*	Scaffold272	421460	421525	66	*
Scaffold19526	7338	7395	58	*	Scaffold272	422625	422682	58	*
Scaffold1953	25715	25782	68	*	Scaffold519	331830	331897	68	*
Scaffold1953	25725	25782	58	*	Scaffold519	332292	332349	58	*
Scaffold19537	652	706	55	*	Scaffold1763	123731	123785	55	*
Scaffold19537	744	819	76	*	Scaffold1763	123823	123898	76	*
Scaffold19558	33357	33426	70	*	Scaffold63	227838	227907	70	*
Scaffold19558	33974	34028	55	*	Scaffold63	227218	227272	55	*
Scaffold19558	33503	33568	66	*	Scaffold63	227697	227762	66	*
Scaffold19558	13572	13638	67	*	Scaffold63	249667	249733	67	*
Scaffold195631	362	427	66	*	Scaffold3894	17971	18036	66	*
Scaffold195658	1	84	84	*	Scaffold20	969242	969325	84	*
Scaffold1957	100	151	52	*	Scaffold17	284592	284643	52	*
Scaffold195773	451	509	59	*	Scaffold9068	239	297	59	*
Scaffold19597	3082	3131	50	*	Scaffold1123	81223	81272	50	*
Scaffold195972	305	354	50	*	Scaffold403	204603	204652	50	*
Scaffold19601	1535	1593	59	*	Scaffold4	1386359	1386417	59	*
Scaffold196035	286	350	65	*	Scaffold1105	292757	292821	65	*
Scaffold196035	230	284	55	*	Scaffold1177	242902	242956	55	*
Scaffold196035	209	269	61	*	Scaffold1202	65333	65393	61	*
Scaffold196035	209	284	76	*	Scaffold1218	248083	248158	76	*
Scaffold196035	216	284	69	*	Scaffold1359	127509	127577	69	*
Scaffold196035	204	258	55	*	Scaffold1366	113876	113930	55	*
Scaffold196035	207	284	78	*	Scaffold1717	25343	25420	78	*
Scaffold196035	218	284	67	*	Scaffold1719	6268	6334	67	*
Scaffold196035	211	281	71	*	Scaffold1857	53966	54036	71	*
Scaffold196035	208	282	75	*	Scaffold2	599907	599981	75	*
Scaffold196035	203	253	51	*	Scaffold2107	74783	74833	51	*
Scaffold196035	215	285	71	*	Scaffold2262	9738	9808	71	*
Scaffold196035	187	252	66	*	Scaffold2839	17558	17623	66	*
Scaffold196035	211	274	64	*	Scaffold354	326793	326856	64	*
Scaffold196035	207	283	77	*	Scaffold367	32729	32805	77	*
Scaffold196035	209	270	62	*	Scaffold3740	19074	19135	62	*
Scaffold196035	209	285	77	*	Scaffold400	312968	313044	77	*
Scaffold196035	230	284	55	*	Scaffold424	424153	424207	55	*
Scaffold196035	209	267	59	*	Scaffold427	464276	464334	59	*
Scaffold196035	209	261	53	*	Scaffold466	208538	208590	53	*
Scaffold196035	215	274	60	*	Scaffold55	174105	174164	60	*
Scaffold196035	209	285	77	*	Scaffold7521	14283	14359	77	*
Scaffold196035	208	257	50	*	Scaffold874	27995	28044	50	*
Scaffold196069	696	766	71	*	Scaffold2782	52007	52077	71	*
Scaffold196069	525	667	143	*	Scaffold2782	52113	52255	143	*
Scaffold196069	768	825	58	*	Scaffold2782	51948	52005	58	*
Scaffold196069	374	500	127	*	Scaffold2782	52274	52400	127	*
Scaffold196069	70	271	202	*	Scaffold2782	52455	52656	202	*
Scaffold196069	274	325	52	*	Scaffold2782	52401	52452	52	*
Scaffold196134	373	428	56	*	Scaffold7962	43	98	56	*
Scaffold19614	33	99	67	*	Scaffold1485	84133	84199	67	*
Scaffold19616	9940	9995	56	*	Scaffold198	603691	603746	56	*
Scaffold1962	43856	43922	67	*	Scaffold219	187234	187300	67	*
Scaffold1962	43854	43936	83	*	Scaffold796	309291	309373	83	*
Scaffold196417	72	138	67	*	Scaffold796	50512	50578	67	*
Scaffold196464	110	165	56	*	Scaffold532	116309	116364	56	*
Scaffold196464	91	162	72	*	Scaffold5962	706	777	72	*
Scaffold196464	91	140	50	*	Scaffold704	195468	195517	50	*
Scaffold19648	12777	12833	57	*	Scaffold8	1370400	1370456	57	*
Scaffold19648	4117	4172	56	*	Scaffold8	1362228	1362283	56	*
Scaffold19650	3501	3556	56	*	Scaffold1022	50592	50647	56	*
Scaffold19650	3582	3650	69	*	Scaffold86	197822	197890	69	*
Scaffold19650	3486	3544	59	*	Scaffold86	197928	197986	59	*
Scaffold19656	7200	7277	78	*	Scaffold2636	111173	111250	78	*
Scaffold19656	6321	6371	51	*	Scaffold2636	111621	111671	51	*
Scaffold19656	6773	6823	51	*	Scaffold2636	111621	111671	51	*
Scaffold196698	150	211	62	*	Scaffold1117	408145	408206	62	*
Scaffold196698	152	205	54	*	Scaffold366	46283	46336	54	*
Scaffold196698	148	200	53	*	Scaffold838	106878	106930	53	*
Scaffold196812	145	198	54	*	Scaffold3043	73705	73758	54	*
Scaffold196867	361	426	66	*	Scaffold2956	24872	24937	66	*
Scaffold196911	176	227	52	*	Scaffold184	404561	404612	52	*
Scaffold197	64141	64204	64	*	Scaffold1040	168172	168235	64	*
Scaffold197	14290	14357	68	*	Scaffold396	363492	363559	68	*
Scaffold197059	262	435	174	*	Scaffold5191	8342	8515	174	*
Scaffold1971	50900	50954	55	*	Scaffold2782	97741	97795	55	*
Scaffold19711	17146	17207	62	*	Scaffold386	127552	127613	62	*
Scaffold19711	16764	16826	63	*	Scaffold386	616038	616100	63	*
Scaffold19711	17146	17207	62	*	Scaffold386	615657	615718	62	*
Scaffold19711	17302	17354	53	*	Scaffold386	127708	127760	53	*
Scaffold19749	30866	30953	88	*	Scaffold56	510208	510295	88	*
Scaffold19749	26101	26150	50	*	Scaffold56	505444	505493	50	*
Scaffold19749	29961	30013	53	*	Scaffold56	509279	509331	53	*
Scaffold19749	41887	41940	54	*	Scaffold676	253722	253775	54	*
Scaffold19775	6837	6895	59	*	Scaffold1313	48545	48603	59	*
Scaffold1978	67145	67196	52	*	Scaffold636	557909	557960	52	*
Scaffold19786	18350	18402	53	*	Scaffold1121	76044	76096	53	*
Scaffold19786	18425	18483	59	*	Scaffold62	1071522	1071580	59	*
Scaffold19786	18336	18396	61	*	Scaffold62	1071609	1071669	61	*
Scaffold1979	34352	34405	54	*	Scaffold27	174989	175042	54	*
Scaffold19793	13777	13863	87	*	Scaffold661	77410	77496	87	*
Scaffold198	46101	46160	60	*	Scaffold246	323167	323226	60	*
Scaffold19803	27554	27655	102	*	Scaffold168	623858	623959	102	*
Scaffold19806	13216	13266	51	*	Scaffold1707	64757	64807	51	*
Scaffold198061	856	905	50	*	Scaffold1373	119359	119408	50	*
Scaffold19809	7626	7683	58	*	Scaffold963	260829	260886	58	*
Scaffold19809	8225	8284	60	*	Scaffold963	260227	260286	60	*
Scaffold19809	6322	6401	80	*	Scaffold963	267589	267668	80	*
Scaffold19809	5750	5809	60	*	Scaffold963	263678	263737	60	*
Scaffold19809	6322	6401	80	*	Scaffold963	262121	262200	80	*
Scaffold19809	7742	7797	56	*	Scaffold963	260715	260770	56	*
Scaffold19809	7515	7564	50	*	Scaffold963	260949	260998	50	*
Scaffold19809	7568	7625	58	*	Scaffold963	260888	260945	58	*
Scaffold19809	6628	6782	155	*	Scaffold963	261741	261895	155	*
Scaffold1982	33683	33747	65	*	Scaffold266	445608	445672	65	*
Scaffold1982	31202	31369	168	*	Scaffold266	443147	443314	168	*
Scaffold1982	36840	37138	299	*	Scaffold266	448868	449166	299	*
Scaffold1982	31657	31804	148	*	Scaffold266	443616	443763	148	*
Scaffold1982	39687	40081	395	*	Scaffold266	448911	449305	395	*
Scaffold1982	31134	31200	67	*	Scaffold266	443078	443144	67	*
Scaffold1982	30567	30716	150	*	Scaffold266	442552	442701	150	*
Scaffold1982	37828	37963	136	*	Scaffold266	449170	449305	136	*
Scaffold1982	30985	31133	149	*	Scaffold266	442926	443074	149	*
Scaffold1982	37526	37826	301	*	Scaffold266	448868	449168	301	*
Scaffold1982	32038	32202	165	*	Scaffold266	444000	444164	165	*
Scaffold1982	31493	31647	155	*	Scaffold266	443448	443602	155	*
Scaffold1982	31879	31928	50	*	Scaffold266	443841	443890	50	*
Scaffold1982	33819	33908	90	*	Scaffold266	445742	445831	90	*
Scaffold1982	32683	32732	50	*	Scaffold266	444659	444708	50	*
Scaffold1982	31657	31804	148	*	Scaffold3806	9112	9259	148	*
Scaffold1982	39687	40081	395	*	Scaffold3806	14406	14800	395	*
Scaffold1982	33683	33747	65	*	Scaffold3806	11104	11168	65	*
Scaffold1982	31202	31369	168	*	Scaffold3806	8643	8810	168	*
Scaffold1982	32683	32732	50	*	Scaffold3806	10155	10204	50	*
Scaffold1982	31879	31928	50	*	Scaffold3806	9337	9386	50	*
Scaffold1982	33819	33908	90	*	Scaffold3806	11238	11327	90	*
Scaffold1982	30985	31133	149	*	Scaffold3806	8422	8570	149	*
Scaffold1982	32038	32202	165	*	Scaffold3806	9496	9660	165	*
Scaffold1982	31493	31647	155	*	Scaffold3806	8944	9098	155	*
Scaffold1982	31134	31200	67	*	Scaffold3806	8574	8640	67	*
Scaffold1982	30567	30716	150	*	Scaffold3806	8048	8197	150	*
Scaffold198209	101	161	61	*	Scaffold1206	93841	93901	61	*
Scaffold1983	71807	71888	82	*	Scaffold10	1160700	1160781	82	*
Scaffold1983	70135	70190	56	*	Scaffold2782	97740	97795	56	*
Scaffold198523	243	298	56	*	Scaffold40	693463	693518	56	*
Scaffold198624	49	101	53	*	Scaffold13	712664	712716	53	*
Scaffold198624	21	86	66	*	Scaffold152	593562	593627	66	*
Scaffold198624	18	90	73	*	Scaffold248	201127	201199	73	*
Scaffold198624	20	90	71	*	Scaffold756	293438	293508	71	*
Scaffold198692	130	186	57	*	Scaffold157	374767	374823	57	*
Scaffold198692	39	175	137	*	Scaffold198	603684	603820	137	*
Scaffold1989	22371	22421	51	*	Scaffold64	542321	542371	51	*
Scaffold1989	92108	92178	71	*	Scaffold64	582164	582234	71	*
Scaffold1990	30069	30124	56	*	Scaffold745	430139	430194	56	*
Scaffold1991	43451	43502	52	*	Scaffold2059	120992	121043	52	*
Scaffold1993	46677	46734	58	*	Scaffold811	280546	280603	58	*
Scaffold199560	290	344	55	*	Scaffold2768	1834	1888	55	*
Scaffold199560	191	252	62	*	Scaffold2768	1735	1796	62	*
Scaffold1996	16905	16965	61	*	Scaffold3316	10945	11005	61	*
Scaffold1998	12435	12485	51	*	Scaffold179	69409	69459	51	*
Scaffold1998	97669	97719	51	*	Scaffold496	34558	34608	51	*
Scaffold19985	232	349	118	*	Scaffold996	99517	99634	118	*
Scaffold199881	210	259	50	*	Scaffold1717	43179	43228	50	*
Scaffold1999	257595	257653	59	*	Scaffold1474	66575	66633	59	*
Scaffold1999	46805	46863	59	*	Scaffold1527	43511	43569	59	*
Scaffold1999	76502	76582	81	*	Scaffold66	463991	464071	81	*
Scaffold1999	3490	3544	55	*	Scaffold66	555233	555287	55	*
Scaffold19996	9095	9152	58	*	Scaffold644	322600	322657	58	*
Scaffold2000	74549	74600	52	*	Scaffold244	206268	206319	52	*
Scaffold200056	78	133	56	*	Scaffold477	136699	136754	56	*
Scaffold20019	4255	4329	75	*	Scaffold296	625306	625380	75	*
Scaffold2002	13963	14013	51	*	Scaffold15817	248	298	51	*
Scaffold20026	25903	25953	51	*	Scaffold2108	29718	29768	51	*
Scaffold20027	6706	6804	99	*	Scaffold2782	100252	100350	99	*
Scaffold200289	30	87	58	*	Scaffold5224	7003	7060	58	*
Scaffold2004	14999	15048	50	*	Scaffold113	356667	356716	50	*
Scaffold200487	15	78	64	*	Scaffold18	332953	333016	64	*
Scaffold2005	32187	32240	54	*	Scaffold722	173502	173555	54	*
Scaffold20070	16034	16089	56	*	Scaffold10	1822104	1822159	56	*
Scaffold20070	3682	3767	86	*	Scaffold10	1831484	1831569	86	*
Scaffold20070	20146	20228	83	*	Scaffold10	1818308	1818390	83	*
Scaffold200882	117	197	81	*	Scaffold52	800008	800088	81	*
Scaffold20103	4214	4272	59	*	Scaffold2782	8894	8952	59	*
Scaffold20103	3870	4090	221	*	Scaffold2782	8547	8767	221	*
Scaffold20103	3430	3789	360	*	Scaffold2782	8095	8454	360	*
Scaffold20103	4091	4146	56	*	Scaffold2782	8769	8824	56	*
Scaffold20105	2516	2587	72	*	Scaffold2001	139753	139824	72	*
Scaffold20109	8424	8488	65	*	Scaffold26936	1472	1536	65	*
Scaffold20125	142	197	56	*	Scaffold420	387603	387658	56	*
Scaffold201281	142	203	62	*	Scaffold749	140774	140835	62	*
Scaffold2013	148264	148332	69	*	Scaffold273	330837	330905	69	*
Scaffold2013	68394	68462	69	*	Scaffold273	391539	391607	69	*
Scaffold2013	100620	100671	52	*	Scaffold273	368196	368247	52	*
Scaffold2013	151189	151350	162	*	Scaffold273	328208	328369	162	*
Scaffold2013	146284	146353	70	*	Scaffold273	333085	333154	70	*
Scaffold2013	151572	151623	52	*	Scaffold273	327912	327963	52	*
Scaffold2013	113662	113736	75	*	Scaffold273	356808	356882	75	*
Scaffold2013	68491	68613	123	*	Scaffold273	391388	391510	123	*
Scaffold2013	48753	48809	57	*	Scaffold273	405646	405702	57	*
Scaffold2013	144503	144563	61	*	Scaffold273	335638	335698	61	*
Scaffold2013	53471	53525	55	*	Scaffold273	401649	401703	55	*
Scaffold2013	113371	113420	50	*	Scaffold273	357122	357171	50	*
Scaffold2013	70210	70272	63	*	Scaffold273	389907	389969	63	*
Scaffold2013	112552	112630	79	*	Scaffold273	357925	358003	79	*
Scaffold2013	85129	85185	57	*	Scaffold273	376152	376208	57	*
Scaffold2013	106005	106055	51	*	Scaffold273	365911	365961	51	*
Scaffold2013	113160	113220	61	*	Scaffold273	357319	357379	61	*
Scaffold2013	109035	109096	62	*	Scaffold273	363688	363749	62	*
Scaffold2013	82175	82233	59	*	Scaffold273	377767	377825	59	*
Scaffold2013	116988	117046	59	*	Scaffold273	354723	354781	59	*
Scaffold2013	106218	106290	73	*	Scaffold273	365676	365748	73	*
Scaffold2013	150847	151038	192	*	Scaffold273	328520	328711	192	*
Scaffold2013	119041	119103	63	*	Scaffold273	352440	352502	63	*
Scaffold2013	105871	105952	82	*	Scaffold273	366015	366096	82	*
Scaffold2013	100381	100447	67	*	Scaffold273	368420	368486	67	*
Scaffold2013	89076	89148	73	*	Scaffold273	371735	371807	73	*
Scaffold2013	143349	143413	65	*	Scaffold273	336388	336452	65	*
Scaffold2013	69767	69822	56	*	Scaffold273	390371	390426	56	*
Scaffold2013	86134	86215	82	*	Scaffold273	375228	375309	82	*
Scaffold2013	105767	105842	76	*	Scaffold273	366125	366200	76	*
Scaffold2013	146002	146051	50	*	Scaffold273	333385	333434	50	*
Scaffold2013	126117	126176	60	*	Scaffold273	347238	347297	60	*
Scaffold2013	112398	112467	70	*	Scaffold273	358089	358158	70	*
Scaffold2013	118610	118663	54	*	Scaffold273	352879	352932	54	*
Scaffold2013	82115	82173	59	*	Scaffold273	377827	377885	59	*
Scaffold2013	151090	151140	51	*	Scaffold273	328418	328468	51	*
Scaffold2013	80726	80787	62	*	Scaffold273	379346	379407	62	*
Scaffold2013	143415	143464	50	*	Scaffold273	336337	336386	50	*
Scaffold2013	86217	86267	51	*	Scaffold273	375176	375226	51	*
Scaffold2013	50396	50481	86	*	Scaffold273	403978	404063	86	*
Scaffold2013	112632	112694	63	*	Scaffold273	357861	357923	63	*
Scaffold2013	117867	117917	51	*	Scaffold273	353894	353944	51	*
Scaffold2013	145832	145936	105	*	Scaffold273	333499	333603	105	*
Scaffold2013	81970	82050	81	*	Scaffold273	377950	378030	81	*
Scaffold2013	100735	100788	54	*	Scaffold273	368079	368132	54	*
Scaffold2013	86217	86267	51	*	Scaffold2790	68522	68572	51	*
Scaffold2013	85129	85185	57	*	Scaffold2790	67540	67596	57	*
Scaffold2013	86134	86215	82	*	Scaffold2790	68439	68520	82	*
Scaffold20130	4012	4068	57	*	Scaffold1486	47948	48004	57	*
Scaffold20130	3821	3877	57	*	Scaffold2269	110179	110235	57	*
Scaffold20130	4307	4357	51	*	Scaffold5191	8564	8614	51	*
Scaffold20130	4002	4066	65	*	Scaffold5191	8266	8330	65	*
Scaffold20130	3802	3862	61	*	Scaffold872	165204	165264	61	*
Scaffold20133	4198	4250	53	*	Scaffold1342	91498	91550	53	*
Scaffold2016	133	196	64	*	Scaffold198	603456	603519	64	*
Scaffold201625	264	314	51	*	Scaffold2782	137259	137309	51	*
Scaffold201625	123	259	137	*	Scaffold2782	137312	137448	137	*
Scaffold20163	21926	22005	80	*	Scaffold470	293456	293535	80	*
Scaffold20163	20884	20938	55	*	Scaffold470	293549	293603	55	*
Scaffold20163	21186	21330	145	*	Scaffold470	293460	293604	145	*
Scaffold2017	37643	37698	56	*	Scaffold1308	94537	94592	56	*
Scaffold2017	37642	37702	61	*	Scaffold1379	105498	105558	61	*
Scaffold2017	37643	37692	50	*	Scaffold1548	67753	67802	50	*
Scaffold2017	37635	37699	65	*	Scaffold17598	223	287	65	*
Scaffold2017	37634	37689	56	*	Scaffold186	99439	99494	56	*
Scaffold2017	37623	37689	67	*	Scaffold221	35201	35267	67	*
Scaffold2017	37623	37698	76	*	Scaffold295	315943	316018	76	*
Scaffold2017	37630	37693	64	*	Scaffold508	218623	218686	64	*
Scaffold2017	37634	37700	67	*	Scaffold64	862148	862214	67	*
Scaffold2017	37625	37691	67	*	Scaffold7155	5444	5510	67	*
Scaffold2017	37711	37766	56	*	Scaffold9398	311	366	56	*
Scaffold2017	37628	37687	60	*	Scaffold966	557587	557646	60	*
Scaffold201880	2	58	57	*	Scaffold482	396704	396760	57	*
Scaffold201905	116	167	52	*	Scaffold113	356672	356723	52	*
Scaffold202	39510	39559	50	*	Scaffold296	625520	625569	50	*
Scaffold202	13913	13963	51	*	Scaffold629	204020	204070	51	*
Scaffold20214	5713	5763	51	*	Scaffold50	1045471	1045521	51	*
Scaffold2023	7414	7489	76	*	Scaffold1527	43368	43443	76	*
Scaffold2023	47097	47202	106	*	Scaffold1564	287595	287700	106	*
Scaffold2023	55470	55547	78	*	Scaffold1564	295218	295295	78	*
Scaffold2023	50470	50519	50	*	Scaffold1564	290336	290385	50	*
Scaffold2023	32475	32543	69	*	Scaffold1564	279481	279549	69	*
Scaffold20234	7379	7433	55	*	Scaffold1191	279728	279782	55	*
Scaffold202502	206	255	50	*	Scaffold739	160375	160424	50	*
Scaffold20255	3011	3071	61	*	Scaffold848	294712	294772	61	*
Scaffold202568	585	643	59	*	Scaffold248	115416	115474	59	*
Scaffold202568	597	660	64	*	Scaffold2502	9964	10027	64	*
Scaffold202672	210	323	114	*	Scaffold7002	5400	5513	114	*
Scaffold202685	179	230	52	*	Scaffold18	332710	332761	52	*
Scaffold2027	41678	41736	59	*	Scaffold519	252249	252307	59	*
Scaffold20277	11904	11959	56	*	Scaffold132	757249	757304	56	*
Scaffold20277	11987	12056	70	*	Scaffold132	757331	757400	70	*
Scaffold20279	9767	9821	55	*	Scaffold1125	137628	137682	55	*
Scaffold20279	10313	10364	52	*	Scaffold18	332101	332152	52	*
Scaffold20279	9745	9809	65	*	Scaffold18	332710	332774	65	*
Scaffold20279	10285	10342	58	*	Scaffold95	1021666	1021723	58	*
Scaffold2028	34193	34246	54	*	Scaffold12	276859	276912	54	*
Scaffold2028	36786	36885	100	*	Scaffold655	152651	152750	100	*
Scaffold2028	36771	36832	62	*	Scaffold661	78202	78263	62	*
Scaffold2028	36896	36948	53	*	Scaffold661	78086	78138	53	*
Scaffold20280	9121	9181	61	*	Scaffold1763	124010	124070	61	*
Scaffold20280	8934	9015	82	*	Scaffold1763	123830	123911	82	*
Scaffold20314	27065	27116	52	*	Scaffold266	330304	330355	52	*
Scaffold20314	774	823	50	*	Scaffold266	350622	350671	50	*
Scaffold203190	328	396	69	*	Scaffold429	613986	614054	69	*
Scaffold203190	259	434	176	*	Scaffold5191	8284	8459	176	*
Scaffold2032	51995	52047	53	*	Scaffold1544	149182	149234	53	*
Scaffold2032	20791	20844	54	*	Scaffold427	559693	559746	54	*
Scaffold20323	2884	2954	71	*	Scaffold55	968550	968620	71	*
Scaffold2033	49925	49982	58	*	Scaffold285	371951	372008	58	*
Scaffold2033	50649	50707	59	*	Scaffold285	372678	372736	59	*
Scaffold2033	50364	50416	53	*	Scaffold285	372394	372446	53	*
Scaffold2033	50063	50129	67	*	Scaffold285	372090	372156	67	*
Scaffold2033	39770	39822	53	*	Scaffold285	362779	362831	53	*
Scaffold2033	50847	50904	58	*	Scaffold285	372878	372935	58	*
Scaffold20346	4276	4369	94	*	Scaffold1763	123820	123913	94	*
Scaffold20346	4216	4273	58	*	Scaffold1763	123760	123817	58	*
Scaffold2035	43889	43954	66	*	Scaffold175	219353	219418	66	*
Scaffold2035	115900	115950	51	*	Scaffold175	170928	170978	51	*
Scaffold2035	109522	109585	64	*	Scaffold175	175232	175295	64	*
Scaffold2035	43889	43954	66	*	Scaffold175	229712	229777	66	*
Scaffold203598	3448	3500	53	*	Scaffold468	554091	554143	53	*
Scaffold2036	48087	48138	52	*	Scaffold7697	7139	7190	52	*
Scaffold203603	28	79	52	*	Scaffold364	152930	152981	52	*
Scaffold203603	28	77	50	*	Scaffold537	437606	437655	50	*
Scaffold20363	9054	9117	64	*	Scaffold1733	232661	232724	64	*
Scaffold20369	3329	3378	50	*	Scaffold5191	8867	8916	50	*
Scaffold20369	3380	3450	71	*	Scaffold5191	8795	8865	71	*
Scaffold2037	62289	62370	82	*	Scaffold1379	240648	240729	82	*
Scaffold2037	61888	61937	50	*	Scaffold1379	240244	240293	50	*
Scaffold2037	62277	62333	57	*	Scaffold4697	814	870	57	*
Scaffold203855	26	96	71	*	Scaffold477	136681	136751	71	*
Scaffold203996	1	64	64	*	Scaffold3697	2110	2173	64	*
Scaffold204	239664	239747	84	*	Scaffold169	383920	384003	84	*
Scaffold204	226976	227066	91	*	Scaffold169	396058	396148	91	*
Scaffold20408	10868	10924	57	*	Scaffold211	185705	185761	57	*
Scaffold2041	38290	38343	54	*	Scaffold52	411612	411665	54	*
Scaffold204162	51	134	84	*	Scaffold2782	5453	5536	84	*
Scaffold20424	532	581	50	*	Scaffold1108	71155	71204	50	*
Scaffold20426	12392	12599	208	*	Scaffold5191	8274	8481	208	*
Scaffold204293	16	74	59	*	Scaffold1926	59858	59916	59	*
Scaffold204293	5	55	51	*	Scaffold510	258199	258249	51	*
Scaffold204293	6	75	70	*	Scaffold788	272604	272673	70	*
Scaffold20433	29225	29289	65	*	Scaffold6	395020	395084	65	*
Scaffold20439	4902	4955	54	*	Scaffold17265	4557	4610	54	*
Scaffold2044	89918	89970	53	*	Scaffold3942	38714	38766	53	*
Scaffold204441	502	551	50	*	Scaffold8458	3311	3360	50	*
Scaffold204441	702	849	148	*	Scaffold8458	3007	3154	148	*
Scaffold204441	562	700	139	*	Scaffold8458	3156	3294	139	*
Scaffold20445	297	350	54	*	Scaffold485	106822	106875	54	*
Scaffold204561	385	466	82	*	Scaffold5191	8412	8493	82	*
Scaffold20467	8985	9045	61	*	Scaffold5191	8331	8391	61	*
Scaffold2047	11226	11287	62	*	Scaffold1345	26606	26667	62	*
Scaffold2047	10288	10352	65	*	Scaffold1345	26603	26667	65	*
Scaffold204734	449	503	55	*	Scaffold4290	27061	27115	55	*
Scaffold2048	82360	82421	62	*	Scaffold2457	24877	24938	62	*
Scaffold20480	1680	1730	51	*	Scaffold1221	210399	210449	51	*
Scaffold20481	25564	25613	50	*	Scaffold5860	2165	2214	50	*
Scaffold205	216116	216172	57	*	Scaffold1068	31425	31481	57	*
Scaffold205	202020	202077	58	*	Scaffold1068	43335	43392	58	*
Scaffold2050	89614	89665	52	*	Scaffold996	110376	110427	52	*
Scaffold205277	36	85	50	*	Scaffold1611	196896	196945	50	*
Scaffold2054	52988	53041	54	*	Scaffold1842	57969	58022	54	*
Scaffold2054	53103	53158	56	*	Scaffold1842	57856	57911	56	*
Scaffold2054	98003	98053	51	*	Scaffold2	658496	658546	51	*
Scaffold2054	33789	33858	70	*	Scaffold2280	3319	3388	70	*
Scaffold2054	34333	34387	55	*	Scaffold2280	3854	3908	55	*
Scaffold2054	33797	33849	53	*	Scaffold886	329062	329114	53	*
Scaffold205438	40	98	59	*	Scaffold3506	6541	6599	59	*
Scaffold205438	9	112	104	*	Scaffold360	112012	112115	104	*
Scaffold20552	10751	10812	62	*	Scaffold73	10874	10935	62	*
Scaffold20552	10649	10703	55	*	Scaffold73	10982	11036	55	*
Scaffold20573	3555	3613	59	*	Scaffold61	201162	201220	59	*
Scaffold2058	110810	110880	71	*	Scaffold10114	11775	11845	71	*
Scaffold2058	124354	124410	57	*	Scaffold10114	2963	3019	57	*
Scaffold2058	32515	32565	51	*	Scaffold2452	57492	57542	51	*
Scaffold2058	74057	74171	115	*	Scaffold329	1119830	1119944	115	*
Scaffold2058	98879	98946	68	*	Scaffold329	1092728	1092795	68	*
Scaffold2058	31562	31632	71	*	Scaffold329	1146252	1146322	71	*
Scaffold2058	18277	18342	66	*	Scaffold329	1156667	1156732	66	*
Scaffold2058	21783	21882	100	*	Scaffold329	1153892	1153991	100	*
Scaffold2058	105428	105498	71	*	Scaffold329	1087172	1087242	71	*
Scaffold2058	40497	40580	84	*	Scaffold329	1139891	1139974	84	*
Scaffold2058	30249	30320	72	*	Scaffold329	1147533	1147604	72	*
Scaffold2058	86650	86727	78	*	Scaffold329	1108861	1108938	78	*
Scaffold2058	100522	100588	67	*	Scaffold329	1090963	1091029	67	*
Scaffold2058	83852	83903	52	*	Scaffold329	1110928	1110979	52	*
Scaffold2058	77481	77536	56	*	Scaffold329	1115447	1115502	56	*
Scaffold2058	32515	32565	51	*	Scaffold329	1145429	1145479	51	*
Scaffold2058	40671	40736	66	*	Scaffold329	1139727	1139792	66	*
Scaffold2058	131391	131465	75	*	Scaffold329	1067429	1067503	75	*
Scaffold2058	77099	77156	58	*	Scaffold329	1115822	1115879	58	*
Scaffold2058	18277	18342	66	*	Scaffold329	1160205	1160270	66	*
Scaffold2058	128632	128686	55	*	Scaffold329	1070150	1070204	55	*
Scaffold2058	105169	105234	66	*	Scaffold329	1087441	1087506	66	*
Scaffold2058	60359	60439	81	*	Scaffold329	1132690	1132770	81	*
Scaffold2058	64629	64685	57	*	Scaffold329	1128728	1128784	57	*
Scaffold2058	90378	90439	62	*	Scaffold329	1094368	1094429	62	*
Scaffold2058	105075	105146	72	*	Scaffold329	1087526	1087597	72	*
Scaffold2058	64530	64605	76	*	Scaffold329	1128808	1128883	76	*
Scaffold2058	124354	124410	57	*	Scaffold329	1074249	1074305	57	*
Scaffold2058	101334	101391	58	*	Scaffold329	1090106	1090163	58	*
Scaffold2058	73966	74046	81	*	Scaffold329	1119955	1120035	81	*
Scaffold20584	20989	21049	61	*	Scaffold3316	10945	11005	61	*
Scaffold20590	8838	8891	54	*	Scaffold139	131246	131299	54	*
Scaffold20590	6950	7005	56	*	Scaffold1527	43593	43648	56	*
Scaffold20590	6966	7016	51	*	Scaffold1661	9310	9360	51	*
Scaffold20590	6950	7001	52	*	Scaffold731	252996	253047	52	*
Scaffold20609	642	691	50	*	Scaffold331	135733	135782	50	*
Scaffold20609	642	691	50	*	Scaffold82	20314	20363	50	*
Scaffold20610	24258	24312	55	*	Scaffold32	555710	555764	55	*
Scaffold2063	65298	65347	50	*	Scaffold1733	130394	130443	50	*
Scaffold206316	220	277	58	*	Scaffold19990	1472	1529	58	*
Scaffold2064	70023	70072	50	*	Scaffold33	1047503	1047552	50	*
Scaffold2064	67753	67809	57	*	Scaffold33	1045296	1045352	57	*
Scaffold2064	68379	68430	52	*	Scaffold33	1045946	1045997	52	*
Scaffold2064	80662	80732	71	*	Scaffold33	1055701	1055771	71	*
Scaffold2064	89495	89555	61	*	Scaffold33	1063140	1063200	61	*
Scaffold20640	954	1038	85	*	Scaffold198	603740	603824	85	*
Scaffold206457	26228	26282	55	*	Scaffold429	101406	101460	55	*
Scaffold206624	1	51	51	*	Scaffold588	68644	68694	51	*
Scaffold206701	1	51	51	*	Scaffold2	1384057	1384107	51	*
Scaffold20681	2811	2871	61	*	Scaffold172	54788	54848	61	*
Scaffold20681	9429	9481	53	*	Scaffold5095	9798	9850	53	*
Scaffold2069	80359	80416	58	*	Scaffold1108	71271	71328	58	*
Scaffold2069	96510	96562	53	*	Scaffold186	395143	395195	53	*
Scaffold2069	109244	109293	50	*	Scaffold186	382956	383005	50	*
Scaffold207	91163	91218	56	*	Scaffold569	189116	189171	56	*
Scaffold207	36512	36577	66	*	Scaffold569	231896	231961	66	*
Scaffold207	137433	137484	52	*	Scaffold569	161345	161396	52	*
Scaffold207	29061	29114	54	*	Scaffold996	254373	254426	54	*
Scaffold2070	13514	13563	50	*	Scaffold11854	1143	1192	50	*
Scaffold2070	3433	3498	66	*	Scaffold3043	45851	45916	66	*
Scaffold2070	17086	17137	52	*	Scaffold3043	57768	57819	52	*
Scaffold2070	50315	50379	65	*	Scaffold3043	78337	78401	65	*
Scaffold2070	50315	50376	62	*	Scaffold3043	98367	98428	62	*
Scaffold2070	15503	15621	119	*	Scaffold3043	55837	55955	119	*
Scaffold2070	66216	66303	88	*	Scaffold3043	89309	89396	88	*
Scaffold2070	66216	66303	88	*	Scaffold3043	109158	109245	88	*
Scaffold20708	3202	3257	56	*	Scaffold1226	228634	228689	56	*
Scaffold20708	3209	3278	70	*	Scaffold1273	35371	35440	70	*
Scaffold20708	3171	3225	55	*	Scaffold1428	41671	41725	55	*
Scaffold20708	3211	3278	68	*	Scaffold1483	58902	58969	68	*
Scaffold20708	3190	3244	55	*	Scaffold635	330017	330071	55	*
Scaffold20715	13922	13976	55	*	Scaffold865	151005	151059	55	*
Scaffold207205	414	485	72	*	Scaffold397	93965	94036	72	*
Scaffold20722	3526	3577	52	*	Scaffold633	174407	174458	52	*
Scaffold20722	7526	7577	52	*	Scaffold633	174407	174458	52	*
Scaffold20726	41117	41169	53	*	Scaffold649	153059	153111	53	*
Scaffold2073	15395	15455	61	*	Scaffold344	228355	228415	61	*
Scaffold20737	3610	3698	89	*	Scaffold266	452037	452125	89	*
Scaffold207376	87	140	54	*	Scaffold558	389790	389843	54	*
Scaffold20738	2770	2819	50	*	Scaffold978	67129	67178	50	*
Scaffold207393	434	523	90	*	Scaffold534	149319	149408	90	*
Scaffold207425	12	81	70	*	Scaffold5191	7828	7897	70	*
Scaffold2077	57520	57607	88	*	Scaffold113	356563	356650	88	*
Scaffold2077	57378	57431	54	*	Scaffold113	356739	356792	54	*
Scaffold2077	57618	57698	81	*	Scaffold113	356472	356552	81	*
Scaffold2077	57547	57616	70	*	Scaffold1217	4366	4435	70	*
Scaffold2077	57557	57617	61	*	Scaffold1718	63782	63842	61	*
Scaffold2077	57364	57416	53	*	Scaffold207	601878	601930	53	*
Scaffold2077	57499	57552	54	*	Scaffold207	602010	602063	54	*
Scaffold2077	57560	57617	58	*	Scaffold2353	31191	31248	58	*
Scaffold2077	57547	57616	70	*	Scaffold3038	199	268	70	*
Scaffold2077	57379	57441	63	*	Scaffold637	151846	151908	63	*
Scaffold2077	57540	57592	53	*	Scaffold747	313508	313560	53	*
Scaffold20774	14670	14731	62	*	Scaffold7307	13802	13863	62	*
Scaffold20799	1788	1855	68	*	Scaffold470	293537	293604	68	*
Scaffold20799	1707	1786	80	*	Scaffold470	293456	293535	80	*
Scaffold208158	55	116	62	*	Scaffold989	43736	43797	62	*
Scaffold2082	73436	73490	55	*	Scaffold2280	3854	3908	55	*
Scaffold2082	21395	21464	70	*	Scaffold421	343529	343598	70	*
Scaffold2082	72885	72940	56	*	Scaffold645	373077	373132	56	*
Scaffold2083	25908	25958	51	*	Scaffold1415	86374	86424	51	*
Scaffold2083	26858	26923	66	*	Scaffold1415	85272	85337	66	*
Scaffold2083	4668	4742	75	*	Scaffold16	1253428	1253502	75	*
Scaffold2083	4662	4714	53	*	Scaffold1978	49084	49136	53	*
Scaffold2083	25908	25958	51	*	Scaffold28216	289	339	51	*
Scaffold2083	4686	4752	67	*	Scaffold4	1800499	1800565	67	*
Scaffold2083	4664	4727	64	*	Scaffold477	405204	405267	64	*
Scaffold2083	4720	4779	60	*	Scaffold496	240223	240282	60	*
Scaffold2083	4693	4752	60	*	Scaffold905	96210	96269	60	*
Scaffold2085	21509	21567	59	*	Scaffold184	89371	89429	59	*
Scaffold2085	12724	12773	50	*	Scaffold188	771491	771540	50	*
Scaffold2085	21505	21570	66	*	Scaffold384	97390	97455	66	*
Scaffold2085	21784	21834	51	*	Scaffold5191	8815	8865	51	*
Scaffold2085	12744	12805	62	*	Scaffold580	59024	59085	62	*
Scaffold2085	12148	12198	51	*	Scaffold645	372732	372782	51	*
Scaffold2086	18305	18357	53	*	Scaffold1202	146549	146601	53	*
Scaffold208679	595	644	50	*	Scaffold7190	2124	2173	50	*
Scaffold2088	17469	17536	68	*	Scaffold192	706188	706255	68	*
Scaffold2088	54891	54942	52	*	Scaffold192	676155	676206	52	*
Scaffold2088	109852	109901	50	*	Scaffold192	626128	626177	50	*
Scaffold2088	27879	27930	52	*	Scaffold192	696758	696809	52	*
Scaffold2088	54891	54942	52	*	Scaffold355	3341	3392	52	*
Scaffold209	17673	17735	63	*	Scaffold1206	93725	93787	63	*
Scaffold209	2117	2169	53	*	Scaffold674	113830	113882	53	*
Scaffold2090	34620	34713	94	*	Scaffold1550	132296	132389	94	*
Scaffold2090	34771	34855	85	*	Scaffold432	190671	190755	85	*
Scaffold2090	34620	34713	94	*	Scaffold432	190811	190904	94	*
Scaffold2090	34991	35069	79	*	Scaffold432	190457	190535	79	*
Scaffold20900	2791	2851	61	*	Scaffold1286	103754	103814	61	*
Scaffold2092	70494	70552	59	*	Scaffold468	246551	246609	59	*
Scaffold2092	122583	122635	53	*	Scaffold468	203830	203882	53	*
Scaffold2092	102653	102727	75	*	Scaffold468	215547	215621	75	*
Scaffold2092	58759	58812	54	*	Scaffold468	256078	256131	54	*
Scaffold2092	81401	81518	118	*	Scaffold468	234717	234834	118	*
Scaffold2092	54689	54738	50	*	Scaffold468	259879	259928	50	*
Scaffold2092	48422	48477	56	*	Scaffold468	265360	265415	56	*
Scaffold2092	82163	82230	68	*	Scaffold468	233995	234062	68	*
Scaffold2092	69002	69080	79	*	Scaffold468	247558	247636	79	*
Scaffold2092	96540	96608	69	*	Scaffold468	222032	222100	69	*
Scaffold2092	58569	58623	55	*	Scaffold468	256265	256319	55	*
Scaffold2092	96224	96275	52	*	Scaffold468	222337	222388	52	*
Scaffold2092	102735	102811	77	*	Scaffold468	215463	215539	77	*
Scaffold2092	72393	72446	54	*	Scaffold468	244758	244811	54	*
Scaffold2092	116497	116554	58	*	Scaffold468	207024	207081	58	*
Scaffold2092	79945	80017	73	*	Scaffold468	236246	236318	73	*
Scaffold2092	96780	96875	96	*	Scaffold468	221749	221844	96	*
Scaffold2092	50764	50827	64	*	Scaffold468	263690	263753	64	*
Scaffold2092	81520	81570	51	*	Scaffold468	234665	234715	51	*
Scaffold2092	70694	70750	57	*	Scaffold468	246349	246405	57	*
Scaffold2092	124257	124312	56	*	Scaffold468	202125	202180	56	*
Scaffold2092	116993	117099	107	*	Scaffold468	206480	206586	107	*
Scaffold2092	123729	123796	68	*	Scaffold468	202654	202721	68	*
Scaffold2092	80326	80375	50	*	Scaffold468	235888	235937	50	*
Scaffold2092	109870	109919	50	*	Scaffold468	212184	212233	50	*
Scaffold2092	72974	73025	52	*	Scaffold468	244158	244209	52	*
Scaffold2092	122958	123013	56	*	Scaffold468	203460	203515	56	*
Scaffold2092	96780	96875	96	*	Scaffold564	516922	517017	96	*
Scaffold2092	96224	96275	52	*	Scaffold564	516386	516437	52	*
Scaffold2092	96540	96608	69	*	Scaffold564	516669	516737	69	*
Scaffold2093	57073	57128	56	*	Scaffold5612	13762	13817	56	*
Scaffold209577	375	504	130	*	Scaffold5191	8381	8510	130	*
Scaffold209584	111	189	79	*	Scaffold143	751066	751144	79	*
Scaffold2098	112684	112833	150	*	Scaffold1763	123753	123902	150	*
Scaffold209809	745	806	62	*	Scaffold248	282314	282375	62	*
Scaffold21	253730	253795	66	*	Scaffold901	389859	389924	66	*
Scaffold21	194377	194432	56	*	Scaffold901	331282	331337	56	*
Scaffold21	202862	202959	98	*	Scaffold901	343002	343099	98	*
Scaffold21	242913	242968	56	*	Scaffold901	382118	382173	56	*
Scaffold21	253797	253853	57	*	Scaffold901	389926	389982	57	*
Scaffold21	253582	253644	63	*	Scaffold901	389711	389773	63	*
Scaffold21	256081	256137	57	*	Scaffold901	391841	391897	57	*
Scaffold21	191214	191266	53	*	Scaffold901	328659	328711	53	*
Scaffold21	202961	203020	60	*	Scaffold901	343101	343160	60	*
Scaffold21	164457	164532	76	*	Scaffold901	309870	309945	76	*
Scaffold21	198995	199044	50	*	Scaffold901	335948	335997	50	*
Scaffold21	208387	208452	66	*	Scaffold901	350533	350598	66	*
Scaffold21	252101	252161	61	*	Scaffold901	388229	388289	61	*
Scaffold21	192003	192056	54	*	Scaffold901	329445	329498	54	*
Scaffold21	212854	212903	50	*	Scaffold901	355042	355091	50	*
Scaffold21	205804	205862	59	*	Scaffold901	348704	348762	59	*
Scaffold21	180545	180621	77	*	Scaffold901	318062	318138	77	*
Scaffold21	208191	208247	57	*	Scaffold901	350345	350401	57	*
Scaffold21	187683	187735	53	*	Scaffold901	325648	325700	53	*
Scaffold21	202961	203020	60	*	Scaffold901	346199	346258	60	*
Scaffold21	163452	163527	76	*	Scaffold901	309870	309945	76	*
Scaffold21	174504	174563	60	*	Scaffold901	315160	315219	60	*
Scaffold21	212713	212781	69	*	Scaffold901	354900	354968	69	*
Scaffold21	183609	183676	68	*	Scaffold901	322376	322443	68	*
Scaffold21	202862	202959	98	*	Scaffold901	346100	346197	98	*
Scaffold21	253674	253724	51	*	Scaffold901	389803	389853	51	*
Scaffold21	188216	188267	52	*	Scaffold901	326167	326218	52	*
Scaffold210133	19	74	56	*	Scaffold18	332182	332237	56	*
Scaffold2102	53048	53118	71	*	Scaffold1226	151131	151201	71	*
Scaffold2102	53029	53083	55	*	Scaffold226	29779	29833	55	*
Scaffold2102	53193	53244	52	*	Scaffold2280	2597	2648	52	*
Scaffold2102	53246	53296	51	*	Scaffold2280	2545	2595	51	*
Scaffold2102	52573	52623	51	*	Scaffold2280	3338	3388	51	*
Scaffold2102	53080	53138	59	*	Scaffold3086	14478	14536	59	*
Scaffold2102	52324	52417	94	*	Scaffold3086	14296	14389	94	*
Scaffold2102	52365	52414	50	*	Scaffold31	625967	626016	50	*
Scaffold2102	52470	52519	50	*	Scaffold31	625862	625911	50	*
Scaffold2102	52303	52354	52	*	Scaffold31	626027	626078	52	*
Scaffold2102	52430	52519	90	*	Scaffold386	779197	779286	90	*
Scaffold2102	52416	52467	52	*	Scaffold4702	13996	14047	52	*
Scaffold2102	53175	53237	63	*	Scaffold4702	13684	13746	63	*
Scaffold210301	495	549	55	*	Scaffold1292	36415	36469	55	*
Scaffold210301	495	549	55	*	Scaffold1492	36978	37032	55	*
Scaffold210301	495	603	109	*	Scaffold1763	123711	123819	109	*
Scaffold210301	401	492	92	*	Scaffold1763	123822	123913	92	*
Scaffold210301	369	422	54	*	Scaffold59	919643	919696	54	*
Scaffold210301	378	432	55	*	Scaffold616	81301	81355	55	*
Scaffold21033	356	421	66	*	Scaffold1200	30839	30904	66	*
Scaffold21035	7712	7773	62	*	Scaffold1396	151984	152045	62	*
Scaffold21035	3436	3496	61	*	Scaffold1396	155358	155418	61	*
Scaffold21035	5833	5894	62	*	Scaffold1396	152910	152971	62	*
Scaffold21035	18027	18081	55	*	Scaffold1396	142952	143006	55	*
Scaffold2104	48026	48085	60	*	Scaffold886	177383	177442	60	*
Scaffold2104	71337	71405	69	*	Scaffold886	156104	156172	69	*
Scaffold210483	63	120	58	*	Scaffold288	502857	502914	58	*
Scaffold21049	9747	9796	50	*	Scaffold1395	158011	158060	50	*
Scaffold2106	32490	32600	111	*	Scaffold1083	284220	284330	111	*
Scaffold2106	17741	17820	80	*	Scaffold1366	94311	94390	80	*
Scaffold2106	17825	17884	60	*	Scaffold1366	94395	94454	60	*
Scaffold210715	149	239	91	*	Scaffold1992	16064	16154	91	*
Scaffold210715	146	218	73	*	Scaffold5891	4372	4444	73	*
Scaffold210715	161	211	51	*	Scaffold958	128478	128528	51	*
Scaffold21072	6892	7005	114	*	Scaffold198	603649	603762	114	*
Scaffold2108	24540	24590	51	*	Scaffold1330	21536	21586	51	*
Scaffold2108	24540	24589	50	*	Scaffold20374	312	361	50	*
Scaffold2108	24531	24589	59	*	Scaffold390	275196	275254	59	*
Scaffold2108	24506	24567	62	*	Scaffold485	598479	598540	62	*
Scaffold2108	24531	24582	52	*	Scaffold559	133222	133273	52	*
Scaffold2108	24532	24593	62	*	Scaffold686	287443	287504	62	*
Scaffold2108	24540	24589	50	*	Scaffold7	1936509	1936558	50	*
Scaffold21081	11102	11151	50	*	Scaffold57	190375	190424	50	*
Scaffold21081	11734	11783	50	*	Scaffold57	190375	190424	50	*
Scaffold21117	3947	4006	60	*	Scaffold2561	64932	64991	60	*
Scaffold2112	16947	17007	61	*	Scaffold3316	10841	10901	61	*
Scaffold211335	380	432	53	*	Scaffold198	391163	391215	53	*
Scaffold211335	303	532	230	*	Scaffold198	603584	603813	230	*
Scaffold211350	226	293	68	*	Scaffold1985	44712	44779	68	*
Scaffold21139	7945	8003	59	*	Scaffold194	598160	598218	59	*
Scaffold21139	8414	8474	61	*	Scaffold502	134340	134400	61	*
Scaffold21139	7915	7967	53	*	Scaffold739	160372	160424	53	*
Scaffold211396	38	99	62	*	Scaffold315	323589	323650	62	*
Scaffold2114	89342	89397	56	*	Scaffold115	467092	467147	56	*
Scaffold2114	39994	40044	51	*	Scaffold115	432708	432758	51	*
Scaffold2116	32659	32710	52	*	Scaffold1073	69500	69551	52	*
Scaffold2116	100387	100480	94	*	Scaffold466	249023	249116	94	*
Scaffold2116	73560	73644	85	*	Scaffold466	270130	270214	85	*
Scaffold2118	26294	26377	84	*	Scaffold213	451735	451818	84	*
Scaffold2118	44803	44858	56	*	Scaffold213	467829	467884	56	*
Scaffold2118	77552	77604	53	*	Scaffold213	499827	499879	53	*
Scaffold2118	40707	40758	52	*	Scaffold213	463532	463583	52	*
Scaffold21181	105	161	57	*	Scaffold1763	123849	123905	57	*
Scaffold2119	71647	71718	72	*	Scaffold105	633964	634035	72	*
Scaffold2119	71699	71763	65	*	Scaffold1134	278835	278899	65	*
Scaffold2119	71665	71728	64	*	Scaffold1409	42599	42662	64	*
Scaffold2119	71665	71731	67	*	Scaffold145	138082	138148	67	*
Scaffold2119	71646	71711	66	*	Scaffold1580	38617	38682	66	*
Scaffold2119	71646	71727	82	*	Scaffold162	920104	920185	82	*
Scaffold2119	71647	71715	69	*	Scaffold1646	3957	4025	69	*
Scaffold2119	71708	71771	64	*	Scaffold1698	90614	90677	64	*
Scaffold2119	71649	71700	52	*	Scaffold1754	34883	34934	52	*
Scaffold2119	42651	42707	57	*	Scaffold1763	123709	123765	57	*
Scaffold2119	71670	71736	67	*	Scaffold189	167253	167319	67	*
Scaffold2119	71647	71714	68	*	Scaffold20151	480	547	68	*
Scaffold2119	71661	71713	53	*	Scaffold2063	39983	40035	53	*
Scaffold2119	71648	71736	89	*	Scaffold2155	104007	104095	89	*
Scaffold2119	71647	71714	68	*	Scaffold2198	25696	25763	68	*
Scaffold2119	71650	71699	50	*	Scaffold257	718637	718686	50	*
Scaffold2119	71690	71740	51	*	Scaffold2639	14668	14718	51	*
Scaffold2119	71675	71728	54	*	Scaffold28	901246	901299	54	*
Scaffold2119	33695	33748	54	*	Scaffold286	524574	524627	54	*
Scaffold2119	71647	71736	90	*	Scaffold3	1521692	1521781	90	*
Scaffold2119	71659	71710	52	*	Scaffold3026	4839	4890	52	*
Scaffold2119	71662	71737	76	*	Scaffold330	267982	268057	76	*
Scaffold2119	71647	71722	76	*	Scaffold4475	8400	8475	76	*
Scaffold2119	71647	71734	88	*	Scaffold4475	10297	10384	88	*
Scaffold2119	71647	71731	85	*	Scaffold4475	8865	8949	85	*
Scaffold2119	71647	71725	79	*	Scaffold4475	5506	5584	79	*
Scaffold2119	71678	71739	62	*	Scaffold489	352016	352077	62	*
Scaffold2119	71651	71718	68	*	Scaffold5168	20112	20179	68	*
Scaffold2119	71656	71731	76	*	Scaffold533	297808	297883	76	*
Scaffold2119	71651	71733	83	*	Scaffold601	273525	273607	83	*
Scaffold2119	71676	71730	55	*	Scaffold62	662653	662707	55	*
Scaffold2119	71667	71729	63	*	Scaffold6237	912	974	63	*
Scaffold2119	71654	71737	84	*	Scaffold68	49531	49614	84	*
Scaffold2119	71652	71717	66	*	Scaffold6864	651	716	66	*
Scaffold2119	71677	71734	58	*	Scaffold70	960667	960724	58	*
Scaffold2119	71650	71735	86	*	Scaffold7199	3310	3395	86	*
Scaffold2119	71650	71737	88	*	Scaffold82	392035	392122	88	*
Scaffold2119	71650	71728	79	*	Scaffold820	108082	108160	79	*
Scaffold2119	71653	71732	80	*	Scaffold824	62700	62779	80	*
Scaffold2119	71647	71725	79	*	Scaffold864	59932	60010	79	*
Scaffold2119	71654	71732	79	*	Scaffold991	18302	18380	79	*
Scaffold21193	14693	14766	74	*	Scaffold514	290166	290239	74	*
Scaffold211939	196	271	76	*	Scaffold375	395269	395344	76	*
Scaffold211957	1	58	58	*	Scaffold1082	106929	106986	58	*
Scaffold21200	4272	4360	89	*	Scaffold266	452037	452125	89	*
Scaffold21200	3852	3949	98	*	Scaffold266	477974	478071	98	*
Scaffold21200	4272	4360	89	*	Scaffold3806	17532	17620	89	*
Scaffold21201	43442	43499	58	*	Scaffold2317	91117	91174	58	*
Scaffold21204	2076	2127	52	*	Scaffold1168	101906	101957	52	*
Scaffold21204	2649	2701	53	*	Scaffold1168	101488	101540	53	*
Scaffold21204	1891	1941	51	*	Scaffold1717	43117	43167	51	*
Scaffold21204	2670	2722	53	*	Scaffold1717	43898	43950	53	*
Scaffold21204	3173	3225	53	*	Scaffold2956	40619	40671	53	*
Scaffold21204	2412	2464	53	*	Scaffold423	116452	116504	53	*
Scaffold21204	3159	3214	56	*	Scaffold601	333779	333834	56	*
Scaffold21207	12930	12981	52	*	Scaffold140	790807	790858	52	*
Scaffold2121	27	110	84	*	Scaffold143	1109229	1109312	84	*
Scaffold212187	96	146	51	*	Scaffold1037	93011	93061	51	*
Scaffold212187	56	111	56	*	Scaffold1103	98593	98648	56	*
Scaffold212187	56	120	65	*	Scaffold1452	37648	37712	65	*
Scaffold212187	44	118	75	*	Scaffold1589	100964	101038	75	*
Scaffold212187	65	146	82	*	Scaffold16	926478	926559	82	*
Scaffold212187	49	102	54	*	Scaffold1721	25160	25213	54	*
Scaffold212187	57	145	89	*	Scaffold200	31158	31246	89	*
Scaffold212187	51	119	69	*	Scaffold216	8857	8925	69	*
Scaffold212187	38	110	73	*	Scaffold2186	74896	74968	73	*
Scaffold212187	44	108	65	*	Scaffold2215	112610	112674	65	*
Scaffold212187	63	119	57	*	Scaffold237	183480	183536	57	*
Scaffold212187	56	121	66	*	Scaffold3	1557700	1557765	66	*
Scaffold212187	28	114	87	*	Scaffold345	216726	216812	87	*
Scaffold212187	56	146	91	*	Scaffold3540	12984	13074	91	*
Scaffold212187	51	107	57	*	Scaffold364	15649	15705	57	*
Scaffold212187	56	109	54	*	Scaffold39	903326	903379	54	*
Scaffold212187	59	146	88	*	Scaffold413	82990	83077	88	*
Scaffold212187	56	144	89	*	Scaffold5513	7512	7600	89	*
Scaffold212187	62	118	57	*	Scaffold577	122663	122719	57	*
Scaffold212187	58	110	53	*	Scaffold6261	8291	8343	53	*
Scaffold212187	63	119	57	*	Scaffold77	1008860	1008916	57	*
Scaffold212297	791	842	52	*	Scaffold1664	540	591	52	*
Scaffold2123	123705	123758	54	*	Scaffold151	708822	708875	54	*
Scaffold2123	34115	34171	57	*	Scaffold18	332343	332399	57	*
Scaffold2123	136952	137009	58	*	Scaffold2424	54140	54197	58	*
Scaffold2124	39933	39997	65	*	Scaffold1992	16090	16154	65	*
Scaffold21240	18175	18232	58	*	Scaffold2976	17605	17662	58	*
Scaffold21240	18175	18236	62	*	Scaffold2976	16734	16795	62	*
Scaffold21240	14479	14593	115	*	Scaffold5191	8356	8470	115	*
Scaffold21240	14334	14388	55	*	Scaffold5191	8560	8614	55	*
Scaffold21243	8021	8073	53	*	Scaffold4	876480	876532	53	*
Scaffold21244	12078	12135	58	*	Scaffold345	1059433	1059490	58	*
Scaffold21244	12168	12222	55	*	Scaffold345	1059346	1059400	55	*
Scaffold21249	7359	7408	50	*	Scaffold2430	23833	23882	50	*
Scaffold21249	7359	7408	50	*	Scaffold31	1324290	1324339	50	*
Scaffold21249	9665	9735	71	*	Scaffold5191	8449	8519	71	*
Scaffold21249	7357	7489	133	*	Scaffold5191	8262	8394	133	*
Scaffold21249	9611	9663	53	*	Scaffold5191	8395	8447	53	*
Scaffold21253	23518	23569	52	*	Scaffold183	372788	372839	52	*
Scaffold21253	22683	22751	69	*	Scaffold183	373731	373799	69	*
Scaffold21262	4611	4681	71	*	Scaffold53	392843	392913	71	*
Scaffold21267	7298	7360	63	*	Scaffold1534	131396	131458	63	*
Scaffold21267	7304	7358	55	*	Scaffold3200	44373	44427	55	*
Scaffold2127	21091	21162	72	*	Scaffold77	662356	662427	72	*
Scaffold21274	10075	10152	78	*	Scaffold1049	63809	63886	78	*
Scaffold212769	201	258	58	*	Scaffold3316	11072	11129	58	*
Scaffold21278	18453	18508	56	*	Scaffold412	370452	370507	56	*
Scaffold21278	16345	16415	71	*	Scaffold412	372313	372383	71	*
Scaffold21278	13488	13560	73	*	Scaffold412	373899	373971	73	*
Scaffold21278	16461	16528	68	*	Scaffold412	372200	372267	68	*
Scaffold21278	16345	16415	71	*	Scaffold597	45099	45169	71	*
Scaffold21278	18453	18508	56	*	Scaffold597	43238	43293	56	*
Scaffold21278	16461	16528	68	*	Scaffold597	44986	45053	68	*
Scaffold21278	13488	13560	73	*	Scaffold597	46685	46757	73	*
Scaffold2128	23109	23194	86	*	Scaffold502	134230	134315	86	*
Scaffold2128	23110	23175	66	*	Scaffold821	232037	232102	66	*
Scaffold21280	33210	33268	59	*	Scaffold896	207332	207390	59	*
Scaffold21280	20666	20717	52	*	Scaffold896	197063	197114	52	*
Scaffold21280	27897	27963	67	*	Scaffold896	203283	203349	67	*
Scaffold21280	20186	20281	96	*	Scaffold896	196587	196682	96	*
Scaffold21280	17983	18054	72	*	Scaffold896	194480	194551	72	*
Scaffold21280	19499	19571	73	*	Scaffold896	195978	196050	73	*
Scaffold21280	32935	33020	86	*	Scaffold896	207057	207142	86	*
Scaffold21280	20752	20809	58	*	Scaffold896	197147	197204	58	*
Scaffold21280	30365	30419	55	*	Scaffold896	206061	206115	55	*
Scaffold21280	33099	33166	68	*	Scaffold896	207221	207288	68	*
Scaffold212864	14	64	51	*	Scaffold2586	60245	60295	51	*
Scaffold2129	41393	41459	67	*	Scaffold472	356300	356366	67	*
Scaffold2129	23132	23205	74	*	Scaffold472	369782	369855	74	*
Scaffold2129	16742	16803	62	*	Scaffold472	376544	376605	62	*
Scaffold2129	36274	36336	63	*	Scaffold472	359462	359524	63	*
Scaffold2129	33377	33444	68	*	Scaffold472	361743	361810	68	*
Scaffold2129	36752	36825	74	*	Scaffold472	359008	359081	74	*
Scaffold2129	23809	23884	76	*	Scaffold472	369038	369113	76	*
Scaffold2129	27222	27288	67	*	Scaffold472	366724	366790	67	*
Scaffold2129	41461	41578	118	*	Scaffold472	356182	356299	118	*
Scaffold2129	16805	16857	53	*	Scaffold472	376490	376542	53	*
Scaffold2129	16410	16479	70	*	Scaffold472	376869	376938	70	*
Scaffold2129	16354	16408	55	*	Scaffold472	376940	376994	55	*
Scaffold2129	16661	16720	60	*	Scaffold472	376627	376686	60	*
Scaffold2132	56433	56487	55	*	Scaffold1564	207093	207147	55	*
Scaffold2132	41366	41415	50	*	Scaffold1564	209819	209868	50	*
Scaffold2132	56504	56557	54	*	Scaffold1564	207023	207076	54	*
Scaffold2132	56561	56625	65	*	Scaffold1564	206955	207019	65	*
Scaffold2132	55878	55932	55	*	Scaffold1564	207641	207695	55	*
Scaffold2132	38229	38290	62	*	Scaffold1564	215294	215355	62	*
Scaffold2132	30272	30342	71	*	Scaffold1564	219555	219625	71	*
Scaffold2132	38517	38583	67	*	Scaffold1564	214999	215065	67	*
Scaffold213297	783	836	54	*	Scaffold1641	75220	75273	54	*
Scaffold2133	111	162	52	*	Scaffold1992	16094	16145	52	*
Scaffold2133	110	165	56	*	Scaffold99	356896	356951	56	*
Scaffold2133	110	165	56	*	Scaffold99	353784	353839	56	*
Scaffold2135	118669	118722	54	*	Scaffold329	998976	999029	54	*
Scaffold2135	68080	68129	50	*	Scaffold329	957331	957380	50	*
Scaffold2135	123907	123957	51	*	Scaffold329	1004053	1004103	51	*
Scaffold2135	91247	91335	89	*	Scaffold329	972267	972355	89	*
Scaffold2135	157929	157984	56	*	Scaffold329	1038426	1038481	56	*
Scaffold2135	65088	65186	99	*	Scaffold329	954183	954281	99	*
Scaffold2135	63370	63420	51	*	Scaffold329	952394	952444	51	*
Scaffold2135	131578	131641	64	*	Scaffold329	1020338	1020401	64	*
Scaffold2135	64063	64120	58	*	Scaffold329	953113	953170	58	*
Scaffold2135	131458	131522	65	*	Scaffold329	1020218	1020282	65	*
Scaffold2135	110246	110299	54	*	Scaffold329	991909	991962	54	*
Scaffold2135	73479	73536	58	*	Scaffold329	963110	963167	58	*
Scaffold2135	95780	95841	62	*	Scaffold329	977589	977650	62	*
Scaffold2135	119764	119826	63	*	Scaffold329	999906	999968	63	*
Scaffold2135	117420	117492	73	*	Scaffold329	998032	998104	73	*
Scaffold2135	119764	119826	63	*	Scaffold6009	98	160	63	*
Scaffold2135	118669	118722	54	*	Scaffold6009	2240	2293	54	*
Scaffold213556	60	135	76	*	Scaffold86	126778	126853	76	*
Scaffold21356	2418	2469	52	*	Scaffold1564	245502	245553	52	*
Scaffold2136	21749	21798	50	*	Scaffold557	300766	300815	50	*
Scaffold2138	73395	73447	53	*	Scaffold256	110277	110329	53	*
Scaffold2138	87589	87645	57	*	Scaffold256	99085	99141	57	*
Scaffold21385	5105	5170	66	*	Scaffold225	642546	642611	66	*
Scaffold214074	6390	6491	102	*	Scaffold163	444511	444612	102	*
Scaffold214234	72	122	51	*	Scaffold172	27321	27371	51	*
Scaffold214234	70	121	52	*	Scaffold879	173513	173564	52	*
Scaffold214234	199	251	53	*	Scaffold879	173634	173686	53	*
Scaffold21425	116	187	72	*	Scaffold1527	43297	43368	72	*
Scaffold214299	391	471	81	*	Scaffold187	877830	877910	81	*
Scaffold21435	12156	12225	70	*	Scaffold258	149803	149872	70	*
Scaffold21437	22216	22271	56	*	Scaffold1206	93967	94022	56	*
Scaffold21439	6313	6390	78	*	Scaffold28	149759	149836	78	*
Scaffold2144	27416	27471	56	*	Scaffold3911	19492	19547	56	*
Scaffold2144	48688	48746	59	*	Scaffold3911	2879	2937	59	*
Scaffold2145	37513	37571	59	*	Scaffold325	341511	341569	59	*
Scaffold2145	37515	37572	58	*	Scaffold445	391441	391498	58	*
Scaffold2147	96560	96621	62	*	Scaffold1572	129389	129450	62	*
Scaffold2147	82172	82226	55	*	Scaffold1572	118891	118945	55	*
Scaffold2147	107227	107299	73	*	Scaffold1572	134646	134718	73	*
Scaffold21470	6923	6973	51	*	Scaffold1578	81163	81213	51	*
Scaffold2148	84653	84716	64	*	Scaffold1329	250960	251023	64	*
Scaffold2148	45196	45245	50	*	Scaffold2061	6670	6719	50	*
Scaffold2148	84839	84889	51	*	Scaffold2354	128045	128095	51	*
Scaffold2148	84686	84738	53	*	Scaffold2356	51687	51739	53	*
Scaffold2148	84855	84910	56	*	Scaffold366	46112	46167	56	*
Scaffold2148	84646	84702	57	*	Scaffold3691	4284	4340	57	*
Scaffold2148	84574	84628	55	*	Scaffold486	323406	323460	55	*
Scaffold2148	45196	45245	50	*	Scaffold534	137628	137677	50	*
Scaffold2148	31704	31770	67	*	Scaffold534	121958	122024	67	*
Scaffold2148	10948	11003	56	*	Scaffold534	111166	111221	56	*
Scaffold2148	3898	3968	71	*	Scaffold534	107009	107079	71	*
Scaffold2148	30589	30655	67	*	Scaffold534	121958	122024	67	*
Scaffold2148	65680	65769	90	*	Scaffold534	149319	149408	90	*
Scaffold2148	65799	65849	51	*	Scaffold534	149438	149488	51	*
Scaffold2148	84557	84607	51	*	Scaffold617	207363	207413	51	*
Scaffold2148	84644	84701	58	*	Scaffold6368	8287	8344	58	*
Scaffold2148	84646	84705	60	*	Scaffold65	69923	69982	60	*
Scaffold214807	193	265	73	*	Scaffold558	389901	389973	73	*
Scaffold215075	31	98	68	*	Scaffold164	730361	730428	68	*
Scaffold2152	33357	33416	60	*	Scaffold3112	32361	32420	60	*
Scaffold2152	33502	33562	61	*	Scaffold3112	32511	32571	61	*
Scaffold21523	4482	4537	56	*	Scaffold73	10931	10986	56	*
Scaffold2153	46821	46876	56	*	Scaffold2026	66414	66469	56	*
Scaffold215356	147	198	52	*	Scaffold1117	1647	1698	52	*
Scaffold215356	1	145	145	*	Scaffold1117	1501	1645	145	*
Scaffold215356	13	158	146	*	Scaffold1453	145138	145283	146	*
Scaffold2154	46570	46626	57	*	Scaffold1037	92984	93040	57	*
Scaffold215492	126	187	62	*	Scaffold125	325150	325211	62	*
Scaffold215606	23	85	63	*	Scaffold197	344191	344253	63	*
Scaffold215606	13	77	65	*	Scaffold26	487659	487723	65	*
Scaffold215606	9	82	74	*	Scaffold32	676847	676920	74	*
Scaffold215606	23	81	59	*	Scaffold321	60257	60315	59	*
Scaffold215606	23	77	55	*	Scaffold336	294270	294324	55	*
Scaffold215606	28	83	56	*	Scaffold537	119024	119079	56	*
Scaffold215606	18	78	61	*	Scaffold6790	2207	2267	61	*
Scaffold215606	1	81	81	*	Scaffold748	289476	289556	81	*
Scaffold2157	39560	39621	62	*	Scaffold201	521684	521745	62	*
Scaffold2157	20437	20486	50	*	Scaffold201	503447	503496	50	*
Scaffold2157	29684	29736	53	*	Scaffold201	512244	512296	53	*
Scaffold2157	18839	18909	71	*	Scaffold201	501852	501922	71	*
Scaffold2157	41169	41258	90	*	Scaffold201	523238	523327	90	*
Scaffold2157	8449	8503	55	*	Scaffold201	490209	490263	55	*
Scaffold2157	29138	29241	104	*	Scaffold201	511700	511803	104	*
Scaffold2157	18769	18837	69	*	Scaffold201	501782	501850	69	*
Scaffold2157	39485	39534	50	*	Scaffold201	521609	521658	50	*
Scaffold2157	27686	27749	64	*	Scaffold201	510197	510260	64	*
Scaffold2157	20126	20200	75	*	Scaffold201	503122	503196	75	*
Scaffold2157	18328	18426	99	*	Scaffold201	501342	501440	99	*
Scaffold2157	41274	41382	109	*	Scaffold201	523343	523451	109	*
Scaffold2157	10588	10643	56	*	Scaffold201	491893	491948	56	*
Scaffold2157	6835	6889	55	*	Scaffold201	490209	490263	55	*
Scaffold2157	33797	33865	69	*	Scaffold201	516434	516502	69	*
Scaffold2157	15276	15342	67	*	Scaffold201	499118	499184	67	*
Scaffold2157	27751	27896	146	*	Scaffold201	510262	510407	146	*
Scaffold2157	18128	18222	95	*	Scaffold201	501142	501236	95	*
Scaffold2157	29308	29391	84	*	Scaffold201	511868	511951	84	*
Scaffold2157	29400	29456	57	*	Scaffold201	511960	512016	57	*
Scaffold2157	39383	39457	75	*	Scaffold201	521507	521581	75	*
Scaffold2157	29458	29619	162	*	Scaffold201	512018	512179	162	*
Scaffold2157	14932	14989	58	*	Scaffold201	498773	498830	58	*
Scaffold2157	21234	21303	70	*	Scaffold4526	769	838	70	*
Scaffold2157	21345	21430	86	*	Scaffold4526	883	968	86	*
Scaffold215773	132	185	54	*	Scaffold504	588498	588551	54	*
Scaffold215808	332	400	69	*	Scaffold240	220071	220139	69	*
Scaffold21581	3257	3330	74	*	Scaffold113	356442	356515	74	*
Scaffold2159	32522	32571	50	*	Scaffold2722	19375	19424	50	*
Scaffold2159	32787	32844	58	*	Scaffold2722	19116	19173	58	*
Scaffold216101	36	95	60	*	Scaffold396	363497	363556	60	*
Scaffold2162	108820	108891	72	*	Scaffold38	650360	650431	72	*
Scaffold21627	4919	4975	57	*	Scaffold77	128509	128565	57	*
Scaffold2163	15635	15698	64	*	Scaffold29434	84	147	64	*
Scaffold21639	534	606	73	*	Scaffold13	1294775	1294847	73	*
Scaffold2164	3438	3496	59	*	Scaffold18	331975	332033	59	*
Scaffold2164	6645	6734	90	*	Scaffold661	78111	78200	90	*
Scaffold2164	6555	6643	89	*	Scaffold661	78202	78290	89	*
Scaffold2165	197	378	182	*	Scaffold198	603612	603793	182	*
Scaffold21651	11523	11572	50	*	Scaffold14	178936	178985	50	*
Scaffold216678	1	56	56	*	Scaffold2002	26294	26349	56	*
Scaffold21669	5629	5678	50	*	Scaffold453	292140	292189	50	*
Scaffold216789	1	63	63	*	Scaffold30731	420	482	63	*
Scaffold21689	10564	10637	74	*	Scaffold5032	5772	5845	74	*
Scaffold216955	422	492	71	*	Scaffold103	505035	505105	71	*
Scaffold216955	360	420	61	*	Scaffold103	505107	505167	61	*
Scaffold217	113475	113608	134	*	Scaffold91	513858	513991	134	*
Scaffold217	113278	113350	73	*	Scaffold91	513661	513733	73	*
Scaffold2170	62367	62422	56	*	Scaffold1276	299226	299281	56	*
Scaffold21700	10137	10189	53	*	Scaffold1527	43391	43443	53	*
Scaffold21701	2476	2528	53	*	Scaffold27820	1878	1930	53	*
Scaffold21712	15396	15446	51	*	Scaffold1527	43514	43564	51	*
Scaffold217178	147	196	50	*	Scaffold1253	188405	188454	50	*
Scaffold217178	204	263	60	*	Scaffold1253	188462	188521	60	*
Scaffold217315	1640	1708	69	*	Scaffold470	293537	293605	69	*
Scaffold217315	2143	2195	53	*	Scaffold470	293391	293443	53	*
Scaffold217315	959	1010	52	*	Scaffold470	293553	293604	52	*
Scaffold217315	1494	1546	53	*	Scaffold470	293391	293443	53	*
Scaffold217315	2289	2356	68	*	Scaffold470	293537	293604	68	*
Scaffold217315	797	860	64	*	Scaffold470	293391	293454	64	*
Scaffold217315	309	358	50	*	Scaffold470	293486	293535	50	*
Scaffold217315	214	266	53	*	Scaffold470	293391	293443	53	*
Scaffold217315	360	428	69	*	Scaffold470	293537	293605	69	*
Scaffold217315	2197	2287	91	*	Scaffold470	293445	293535	91	*
Scaffold217315	862	941	80	*	Scaffold470	293456	293535	80	*
Scaffold217315	636	688	53	*	Scaffold470	293391	293443	53	*
Scaffold217315	1762	1829	68	*	Scaffold470	293537	293604	68	*
Scaffold2174	11762	11856	95	*	Scaffold33	453159	453253	95	*
Scaffold2174	11821	11931	111	*	Scaffold558	389782	389892	111	*
Scaffold2174	11895	11946	52	*	Scaffold95	816576	816627	52	*
Scaffold21746	11131	11185	55	*	Scaffold1527	43317	43371	55	*
Scaffold21752	7367	7419	53	*	Scaffold1527	43505	43557	53	*
Scaffold21752	7631	7681	51	*	Scaffold1527	43241	43291	51	*
Scaffold21752	7361	7411	51	*	Scaffold1684	114013	114063	51	*
Scaffold217677	183	239	57	*	Scaffold124	101801	101857	57	*
Scaffold217677	192	241	50	*	Scaffold20	692360	692409	50	*
Scaffold217677	210	276	67	*	Scaffold2312	56900	56966	67	*
Scaffold217677	187	237	51	*	Scaffold24	1016409	1016459	51	*
Scaffold217677	185	247	63	*	Scaffold272	332031	332093	63	*
Scaffold217677	190	239	50	*	Scaffold3789	18410	18459	50	*
Scaffold217677	184	239	56	*	Scaffold8514	5687	5742	56	*
Scaffold217677	184	239	56	*	Scaffold983	101835	101890	56	*
Scaffold217681	349	428	80	*	Scaffold2059	122428	122507	80	*
Scaffold217681	357	428	72	*	Scaffold335	241072	241143	72	*
Scaffold217703	760	812	53	*	Scaffold53	58621	58673	53	*
Scaffold217735	153	281	129	*	Scaffold1901	67010	67138	129	*
Scaffold218056	1	65	65	*	Scaffold69	540365	540429	65	*
Scaffold21809	8884	8937	54	*	Scaffold626	185717	185770	54	*
Scaffold2182	64706	64763	58	*	Scaffold3528	18172	18229	58	*
Scaffold2182	64245	64294	50	*	Scaffold3528	18415	18464	50	*
Scaffold21825	602	664	63	*	Scaffold1206	93833	93895	63	*
Scaffold2183	54270	54326	57	*	Scaffold5191	8373	8429	57	*
Scaffold2184	58647	58720	74	*	Scaffold1272	254358	254431	74	*
Scaffold2184	120675	120733	59	*	Scaffold18	332094	332152	59	*
Scaffold2184	117046	117097	52	*	Scaffold218	300373	300424	52	*
Scaffold2184	116246	116305	60	*	Scaffold218	301205	301264	60	*
Scaffold2184	117176	117267	92	*	Scaffold218	300205	300296	92	*
Scaffold2184	117046	117097	52	*	Scaffold586	73238	73289	52	*
Scaffold2184	117176	117267	92	*	Scaffold586	73366	73457	92	*
Scaffold2184	116246	116305	60	*	Scaffold586	72399	72458	60	*
Scaffold21853	23060	23111	52	*	Scaffold559	177925	177976	52	*
Scaffold21853	23656	23709	54	*	Scaffold602	67377	67430	54	*
Scaffold2187	48258	48308	51	*	Scaffold13	1164526	1164576	51	*
Scaffold2187	71941	71993	53	*	Scaffold6112	5605	5657	53	*
Scaffold218940	1	53	53	*	Scaffold1527	43502	43554	53	*
Scaffold218940	53	117	65	*	Scaffold74	515876	515940	65	*
Scaffold21895	3915	3966	52	*	Scaffold455	193060	193111	52	*
Scaffold219	10741	10809	69	*	Scaffold206	478029	478097	69	*
Scaffold2190	15839	15888	50	*	Scaffold2	1384735	1384784	50	*
Scaffold21905	8978	9045	68	*	Scaffold558	394164	394231	68	*
Scaffold219095	55	155	101	*	Scaffold100	906707	906807	101	*
Scaffold219095	67	127	61	*	Scaffold103	82019	82079	61	*
Scaffold219095	67	116	50	*	Scaffold110	870398	870447	50	*
Scaffold219095	67	134	68	*	Scaffold1359	138166	138233	68	*
Scaffold219095	91	155	65	*	Scaffold1592	45324	45388	65	*
Scaffold219095	67	155	89	*	Scaffold1733	176186	176274	89	*
Scaffold219095	80	170	91	*	Scaffold1791	134330	134420	91	*
Scaffold219095	84	163	80	*	Scaffold1800	80715	80794	80	*
Scaffold219095	70	138	69	*	Scaffold287	173458	173526	69	*
Scaffold219095	73	159	87	*	Scaffold332	279707	279793	87	*
Scaffold219095	102	176	75	*	Scaffold403	129087	129161	75	*
Scaffold219095	67	155	89	*	Scaffold469	145450	145538	89	*
Scaffold219095	110	165	56	*	Scaffold52	365233	365288	56	*
Scaffold219095	105	176	72	*	Scaffold537	275108	275179	72	*
Scaffold2191	13764	13819	56	*	Scaffold1891	53303	53358	56	*
Scaffold219112	52	106	55	*	Scaffold82	704457	704511	55	*
Scaffold219288	128	177	50	*	Scaffold298	127193	127242	50	*
Scaffold219290	101	166	66	*	Scaffold1684	175716	175781	66	*
Scaffold219437	94	149	56	*	Scaffold703	271508	271563	56	*
Scaffold219535	1	66	66	*	Scaffold140	790913	790978	66	*
Scaffold219725	1	52	52	*	Scaffold7190	2071	2122	52	*
Scaffold219821	1	102	102	*	Scaffold636	164889	164990	102	*
Scaffold21999	4319	4377	59	*	Scaffold22412	175	233	59	*
Scaffold22	214078	214127	50	*	Scaffold11930	189	238	50	*
Scaffold22	214078	214127	50	*	Scaffold153	48946	48995	50	*
Scaffold22	211338	211408	71	*	Scaffold153	47845	47915	71	*
Scaffold22	147016	147087	72	*	Scaffold326	678411	678482	72	*
Scaffold220	34704	34756	53	*	Scaffold411	299061	299113	53	*
Scaffold220	34586	34636	51	*	Scaffold411	298945	298995	51	*
Scaffold220	19321	19376	56	*	Scaffold62	1071793	1071848	56	*
Scaffold22007	17931	17987	57	*	Scaffold18	332936	332992	57	*
Scaffold22007	19954	20006	53	*	Scaffold85	704828	704880	53	*
Scaffold220218	31	89	59	*	Scaffold114	39579	39637	59	*
Scaffold220435	1	55	55	*	Scaffold47	292513	292567	55	*
Scaffold220620	237	291	55	*	Scaffold1783	69708	69762	55	*
Scaffold220620	236	285	50	*	Scaffold66	987986	988035	50	*
Scaffold220674	149	202	54	*	Scaffold626	185712	185765	54	*
Scaffold220679	4	61	58	*	Scaffold983	430024	430081	58	*
Scaffold220737	258	313	56	*	Scaffold2619	44090	44145	56	*
Scaffold220737	59	129	71	*	Scaffold5191	8266	8336	71	*
Scaffold220737	251	312	62	*	Scaffold5191	8458	8519	62	*
Scaffold221	22040	22089	50	*	Scaffold293	543685	543734	50	*
Scaffold221	188815	188875	61	*	Scaffold552	293317	293377	61	*
Scaffold22103	799	849	51	*	Scaffold49	602662	602712	51	*
Scaffold2211	18892	18942	51	*	Scaffold1	1480089	1480139	51	*
Scaffold22112	678	741	64	*	Scaffold1536	104429	104492	64	*
Scaffold22112	12675	12764	90	*	Scaffold325	341517	341606	90	*
Scaffold22112	930	1004	75	*	Scaffold528	272374	272448	75	*
Scaffold22112	529	582	54	*	Scaffold79	375671	375724	54	*
Scaffold22112	946	995	50	*	Scaffold79	375260	375309	50	*
Scaffold221314	1	69	69	*	Scaffold375	735200	735268	69	*
Scaffold221314	19	70	52	*	Scaffold6855	522	573	52	*
Scaffold22175	37506	37557	52	*	Scaffold1150	336301	336352	52	*
Scaffold22183	4039	4101	63	*	Scaffold153	634320	634382	63	*
Scaffold221933	233	288	56	*	Scaffold1978	32446	32501	56	*
Scaffold221950	27	77	51	*	Scaffold22	1123488	1123538	51	*
Scaffold222	30114	30185	72	*	Scaffold124	578322	578393	72	*
Scaffold222	38068	38127	60	*	Scaffold79	375188	375247	60	*
Scaffold2222	19176	19225	50	*	Scaffold830	179573	179622	50	*
Scaffold22229	14938	14987	50	*	Scaffold16	252232	252281	50	*
Scaffold2224	14975	15024	50	*	Scaffold328	17007	17056	50	*
Scaffold2224	14452	14510	59	*	Scaffold328	16484	16542	59	*
Scaffold2225	106	161	56	*	Scaffold125	238861	238916	56	*
Scaffold2225	96749	96817	69	*	Scaffold1407	62186	62254	69	*
Scaffold2225	85673	85723	51	*	Scaffold1580	70707	70757	51	*
Scaffold2225	96753	96820	68	*	Scaffold1957	87450	87517	68	*
Scaffold2225	85674	85728	55	*	Scaffold2	1307906	1307960	55	*
Scaffold2225	115	174	60	*	Scaffold2	1383665	1383724	60	*
Scaffold2225	96749	96826	78	*	Scaffold206	33836	33913	78	*
Scaffold2225	96751	96810	60	*	Scaffold62	1298985	1299044	60	*
Scaffold222510	329	392	64	*	Scaffold306	215996	216059	64	*
Scaffold222510	350	406	57	*	Scaffold52	730213	730269	57	*
Scaffold222637	222	273	52	*	Scaffold14246	313	364	52	*
Scaffold22276	184	392	209	*	Scaffold2782	24369	24577	209	*
Scaffold22276	1990	2041	52	*	Scaffold2782	26113	26164	52	*
Scaffold22276	1189	1271	83	*	Scaffold2782	25375	25457	83	*
Scaffold22276	5284	5668	385	*	Scaffold2782	28687	29071	385	*
Scaffold22276	1485	1604	120	*	Scaffold2782	25607	25726	120	*
Scaffold22276	3820	3955	136	*	Scaffold2782	27406	27541	136	*
Scaffold22276	1418	1483	66	*	Scaffold2782	25541	25606	66	*
Scaffold22276	1606	1720	115	*	Scaffold2782	25728	25842	115	*
Scaffold22276	394	445	52	*	Scaffold2782	24579	24630	52	*
Scaffold22276	39	124	86	*	Scaffold2782	24222	24307	86	*
Scaffold22276	714	800	87	*	Scaffold2782	24899	24985	87	*
Scaffold22276	3974	4131	158	*	Scaffold2782	27561	27718	158	*
Scaffold22276	1754	1885	132	*	Scaffold2782	25876	26007	132	*
Scaffold22276	1057	1150	94	*	Scaffold2782	25243	25336	94	*
Scaffold22276	3384	3710	327	*	Scaffold2782	26970	27296	327	*
Scaffold22276	4133	4242	110	*	Scaffold2782	27720	27829	110	*
Scaffold22276	3712	3818	107	*	Scaffold2782	27298	27404	107	*
Scaffold22276	450	679	230	*	Scaffold2782	24635	24864	230	*
Scaffold22276	913	971	59	*	Scaffold2782	25097	25155	59	*
Scaffold22276	3301	3362	62	*	Scaffold2782	26882	26943	62	*
Scaffold2229	49677	49729	53	*	Scaffold254	583683	583735	53	*
Scaffold2229	49677	49729	53	*	Scaffold5304	9445	9497	53	*
Scaffold222908	53	104	52	*	Scaffold164	730266	730317	52	*
Scaffold22292	153728	153784	57	*	Scaffold143	744804	744860	57	*
Scaffold22292	61479	61561	83	*	Scaffold143	836831	836913	83	*
Scaffold22292	139510	139570	61	*	Scaffold143	758638	758698	61	*
Scaffold22292	24238	24311	74	*	Scaffold143	885834	885907	74	*
Scaffold22292	135750	135814	65	*	Scaffold143	762392	762456	65	*
Scaffold22292	160886	160945	60	*	Scaffold143	733964	734023	60	*
Scaffold22292	129198	129323	126	*	Scaffold143	769573	769698	126	*
Scaffold22292	148278	148373	96	*	Scaffold143	749551	749646	96	*
Scaffold22292	58359	58408	50	*	Scaffold143	840206	840255	50	*
Scaffold22292	67883	67954	72	*	Scaffold143	830988	831059	72	*
Scaffold22292	46879	46932	54	*	Scaffold143	852312	852365	54	*
Scaffold22292	51949	52021	73	*	Scaffold143	847524	847596	73	*
Scaffold22292	179283	179333	51	*	Scaffold143	717252	717302	51	*
Scaffold22292	161915	161974	60	*	Scaffold143	732902	732961	60	*
Scaffold22292	24347	24408	62	*	Scaffold143	885737	885798	62	*
Scaffold22292	180295	180349	55	*	Scaffold143	716244	716298	55	*
Scaffold22292	33553	33609	57	*	Scaffold143	865066	865122	57	*
Scaffold22292	83078	83127	50	*	Scaffold143	815104	815153	50	*
Scaffold22292	120137	120231	95	*	Scaffold143	778888	778982	95	*
Scaffold22292	29564	29623	60	*	Scaffold143	868644	868703	60	*
Scaffold22292	12068	12128	61	*	Scaffold143	896710	896770	61	*
Scaffold22292	179773	179829	57	*	Scaffold143	716756	716812	57	*
Scaffold22292	80124	80180	57	*	Scaffold143	818355	818411	57	*
Scaffold22292	170289	170341	53	*	Scaffold143	728418	728470	53	*
Scaffold22292	160284	160334	51	*	Scaffold143	734591	734641	51	*
Scaffold22292	91798	91849	52	*	Scaffold143	806740	806791	52	*
Scaffold22292	51781	51894	114	*	Scaffold143	847651	847764	114	*
Scaffold22292	39610	39666	57	*	Scaffold143	859865	859921	57	*
Scaffold22292	47629	47711	83	*	Scaffold143	851572	851654	83	*
Scaffold22292	42270	42321	52	*	Scaffold143	856663	856714	52	*
Scaffold22292	130933	131013	81	*	Scaffold143	767540	767620	81	*
Scaffold22292	120521	120582	62	*	Scaffold143	778538	778599	62	*
Scaffold22292	25992	26058	67	*	Scaffold143	884027	884093	67	*
Scaffold22292	120350	120427	78	*	Scaffold143	778690	778767	78	*
Scaffold22292	68083	68183	101	*	Scaffold143	830759	830859	101	*
Scaffold22292	79983	80080	98	*	Scaffold143	818455	818552	98	*
Scaffold22292	175746	175803	58	*	Scaffold143	721778	721835	58	*
Scaffold22292	154013	154070	58	*	Scaffold143	744522	744579	58	*
Scaffold22292	45764	45855	92	*	Scaffold143	853909	854000	92	*
Scaffold22292	161826	161899	74	*	Scaffold143	732977	733050	74	*
Scaffold22292	67956	68022	67	*	Scaffold143	830920	830986	67	*
Scaffold22292	180557	180607	51	*	Scaffold143	715986	716036	51	*
Scaffold22292	48770	48879	110	*	Scaffold143	850516	850625	110	*
Scaffold22292	75468	75539	72	*	Scaffold143	823154	823225	72	*
Scaffold22292	2500	2549	50	*	Scaffold143	908315	908364	50	*
Scaffold22292	9981	10064	84	*	Scaffold143	898824	898907	84	*
Scaffold22292	67663	67745	83	*	Scaffold143	831196	831278	83	*
Scaffold22292	92596	92651	56	*	Scaffold143	805843	805898	56	*
Scaffold22292	50818	50875	58	*	Scaffold143	848560	848617	58	*
Scaffold22292	148207	148267	61	*	Scaffold143	749657	749717	61	*
Scaffold22292	148850	148907	58	*	Scaffold143	749009	749066	58	*
Scaffold22292	67093	67149	57	*	Scaffold143	831790	831846	57	*
Scaffold22292	67384	67479	96	*	Scaffold143	831460	831555	96	*
Scaffold22292	89191	89240	50	*	Scaffold143	809496	809545	50	*
Scaffold22292	140233	140336	104	*	Scaffold143	757874	757977	104	*
Scaffold22292	153551	153716	166	*	Scaffold143	744872	745037	166	*
Scaffold22292	31618	31676	59	*	Scaffold143	866714	866772	59	*
Scaffold22292	152222	152315	94	*	Scaffold143	746278	746371	94	*
Scaffold22292	17855	17932	78	*	Scaffold143	890142	890219	78	*
Scaffold22292	135102	135164	63	*	Scaffold143	763073	763135	63	*
Scaffold22292	6829	6881	53	*	Scaffold143	903368	903420	53	*
Scaffold22292	28483	28658	176	*	Scaffold143	869651	869826	176	*
Scaffold22292	157519	157586	68	*	Scaffold143	737586	737653	68	*
Scaffold22292	67308	67382	75	*	Scaffold143	831557	831631	75	*
Scaffold22292	107972	108021	50	*	Scaffold143	790112	790161	50	*
Scaffold22292	52055	52122	68	*	Scaffold143	847420	847487	68	*
Scaffold22292	79516	79647	132	*	Scaffold143	818891	819022	132	*
Scaffold22292	128957	129006	50	*	Scaffold143	769890	769939	50	*
Scaffold22292	55370	55459	90	*	Scaffold143	844068	844157	90	*
Scaffold22292	42332	42388	57	*	Scaffold143	856596	856652	57	*
Scaffold22292	170503	170556	54	*	Scaffold143	728211	728264	54	*
Scaffold22292	131415	131476	62	*	Scaffold143	767082	767143	62	*
Scaffold22292	26637	26696	60	*	Scaffold143	874094	874153	60	*
Scaffold22292	79782	79831	50	*	Scaffold143	818707	818756	50	*
Scaffold22292	152962	153061	100	*	Scaffold143	745524	745623	100	*
Scaffold22292	185581	185635	55	*	Scaffold143	710596	710650	55	*
Scaffold22292	65970	66027	58	*	Scaffold143	832881	832938	58	*
Scaffold22292	83193	83276	84	*	Scaffold143	814955	815038	84	*
Scaffold22292	57998	58055	58	*	Scaffold143	840568	840625	58	*
Scaffold22292	160410	160483	74	*	Scaffold143	734428	734501	74	*
Scaffold22292	55099	55151	53	*	Scaffold143	844371	844423	53	*
Scaffold22292	67151	67237	87	*	Scaffold143	831702	831788	87	*
Scaffold22292	34248	34302	55	*	Scaffold143	864427	864481	55	*
Scaffold22292	82793	82881	89	*	Scaffold143	815397	815485	89	*
Scaffold22292	31309	31361	53	*	Scaffold143	867048	867100	53	*
Scaffold22292	68024	68074	51	*	Scaffold143	830868	830918	51	*
Scaffold22292	105999	106053	55	*	Scaffold143	792206	792260	55	*
Scaffold22292	24504	24556	53	*	Scaffold143	885589	885641	53	*
Scaffold22292	80513	80579	67	*	Scaffold143	817954	818020	67	*
Scaffold22292	36501	36559	59	*	Scaffold143	862702	862760	59	*
Scaffold22292	181490	181604	115	*	Scaffold143	715006	715120	115	*
Scaffold22292	126287	126356	70	*	Scaffold143	772881	772950	70	*
Scaffold22292	84574	84662	89	*	Scaffold143	813331	813419	89	*
Scaffold22292	170596	170733	138	*	Scaffold143	728035	728172	138	*
Scaffold22292	67747	67799	53	*	Scaffold143	831142	831194	53	*
Scaffold22292	180455	180508	54	*	Scaffold143	716085	716138	54	*
Scaffold22292	13797	13854	58	*	Scaffold143	894384	894441	58	*
Scaffold22292	11990	12066	77	*	Scaffold143	896772	896848	77	*
Scaffold22292	74539	74604	66	*	Scaffold143	824764	824829	66	*
Scaffold22292	60149	60208	60	*	Scaffold143	838587	838646	60	*
Scaffold22292	184737	184807	71	*	Scaffold143	711431	711501	71	*
Scaffold22292	66931	67043	113	*	Scaffold143	831890	832002	113	*
Scaffold22292	188658	188728	71	*	Scaffold143	706449	706519	71	*
Scaffold22292	91464	91524	61	*	Scaffold143	807002	807062	61	*
Scaffold22292	80237	80286	50	*	Scaffold143	818249	818298	50	*
Scaffold22292	148909	148972	64	*	Scaffold143	748944	749007	64	*
Scaffold22292	181362	181412	51	*	Scaffold143	715199	715249	51	*
Scaffold22292	31535	31585	51	*	Scaffold143	866805	866855	51	*
Scaffold22292	179166	179215	50	*	Scaffold143	717370	717419	50	*
Scaffold22292	10071	10177	107	*	Scaffold143	898711	898817	107	*
Scaffold22292	152414	152467	54	*	Scaffold143	746124	746177	54	*
Scaffold22292	181435	181488	54	*	Scaffold143	715122	715175	54	*
Scaffold22292	171709	171881	173	*	Scaffold198	603556	603728	173	*
Scaffold22293	5187	5242	56	*	Scaffold1062	47685	47740	56	*
Scaffold22293	5288	5338	51	*	Scaffold1062	47589	47639	51	*
Scaffold22293	5288	5338	51	*	Scaffold2493	3085	3135	51	*
Scaffold22293	5187	5242	56	*	Scaffold2493	2984	3039	56	*
Scaffold22295	6307	6371	65	*	Scaffold194	775916	775980	65	*
Scaffold22295	2622	2675	54	*	Scaffold194	771916	771969	54	*
Scaffold2230	44587	44638	52	*	Scaffold411	262887	262938	52	*
Scaffold2230	44587	44638	52	*	Scaffold411	285893	285944	52	*
Scaffold223023	118	178	61	*	Scaffold19990	1550	1610	61	*
Scaffold22309	10668	10730	63	*	Scaffold50	262536	262598	63	*
Scaffold2231	127297	127355	59	*	Scaffold117	172063	172121	59	*
Scaffold2231	72860	72916	57	*	Scaffold117	146369	146425	57	*
Scaffold2231	3639	3748	110	*	Scaffold1593	163946	164055	110	*
Scaffold2231	3472	3533	62	*	Scaffold1593	163785	163846	62	*
Scaffold2231	93341	93391	51	*	Scaffold1641	102976	103026	51	*
Scaffold2231	92556	92606	51	*	Scaffold1641	103943	103993	51	*
Scaffold2231	72860	72916	57	*	Scaffold1641	113141	113197	57	*
Scaffold2231	71113	71163	51	*	Scaffold1641	115478	115528	51	*
Scaffold2231	91351	91405	55	*	Scaffold1641	105203	105257	55	*
Scaffold2231	127297	127355	59	*	Scaffold1641	83532	83590	59	*
Scaffold22310	3685	3734	50	*	Scaffold79	375260	375309	50	*
Scaffold2232	60020	60116	97	*	Scaffold1216	119308	119404	97	*
Scaffold2233	21180	21240	61	*	Scaffold135	662780	662840	61	*
Scaffold2233	45102	45152	51	*	Scaffold135	681826	681876	51	*
Scaffold2233	39521	39577	57	*	Scaffold971	177306	177362	57	*
Scaffold22332	8416	8479	64	*	Scaffold353	136619	136682	64	*
Scaffold22332	8420	8482	63	*	Scaffold66	440582	440644	63	*
Scaffold22335	6224	6284	61	*	Scaffold1495	109153	109213	61	*
Scaffold223387	84	143	60	*	Scaffold1223	64365	64424	60	*
Scaffold223633	1	74	74	*	Scaffold1763	123838	123911	74	*
Scaffold223677	1201	1256	56	*	Scaffold566	93813	93868	56	*
Scaffold22371	5918	5970	53	*	Scaffold365	31629	31681	53	*
Scaffold2239	32084	32136	53	*	Scaffold29342	1570	1622	53	*
Scaffold2239	25128	25178	51	*	Scaffold54	1210194	1210244	51	*
Scaffold2239	32084	32136	53	*	Scaffold54	1199875	1199927	53	*
Scaffold2239	56449	56602	154	*	Scaffold54	1179783	1179936	154	*
Scaffold2239	30597	30650	54	*	Scaffold54	1204235	1204288	54	*
Scaffold223940	1	54	54	*	Scaffold285	354716	354769	54	*
Scaffold224	43774	43835	62	*	Scaffold205	626911	626972	62	*
Scaffold22413	43104	43169	66	*	Scaffold1412	22012	22077	66	*
Scaffold22413	43104	43169	66	*	Scaffold24826	1040	1105	66	*
Scaffold22423	9	63	55	*	Scaffold1347	28886	28940	55	*
Scaffold224356	51	120	70	*	Scaffold1112	111958	112027	70	*
Scaffold224356	56	111	56	*	Scaffold122	1131559	1131614	56	*
Scaffold224356	58	120	63	*	Scaffold1671	27237	27299	63	*
Scaffold224356	56	107	52	*	Scaffold1757	278151	278202	52	*
Scaffold224356	57	110	54	*	Scaffold1871	90195	90248	54	*
Scaffold224356	50	120	71	*	Scaffold2004	148470	148540	71	*
Scaffold224356	55	108	54	*	Scaffold37	94316	94369	54	*
Scaffold224356	54	105	52	*	Scaffold518	254631	254682	52	*
Scaffold224356	51	115	65	*	Scaffold666	37228	37292	65	*
Scaffold224356	52	101	50	*	Scaffold790	204962	205011	50	*
Scaffold224356	49	104	56	*	Scaffold813	42506	42561	56	*
Scaffold224461	192	350	159	*	Scaffold8458	47	205	159	*
Scaffold224461	459	553	95	*	Scaffold8458	311	405	95	*
Scaffold224461	352	450	99	*	Scaffold8458	207	305	99	*
Scaffold22457	14389	14448	60	*	Scaffold486	35940	35999	60	*
Scaffold22473	315	373	59	*	Scaffold721	111291	111349	59	*
Scaffold22487	9365	9420	56	*	Scaffold108	424392	424447	56	*
Scaffold22487	44843	44906	64	*	Scaffold108	446649	446712	64	*
Scaffold22487	17866	17915	50	*	Scaffold108	433996	434045	50	*
Scaffold224995	228	278	51	*	Scaffold636	557948	557998	51	*
Scaffold225	64596	64648	53	*	Scaffold202	186063	186115	53	*
Scaffold225	31420	31478	59	*	Scaffold749	140898	140956	59	*
Scaffold2251	47386	47448	63	*	Scaffold1566	43544	43606	63	*
Scaffold2251	34097	34146	50	*	Scaffold1566	55987	56036	50	*
Scaffold2251	104222	104272	51	*	Scaffold1910	111998	112048	51	*
Scaffold2251	103446	103509	64	*	Scaffold1910	113029	113092	64	*
Scaffold2252	88596	88651	56	*	Scaffold975	114688	114743	56	*
Scaffold22526	3122	3175	54	*	Scaffold272	72703	72756	54	*
Scaffold2253	7080	7157	78	*	Scaffold632	302264	302341	78	*
Scaffold2253	8002	8068	67	*	Scaffold632	302275	302341	67	*
Scaffold22530	8844	8910	67	*	Scaffold1924	82035	82101	67	*
Scaffold225381	69	123	55	*	Scaffold179	558653	558707	55	*
Scaffold22540	20902	20953	52	*	Scaffold658	294108	294159	52	*
Scaffold22540	36671	36723	53	*	Scaffold658	308329	308381	53	*
Scaffold22540	33688	33751	64	*	Scaffold658	305199	305262	64	*
Scaffold22540	19377	19432	56	*	Scaffold658	292590	292645	56	*
Scaffold22540	30826	30883	58	*	Scaffold658	303868	303925	58	*
Scaffold22540	26913	26978	66	*	Scaffold658	300535	300600	66	*
Scaffold22540	33817	33893	77	*	Scaffold658	305328	305404	77	*
Scaffold22540	12955	13016	62	*	Scaffold658	286036	286097	62	*
Scaffold22540	30573	30694	122	*	Scaffold658	303632	303753	122	*
Scaffold22540	20762	20835	74	*	Scaffold658	293968	294041	74	*
Scaffold22540	13518	13651	134	*	Scaffold658	286587	286720	134	*
Scaffold22540	6504	6592	89	*	Scaffold658	281726	281814	89	*
Scaffold225507	73	129	57	*	Scaffold4901	3768	3824	57	*
Scaffold2256	16160	16215	56	*	Scaffold489	713826	713881	56	*
Scaffold22561	4938	5002	65	*	Scaffold1985	290242	290306	65	*
Scaffold225938	1	54	54	*	Scaffold457	258373	258426	54	*
Scaffold22597	15936	16025	90	*	Scaffold1272	97150	97239	90	*
Scaffold22597	32838	32890	53	*	Scaffold1272	111806	111858	53	*
Scaffold22597	32838	32890	53	*	Scaffold1272	113578	113630	53	*
Scaffold2260	1370	1433	64	*	Scaffold253	158390	158453	64	*
Scaffold226267	139	195	57	*	Scaffold29196	485	541	57	*
Scaffold22633	148	201	54	*	Scaffold1549	56994	57047	54	*
Scaffold2265	13168	13249	82	*	Scaffold2095	67028	67109	82	*
Scaffold2265	13124	13246	123	*	Scaffold52	411560	411682	123	*
Scaffold226529	25	79	55	*	Scaffold394	664797	664851	55	*
Scaffold2266	97938	97989	52	*	Scaffold1207	396398	396449	52	*
Scaffold2266	95791	95842	52	*	Scaffold1207	396398	396449	52	*
Scaffold22662	432	525	94	*	Scaffold438	169718	169811	94	*
Scaffold22662	356	418	63	*	Scaffold438	169825	169887	63	*
Scaffold22667	2221	2270	50	*	Scaffold5191	8376	8425	50	*
Scaffold22668	14911	14979	69	*	Scaffold650	193605	193673	69	*
Scaffold22669	4238	4288	51	*	Scaffold1256	461579	461629	51	*
Scaffold2267	43171	43220	50	*	Scaffold1419	19153	19202	50	*
Scaffold22688	15975	16025	51	*	Scaffold216	127165	127215	51	*
Scaffold22689	80	136	57	*	Scaffold1366	94398	94454	57	*
Scaffold22689	1	77	77	*	Scaffold1366	94319	94395	77	*
Scaffold2269	58767	58820	54	*	Scaffold110	552836	552889	54	*
Scaffold2269	96588	96652	65	*	Scaffold110	519328	519392	65	*
Scaffold2269	36535	36586	52	*	Scaffold110	568047	568098	52	*
Scaffold227	27942	28000	59	*	Scaffold168	280944	281002	59	*
Scaffold2270	49057	49110	54	*	Scaffold7054	3079	3132	54	*
Scaffold227075	12	71	60	*	Scaffold1253	38415	38474	60	*
Scaffold227075	6	62	57	*	Scaffold1581	91679	91735	57	*
Scaffold227075	25	91	67	*	Scaffold334	434781	434847	67	*
Scaffold227075	66	121	56	*	Scaffold676	12207	12262	56	*
Scaffold227075	3	64	62	*	Scaffold676	12263	12324	62	*
Scaffold227075	10	62	53	*	Scaffold712	332917	332969	53	*
Scaffold227075	11	70	60	*	Scaffold883	296382	296441	60	*
Scaffold227075	9	65	57	*	Scaffold94	498598	498654	57	*
Scaffold2271	28412	28473	62	*	Scaffold197	285623	285684	62	*
Scaffold2271	70804	70859	56	*	Scaffold197	330741	330796	56	*
Scaffold2271	29782	29831	50	*	Scaffold197	286994	287043	50	*
Scaffold2271	27952	28066	115	*	Scaffold197	285163	285277	115	*
Scaffold227386	61	112	52	*	Scaffold102	379089	379140	52	*
Scaffold227386	53	107	55	*	Scaffold102	388183	388237	55	*
Scaffold227386	69	120	52	*	Scaffold1029	221348	221399	52	*
Scaffold227386	61	140	80	*	Scaffold1030	278046	278125	80	*
Scaffold227386	146	198	53	*	Scaffold104	470447	470499	53	*
Scaffold227386	50	100	51	*	Scaffold1067	94712	94762	51	*
Scaffold227386	52	124	73	*	Scaffold1125	259379	259451	73	*
Scaffold227386	84	138	55	*	Scaffold114	246305	246359	55	*
Scaffold227386	81	135	55	*	Scaffold1206	129739	129793	55	*
Scaffold227386	51	101	51	*	Scaffold1227	34244	34294	51	*
Scaffold227386	146	202	57	*	Scaffold1275	231281	231337	57	*
Scaffold227386	53	111	59	*	Scaffold1278	100409	100467	59	*
Scaffold227386	41	98	58	*	Scaffold139	526197	526254	58	*
Scaffold227386	67	120	54	*	Scaffold144	344191	344244	54	*
Scaffold227386	146	215	70	*	Scaffold150	220604	220673	70	*
Scaffold227386	146	216	71	*	Scaffold1545	269967	270037	71	*
Scaffold227386	164	215	52	*	Scaffold1584	16733	16784	52	*
Scaffold227386	52	116	65	*	Scaffold1636	190987	191051	65	*
Scaffold227386	146	195	50	*	Scaffold180	195881	195930	50	*
Scaffold227386	143	195	53	*	Scaffold185	258044	258096	53	*
Scaffold227386	78	127	50	*	Scaffold189	621447	621496	50	*
Scaffold227386	53	124	72	*	Scaffold206	193141	193212	72	*
Scaffold227386	71	124	54	*	Scaffold20657	642	695	54	*
Scaffold227386	51	105	55	*	Scaffold227	261880	261934	55	*
Scaffold227386	62	113	52	*	Scaffold230	171566	171617	52	*
Scaffold227386	57	118	62	*	Scaffold234	614243	614304	62	*
Scaffold227386	36	87	52	*	Scaffold23566	110	161	52	*
Scaffold227386	35	95	61	*	Scaffold2435	81724	81784	61	*
Scaffold227386	58	108	51	*	Scaffold246	348428	348478	51	*
Scaffold227386	71	122	52	*	Scaffold2557	484	535	52	*
Scaffold227386	145	201	57	*	Scaffold281	88803	88859	57	*
Scaffold227386	138	188	51	*	Scaffold29	163	213	51	*
Scaffold227386	141	196	56	*	Scaffold2969	9640	9695	56	*
Scaffold227386	65	120	56	*	Scaffold3132	97918	97973	56	*
Scaffold227386	67	119	53	*	Scaffold3132	93718	93770	53	*
Scaffold227386	58	122	65	*	Scaffold329	1094585	1094649	65	*
Scaffold227386	64	114	51	*	Scaffold3297	33459	33509	51	*
Scaffold227386	63	119	57	*	Scaffold3429	583	639	57	*
Scaffold227386	69	123	55	*	Scaffold364	436206	436260	55	*
Scaffold227386	69	124	56	*	Scaffold365	583400	583455	56	*
Scaffold227386	146	203	58	*	Scaffold397	78618	78675	58	*
Scaffold227386	154	208	55	*	Scaffold402	336828	336882	55	*
Scaffold227386	65	121	57	*	Scaffold482	396704	396760	57	*
Scaffold227386	156	212	57	*	Scaffold4864	16273	16329	57	*
Scaffold227386	53	103	51	*	Scaffold504	650349	650399	51	*
Scaffold227386	63	135	73	*	Scaffold57	454068	454140	73	*
Scaffold227386	148	208	61	*	Scaffold57	1355452	1355512	61	*
Scaffold227386	152	206	55	*	Scaffold63	166419	166473	55	*
Scaffold227386	50	106	57	*	Scaffold640	263967	264023	57	*
Scaffold227386	53	109	57	*	Scaffold661	101859	101915	57	*
Scaffold227386	139	199	61	*	Scaffold663	197816	197876	61	*
Scaffold227386	53	114	62	*	Scaffold689	319833	319894	62	*
Scaffold227386	50	100	51	*	Scaffold717	205820	205870	51	*
Scaffold227386	53	103	51	*	Scaffold728	137557	137607	51	*
Scaffold227386	86	136	51	*	Scaffold729	168274	168324	51	*
Scaffold227386	58	129	72	*	Scaffold7514	8158	8229	72	*
Scaffold227386	51	106	56	*	Scaffold758	265108	265163	56	*
Scaffold227386	63	113	51	*	Scaffold770	133561	133611	51	*
Scaffold227386	40	99	60	*	Scaffold862	136748	136807	60	*
Scaffold227386	53	102	50	*	Scaffold87	262809	262858	50	*
Scaffold227386	59	114	56	*	Scaffold90	1189469	1189524	56	*
Scaffold227386	54	111	58	*	Scaffold912	315563	315620	58	*
Scaffold2274	665	714	50	*	Scaffold673	363933	363982	50	*
Scaffold2274	48558	48607	50	*	Scaffold673	401500	401549	50	*
Scaffold227485	59	139	81	*	Scaffold2032	73268	73348	81	*
Scaffold2275	43321	43372	52	*	Scaffold362	326701	326752	52	*
Scaffold22753	7761	7820	60	*	Scaffold201	499987	500046	60	*
Scaffold22759	27658	27707	50	*	Scaffold2	624284	624333	50	*
Scaffold2276	54748	54804	57	*	Scaffold613	241609	241665	57	*
Scaffold2276	43887	43966	80	*	Scaffold613	247817	247896	80	*
Scaffold2276	73663	73736	74	*	Scaffold613	231024	231097	74	*
Scaffold22770	7062	7122	61	*	Scaffold16	852640	852700	61	*
Scaffold22770	3058	3150	93	*	Scaffold16	847066	847158	93	*
Scaffold22770	9677	9744	68	*	Scaffold16	854926	854993	68	*
Scaffold22770	7510	7559	50	*	Scaffold16	853081	853130	50	*
Scaffold22770	2929	2989	61	*	Scaffold16	846936	846996	61	*
Scaffold22770	8115	8188	74	*	Scaffold16	853676	853749	74	*
Scaffold22770	3401	3465	65	*	Scaffold16	847413	847477	65	*
Scaffold22770	2998	3055	58	*	Scaffold16	847006	847063	58	*
Scaffold22770	2529	2592	64	*	Scaffold16	846539	846602	64	*
Scaffold22770	3401	3465	65	*	Scaffold450	551907	551971	65	*
Scaffold22770	2998	3055	58	*	Scaffold450	552320	552377	58	*
Scaffold22770	2529	2592	64	*	Scaffold450	552791	552854	64	*
Scaffold22770	3058	3150	93	*	Scaffold450	552225	552317	93	*
Scaffold22770	24816	24873	58	*	Scaffold6019	8999	9056	58	*
Scaffold22783	25298	25350	53	*	Scaffold372	572213	572265	53	*
Scaffold22796	12922	12983	62	*	Scaffold4831	11274	11335	62	*
Scaffold228	27539	27593	55	*	Scaffold43	744795	744849	55	*
Scaffold2281	35225	35279	55	*	Scaffold69	885225	885279	55	*
Scaffold2282	65716	65770	55	*	Scaffold3681	5957	6011	55	*
Scaffold22824	10262	10320	59	*	Scaffold74	818244	818302	59	*
Scaffold2283	86216	86275	60	*	Scaffold542	409528	409587	60	*
Scaffold22839	3018	3073	56	*	Scaffold11449	33	88	56	*
Scaffold22839	1549	1601	53	*	Scaffold470	293402	293454	53	*
Scaffold2284	24755	24836	82	*	Scaffold207	451329	451410	82	*
Scaffold2284	26475	26531	57	*	Scaffold207	449614	449670	57	*
Scaffold22845	16636	16695	60	*	Scaffold315	159332	159391	60	*
Scaffold228473	149	228	80	*	Scaffold1413	16686	16765	80	*
Scaffold228473	188	248	61	*	Scaffold661	78202	78262	61	*
Scaffold2286	6117	6198	82	*	Scaffold1412	91167	91248	82	*
Scaffold2286	125408	125481	74	*	Scaffold288	503351	503424	74	*
Scaffold2286	125795	125858	64	*	Scaffold288	504072	504135	64	*
Scaffold2286	6572	6623	52	*	Scaffold564	309335	309386	52	*
Scaffold2286	6106	6158	53	*	Scaffold616	438555	438607	53	*
Scaffold2286	62302	62398	97	*	Scaffold632	163082	163178	97	*
Scaffold2286	31132	31201	70	*	Scaffold632	132163	132232	70	*
Scaffold2286	125540	125604	65	*	Scaffold95	294344	294408	65	*
Scaffold2288	105961	106050	90	*	Scaffold1763	123825	123914	90	*
Scaffold22880	13346	13407	62	*	Scaffold339	452103	452164	62	*
Scaffold228813	1	57	57	*	Scaffold248	201129	201185	57	*
Scaffold228813	5	65	61	*	Scaffold68	945810	945870	61	*
Scaffold228880	667	724	58	*	Scaffold929	23587	23644	58	*
Scaffold22892	4154	4244	91	*	Scaffold338	752599	752689	91	*
Scaffold22892	4154	4247	94	*	Scaffold338	806076	806169	94	*
Scaffold229129	57	141	85	*	Scaffold113	72826	72910	85	*
Scaffold229129	23	84	62	*	Scaffold1527	43307	43368	62	*
Scaffold2292	68665	68720	56	*	Scaffold50	1136420	1136475	56	*
Scaffold22924	1921	1976	56	*	Scaffold1001	129497	129552	56	*
Scaffold22924	1916	1976	61	*	Scaffold1220	178144	178204	61	*
Scaffold22924	1917	1982	66	*	Scaffold182	288306	288371	66	*
Scaffold22924	1914	1980	67	*	Scaffold253	8099	8165	67	*
Scaffold22924	1921	1975	55	*	Scaffold311	484527	484581	55	*
Scaffold22924	1910	1976	67	*	Scaffold404	49503	49569	67	*
Scaffold22924	1908	1976	69	*	Scaffold423	90921	90989	69	*
Scaffold22924	1932	1984	53	*	Scaffold565	306077	306129	53	*
Scaffold22924	1925	1974	50	*	Scaffold58	548555	548604	50	*
Scaffold22924	1908	1964	57	*	Scaffold780	63620	63676	57	*
Scaffold229300	420	535	116	*	Scaffold688	11389	11504	116	*
Scaffold229300	467	542	76	*	Scaffold820	192124	192199	76	*
Scaffold22937	7862	7917	56	*	Scaffold107	94348	94403	56	*
Scaffold22937	9710	9767	58	*	Scaffold107	96153	96210	58	*
Scaffold229511	634	755	122	*	Scaffold2782	96563	96684	122	*
Scaffold229511	468	589	122	*	Scaffold2782	96733	96854	122	*
Scaffold22958	5087	5194	108	*	Scaffold1489	85847	85954	108	*
Scaffold22958	10023	10077	55	*	Scaffold1489	82296	82350	55	*
Scaffold2296	80428	80479	52	*	Scaffold348	589193	589244	52	*
Scaffold2296	92124	92243	120	*	Scaffold348	575882	576001	120	*
Scaffold2296	68425	68481	57	*	Scaffold348	600705	600761	57	*
Scaffold2296	95706	95760	55	*	Scaffold348	570871	570925	55	*
Scaffold2296	58395	58454	60	*	Scaffold348	610352	610411	60	*
Scaffold2296	70291	70342	52	*	Scaffold348	598600	598651	52	*
Scaffold2296	81710	81761	52	*	Scaffold348	588153	588204	52	*
Scaffold2296	60439	60492	54	*	Scaffold348	609152	609205	54	*
Scaffold2296	125399	125517	119	*	Scaffold348	538384	538502	119	*
Scaffold2296	123576	123634	59	*	Scaffold348	540335	540393	59	*
Scaffold2296	96951	97062	112	*	Scaffold348	569685	569796	112	*
Scaffold2296	67565	67648	84	*	Scaffold348	601548	601631	84	*
Scaffold2296	67300	67379	80	*	Scaffold348	601817	601896	80	*
Scaffold2296	92345	92399	55	*	Scaffold348	575726	575780	55	*
Scaffold2296	57989	58048	60	*	Scaffold348	610352	610411	60	*
Scaffold2296	60233	60282	50	*	Scaffold348	609360	609409	50	*
Scaffold2296	68227	68387	161	*	Scaffold348	600799	600959	161	*
Scaffold2296	31157	31214	58	*	Scaffold636	674070	674127	58	*
Scaffold2296	32706	32759	54	*	Scaffold636	675823	675876	54	*
Scaffold2296	35975	36039	65	*	Scaffold636	678347	678411	65	*
Scaffold2296	5351	5402	52	*	Scaffold636	649234	649285	52	*
Scaffold2296	29789	29846	58	*	Scaffold636	673002	673059	58	*
Scaffold2296	32545	32601	57	*	Scaffold636	675660	675716	57	*
Scaffold2296	29910	29979	70	*	Scaffold636	673123	673192	70	*
Scaffold2296	42501	42550	50	*	Scaffold636	682015	682064	50	*
Scaffold2296	12716	12798	83	*	Scaffold636	656517	656599	83	*
Scaffold2296	13232	13281	50	*	Scaffold636	657038	657087	50	*
Scaffold2296	40986	41046	61	*	Scaffold636	680931	680991	61	*
Scaffold2296	6272	6326	55	*	Scaffold636	650178	650232	55	*
Scaffold2296	5054	5110	57	*	Scaffold636	648935	648991	57	*
Scaffold2296	12964	13015	52	*	Scaffold636	656766	656817	52	*
Scaffold2296	35227	35278	52	*	Scaffold636	677399	677450	52	*
Scaffold2296	29697	29787	91	*	Scaffold636	672910	673000	91	*
Scaffold2296	19485	19565	81	*	Scaffold7299	1536	1616	81	*
Scaffold229693	375	469	95	*	Scaffold688	458790	458884	95	*
Scaffold229923	477	533	57	*	Scaffold198	603561	603617	57	*
Scaffold229938	179	256	78	*	Scaffold153	672569	672646	78	*
Scaffold23	334315	334382	68	*	Scaffold1710	17807	17874	68	*
Scaffold23	262501	262558	58	*	Scaffold22659	3	60	58	*
Scaffold23	307650	307721	72	*	Scaffold360	601497	601568	72	*
Scaffold23	123160	123212	53	*	Scaffold360	430516	430568	53	*
Scaffold23	77704	77753	50	*	Scaffold360	369089	369138	50	*
Scaffold23	98507	98565	59	*	Scaffold360	380749	380807	59	*
Scaffold23	268224	268287	64	*	Scaffold360	560815	560878	64	*
Scaffold23	293902	293958	57	*	Scaffold360	585812	585868	57	*
Scaffold23	116678	116727	50	*	Scaffold7013	295	344	50	*
Scaffold230	177136	177190	55	*	Scaffold128	870007	870061	55	*
Scaffold230	163485	163534	50	*	Scaffold128	858856	858905	50	*
Scaffold230	163485	163534	50	*	Scaffold73	384768	384817	50	*
Scaffold23003	743	795	53	*	Scaffold1878	74257	74309	53	*
Scaffold23016	5231	5291	61	*	Scaffold1079	123174	123234	61	*
Scaffold23016	5228	5312	85	*	Scaffold1082	106914	106998	85	*
Scaffold2302	5359	5535	177	*	Scaffold10	1374419	1374595	177	*
Scaffold2302	5546	5621	76	*	Scaffold10	1374596	1374671	76	*
Scaffold2302	5456	5535	80	*	Scaffold107	491827	491906	80	*
Scaffold2302	5393	5454	62	*	Scaffold107	491764	491825	62	*
Scaffold2302	5417	5534	118	*	Scaffold1083	215017	215134	118	*
Scaffold2302	5557	5623	67	*	Scaffold1170	84166	84232	67	*
Scaffold2302	5547	5610	64	*	Scaffold1237	19195	19258	64	*
Scaffold2302	5550	5624	75	*	Scaffold132	973013	973087	75	*
Scaffold2302	5557	5617	61	*	Scaffold1557	190389	190449	61	*
Scaffold2302	5546	5611	66	*	Scaffold168	365959	366024	66	*
Scaffold2302	5459	5534	76	*	Scaffold168	365880	365955	76	*
Scaffold2302	5568	5622	55	*	Scaffold1942	86792	86846	55	*
Scaffold2302	5441	5533	93	*	Scaffold1976	14486	14578	93	*
Scaffold2302	5376	5439	64	*	Scaffold1976	14421	14484	64	*
Scaffold2302	5386	5494	109	*	Scaffold1995	121866	121974	109	*
Scaffold2302	5410	5535	126	*	Scaffold213	284241	284366	126	*
Scaffold2302	5377	5534	158	*	Scaffold23445	289	446	158	*
Scaffold2302	5550	5614	65	*	Scaffold256	382035	382099	65	*
Scaffold2302	5566	5624	59	*	Scaffold26479	323	381	59	*
Scaffold2302	5420	5533	114	*	Scaffold295	310598	310711	114	*
Scaffold2302	5404	5536	133	*	Scaffold296	549746	549878	133	*
Scaffold2302	5409	5536	128	*	Scaffold3301	7528	7655	128	*
Scaffold2302	5387	5535	149	*	Scaffold4482	1	149	149	*
Scaffold2302	5409	5536	128	*	Scaffold457	474147	474274	128	*
Scaffold2302	5466	5535	70	*	Scaffold5135	520	589	70	*
Scaffold2302	5434	5484	51	*	Scaffold536	260909	260959	51	*
Scaffold2302	5367	5527	161	*	Scaffold602	9038	9198	161	*
Scaffold2302	5574	5628	55	*	Scaffold651	549748	549802	55	*
Scaffold2302	5389	5534	146	*	Scaffold69	882450	882595	146	*
Scaffold2302	5454	5535	82	*	Scaffold748	289473	289554	82	*
Scaffold2302	5448	5534	87	*	Scaffold8	1478808	1478894	87	*
Scaffold2302	5380	5536	157	*	Scaffold93	190711	190867	157	*
Scaffold23053	3933	4003	71	*	Scaffold341	573915	573985	71	*
Scaffold2306	99708	99770	63	*	Scaffold2123	45586	45648	63	*
Scaffold2306	65275	65325	51	*	Scaffold516	230981	231031	51	*
Scaffold2306	50480	50529	50	*	Scaffold516	215464	215513	50	*
Scaffold23067	10142	10208	67	*	Scaffold1527	43392	43458	67	*
Scaffold23067	28998	29063	66	*	Scaffold2637	62862	62927	66	*
Scaffold230751	62	114	53	*	Scaffold175	613483	613535	53	*
Scaffold230760	153	207	55	*	Scaffold296	625521	625575	55	*
Scaffold2308	31473	31522	50	*	Scaffold6706	2049	2098	50	*
Scaffold2309	65628	65677	50	*	Scaffold3316	11183	11232	50	*
Scaffold2309	65949	66018	70	*	Scaffold3316	10842	10911	70	*
Scaffold2309	21220	21275	56	*	Scaffold341	227004	227059	56	*
Scaffold2310	17372	17439	68	*	Scaffold204	748501	748568	68	*
Scaffold2310	32536	32604	69	*	Scaffold204	760353	760421	69	*
Scaffold23101	3602	3676	75	*	Scaffold238	577008	577082	75	*
Scaffold23101	3602	3668	67	*	Scaffold24310	295	361	67	*
Scaffold23101	3602	3663	62	*	Scaffold328	254183	254244	62	*
Scaffold23101	3982	4033	52	*	Scaffold470	293456	293507	52	*
Scaffold23101	3739	3811	73	*	Scaffold470	293456	293528	73	*
Scaffold23101	4063	4124	62	*	Scaffold470	293537	293598	62	*
Scaffold23101	3601	3661	61	*	Scaffold93	193522	193582	61	*
Scaffold231045	1	64	64	*	Scaffold2097	64904	64967	64	*
Scaffold231051	169	241	73	*	Scaffold2782	1738	1810	73	*
Scaffold2311	20549	20604	56	*	Scaffold1572	218917	218972	56	*
Scaffold2311	34737	34790	54	*	Scaffold1572	213667	213720	54	*
Scaffold2311	2796	2866	71	*	Scaffold1572	234469	234539	71	*
Scaffold2311	7018	7072	55	*	Scaffold1572	230901	230955	55	*
Scaffold2311	14781	14848	68	*	Scaffold1572	226458	226525	68	*
Scaffold2311	15788	15841	54	*	Scaffold1572	225384	225437	54	*
Scaffold2311	6177	6231	55	*	Scaffold1572	231695	231749	55	*
Scaffold2312	26526	26585	60	*	Scaffold123	1043886	1043945	60	*
Scaffold2312	26517	26597	81	*	Scaffold30168	843	923	81	*
Scaffold2312	26514	26563	50	*	Scaffold360	109087	109136	50	*
Scaffold23123	7012	7084	73	*	Scaffold356	26458	26530	73	*
Scaffold23123	4705	4764	60	*	Scaffold356	23891	23950	60	*
Scaffold23123	6954	7010	57	*	Scaffold356	26400	26456	57	*
Scaffold23123	7086	7141	56	*	Scaffold356	26532	26587	56	*
Scaffold231288	159	215	57	*	Scaffold5191	8389	8445	57	*
Scaffold2313	64496	64560	65	*	Scaffold1763	123823	123887	65	*
Scaffold2313	64499	64555	57	*	Scaffold929	79273	79329	57	*
Scaffold231323	115	167	53	*	Scaffold288	502940	502992	53	*
Scaffold23147	5341	5395	55	*	Scaffold124	89582	89636	55	*
Scaffold2315	45872	45926	55	*	Scaffold1805	178605	178659	55	*
Scaffold2315	21827	21878	52	*	Scaffold6	1412750	1412801	52	*
Scaffold23150	9889	9957	69	*	Scaffold2280	3495	3563	69	*
Scaffold23150	2777	2843	67	*	Scaffold79	375726	375792	67	*
Scaffold23150	2849	2898	50	*	Scaffold79	375671	375720	50	*
Scaffold231507	250	315	66	*	Scaffold411	299248	299313	66	*
Scaffold2317	78779	78832	54	*	Scaffold153	530349	530402	54	*
Scaffold2317	67931	67991	61	*	Scaffold153	525086	525146	61	*
Scaffold2317	78240	78312	73	*	Scaffold153	529836	529908	73	*
Scaffold2317	87215	87272	58	*	Scaffold153	538335	538392	58	*
Scaffold2317	87570	87645	76	*	Scaffold153	538687	538762	76	*
Scaffold23171	7388	7443	56	*	Scaffold2280	3334	3389	56	*
Scaffold23171	7300	7360	61	*	Scaffold2280	3249	3309	61	*
Scaffold23184	3140	3200	61	*	Scaffold1072	157035	157095	61	*
Scaffold23185	6554	6603	50	*	Scaffold288	504068	504117	50	*
Scaffold23188	23380	23439	60	*	Scaffold22715	9459	9518	60	*
Scaffold23188	11136	11186	51	*	Scaffold320	90054	90104	51	*
Scaffold23188	23380	23439	60	*	Scaffold792	118090	118149	60	*
Scaffold2319	26735	26801	67	*	Scaffold1019	181869	181935	67	*
Scaffold2319	26693	26765	73	*	Scaffold1092	24230	24302	73	*
Scaffold2319	26719	26805	87	*	Scaffold1202	81242	81328	87	*
Scaffold2319	26698	26762	65	*	Scaffold1312	81919	81983	65	*
Scaffold2319	26712	26775	64	*	Scaffold1359	224351	224414	64	*
Scaffold2319	26712	26795	84	*	Scaffold1558	202369	202452	84	*
Scaffold2319	26694	26773	80	*	Scaffold16	759945	760024	80	*
Scaffold2319	26725	26807	83	*	Scaffold2217	19549	19631	83	*
Scaffold2319	26698	26793	96	*	Scaffold22623	294	389	96	*
Scaffold2319	26745	26795	51	*	Scaffold22650	877	927	51	*
Scaffold2319	26718	26768	51	*	Scaffold22873	104	154	51	*
Scaffold2319	26694	26743	50	*	Scaffold238	178515	178564	50	*
Scaffold2319	26714	26791	78	*	Scaffold24434	716	793	78	*
Scaffold2319	26697	26749	53	*	Scaffold2612	5367	5419	53	*
Scaffold2319	26691	26747	57	*	Scaffold2640	12094	12150	57	*
Scaffold2319	26719	26771	53	*	Scaffold29946	307	359	53	*
Scaffold2319	26741	26807	67	*	Scaffold327	733343	733409	67	*
Scaffold2319	26727	26791	65	*	Scaffold372	622179	622243	65	*
Scaffold2319	26740	26801	62	*	Scaffold383	132228	132289	62	*
Scaffold2319	26700	26759	60	*	Scaffold4249	12709	12768	60	*
Scaffold2319	26748	26799	52	*	Scaffold467	364027	364078	52	*
Scaffold2319	26707	26794	88	*	Scaffold486	127134	127221	88	*
Scaffold2319	26691	26752	62	*	Scaffold4860	3276	3337	62	*
Scaffold2319	26741	26807	67	*	Scaffold544	311741	311807	67	*
Scaffold2319	26702	26759	58	*	Scaffold628	180982	181039	58	*
Scaffold2319	26713	26797	85	*	Scaffold636	593275	593359	85	*
Scaffold2319	26694	26773	80	*	Scaffold70	625747	625826	80	*
Scaffold2319	26700	26757	58	*	Scaffold706	248984	249041	58	*
Scaffold23195	19461	19513	53	*	Scaffold1223	64287	64339	53	*
Scaffold23195	19383	19438	56	*	Scaffold1223	64362	64417	56	*
Scaffold23195	19477	19544	68	*	Scaffold4	1695050	1695117	68	*
Scaffold232	40243	40321	79	*	Scaffold5191	8352	8430	79	*
Scaffold232	40149	40241	93	*	Scaffold5191	8258	8350	93	*
Scaffold2320	4102	4153	52	*	Scaffold453	597819	597870	52	*
Scaffold2323	72501	72605	105	*	Scaffold558	394101	394205	105	*
Scaffold232443	517	566	50	*	Scaffold455	101430	101479	50	*
Scaffold2325	80900	80949	50	*	Scaffold22659	17	66	50	*
Scaffold2325	65896	65957	62	*	Scaffold3065	9772	9833	62	*
Scaffold2325	51281	51350	70	*	Scaffold534	250438	250507	70	*
Scaffold2325	44889	44946	58	*	Scaffold534	245973	246030	58	*
Scaffold2325	46490	46546	57	*	Scaffold534	245974	246030	57	*
Scaffold2325	79952	80023	72	*	Scaffold534	275293	275364	72	*
Scaffold232517	346	463	118	*	Scaffold113	356536	356653	118	*
Scaffold23258	4128	4184	57	*	Scaffold7974	760	816	57	*
Scaffold2326	64224	64278	55	*	Scaffold390	76694	76748	55	*
Scaffold232604	218	269	52	*	Scaffold652	56903	56954	52	*
Scaffold232749	58	108	51	*	Scaffold29196	364	414	51	*
Scaffold23288	4894	4979	86	*	Scaffold2	1265296	1265381	86	*
Scaffold23288	4595	4646	52	*	Scaffold384	230497	230548	52	*
Scaffold232926	25	93	69	*	Scaffold882	312788	312856	69	*
Scaffold232926	162	218	57	*	Scaffold882	312922	312978	57	*
Scaffold23299	5786	5844	59	*	Scaffold326	773098	773156	59	*
Scaffold23315	17768	17856	89	*	Scaffold1204	9212	9300	89	*
Scaffold2332	123953	124033	81	*	Scaffold3112	32337	32417	81	*
Scaffold233266	163	215	53	*	Scaffold16	985046	985098	53	*
Scaffold233288	111	177	67	*	Scaffold7	1744547	1744613	67	*
Scaffold2333	42023	42077	55	*	Scaffold279	328257	328311	55	*
Scaffold2333	23649	23715	67	*	Scaffold596	205836	205902	67	*
Scaffold233368	74	137	64	*	Scaffold568	236392	236455	64	*
Scaffold233368	81	139	59	*	Scaffold62	455337	455395	59	*
Scaffold233433	2	53	52	*	Scaffold156	300750	300801	52	*
Scaffold2335	65770	65827	58	*	Scaffold16714	11278	11335	58	*
Scaffold2335	64117	64185	69	*	Scaffold1763	124245	124313	69	*
Scaffold2335	65731	65783	53	*	Scaffold18	332611	332663	53	*
Scaffold2335	53173	53258	86	*	Scaffold63	176453	176538	86	*
Scaffold2335	48377	48443	67	*	Scaffold63	182782	182848	67	*
Scaffold2335	20590	20702	113	*	Scaffold63	208319	208431	113	*
Scaffold2335	19904	19958	55	*	Scaffold63	209199	209253	55	*
Scaffold2335	34908	34970	63	*	Scaffold63	193704	193766	63	*
Scaffold2335	65780	65832	53	*	Scaffold63	167756	167808	53	*
Scaffold2335	67296	67345	50	*	Scaffold63	165819	165868	50	*
Scaffold2335	53173	53258	86	*	Scaffold7007	2487	2572	86	*
Scaffold23351	1465	1522	58	*	Scaffold1837	19365	19422	58	*
Scaffold2336	99948	100088	141	*	Scaffold3	158805	158945	141	*
Scaffold2336	35573	35626	54	*	Scaffold3	215832	215885	54	*
Scaffold2336	33984	34052	69	*	Scaffold3	216702	216770	69	*
Scaffold2336	55434	55484	51	*	Scaffold3	198876	198926	51	*
Scaffold233609	104	160	57	*	Scaffold546	10278	10334	57	*
Scaffold2337	29170	29227	58	*	Scaffold44	997977	998034	58	*
Scaffold2337	41234	41296	63	*	Scaffold47	371149	371211	63	*
Scaffold233722	650	704	55	*	Scaffold107	491826	491880	55	*
Scaffold233722	650	701	52	*	Scaffold18246	67	118	52	*
Scaffold234	115924	115973	50	*	Scaffold957	211714	211763	50	*
Scaffold234107	171	224	54	*	Scaffold2782	2220	2273	54	*
Scaffold234285	215	300	86	*	Scaffold5191	8403	8488	86	*
Scaffold23447	439	507	69	*	Scaffold1527	43580	43648	69	*
Scaffold23447	369	425	57	*	Scaffold1527	43509	43565	57	*
Scaffold234543	26	124	99	*	Scaffold571	255186	255284	99	*
Scaffold234558	3761	3812	52	*	Scaffold636	154040	154091	52	*
Scaffold234558	8030	8142	113	*	Scaffold636	149586	149698	113	*
Scaffold2346	69156	69206	51	*	Scaffold766	204087	204137	51	*
Scaffold23465	9280	9356	77	*	Scaffold190	151355	151431	77	*
Scaffold23474	17948	18000	53	*	Scaffold153	422112	422164	53	*
Scaffold234840	1443	1494	52	*	Scaffold2768	2141	2192	52	*
Scaffold234840	1335	1397	63	*	Scaffold2768	2036	2098	63	*
Scaffold235	145039	145096	58	*	Scaffold296	280735	280792	58	*
Scaffold235	197403	197456	54	*	Scaffold296	326099	326152	54	*
Scaffold235	184515	184567	53	*	Scaffold296	312981	313033	53	*
Scaffold235	149723	149785	63	*	Scaffold296	286064	286126	63	*
Scaffold235	86198	86257	60	*	Scaffold296	226298	226357	60	*
Scaffold235	153176	153225	50	*	Scaffold296	289496	289545	50	*
Scaffold235	141289	141346	58	*	Scaffold296	280735	280792	58	*
Scaffold235	220703	220807	105	*	Scaffold296	349837	349941	105	*
Scaffold235	197561	197632	72	*	Scaffold296	326249	326320	72	*
Scaffold235	220586	220680	95	*	Scaffold296	349720	349814	95	*
Scaffold235	193126	193184	59	*	Scaffold296	322028	322086	59	*
Scaffold235	149873	149930	58	*	Scaffold296	286215	286272	58	*
Scaffold235	148165	148290	126	*	Scaffold296	284846	284971	126	*
Scaffold235	213208	213257	50	*	Scaffold296	341992	342041	50	*
Scaffold235	117003	117062	60	*	Scaffold296	264183	264242	60	*
Scaffold235	221608	221689	82	*	Scaffold296	350857	350938	82	*
Scaffold235	200899	200960	62	*	Scaffold296	328913	328974	62	*
Scaffold235	188291	188341	51	*	Scaffold296	317368	317418	51	*
Scaffold235	96762	96858	97	*	Scaffold296	248756	248852	97	*
Scaffold235	150100	150161	62	*	Scaffold296	286444	286505	62	*
Scaffold235	89341	89390	50	*	Scaffold296	241721	241770	50	*
Scaffold235	86198	86257	60	*	Scaffold296	239457	239516	60	*
Scaffold235	165102	165173	72	*	Scaffold296	297474	297545	72	*
Scaffold235	116679	116742	64	*	Scaffold296	263859	263922	64	*
Scaffold235	96440	96496	57	*	Scaffold296	248439	248495	57	*
Scaffold235	183875	183969	95	*	Scaffold296	312350	312444	95	*
Scaffold235	178986	179055	70	*	Scaffold296	308457	308526	70	*
Scaffold235	192770	192825	56	*	Scaffold296	321651	321706	56	*
Scaffold235109	1	70	70	*	Scaffold4	1362935	1363004	70	*
Scaffold235469	329	380	52	*	Scaffold5528	1294	1345	52	*
Scaffold2356	22802	22856	55	*	Scaffold820	204305	204359	55	*
Scaffold2357	67388	67440	53	*	Scaffold1286	103774	103826	53	*
Scaffold2357	26363	26468	106	*	Scaffold2525	20585	20690	106	*
Scaffold2357	64255	64328	74	*	Scaffold50	1167793	1167866	74	*
Scaffold2357	108110	108165	56	*	Scaffold50	1136420	1136475	56	*
Scaffold2357	26412	26468	57	*	Scaffold50	1209629	1209685	57	*
Scaffold235827	69	142	74	*	Scaffold537	437699	437772	74	*
Scaffold235916	1	97	97	*	Scaffold2782	124053	124149	97	*
Scaffold236	2547	2598	52	*	Scaffold303	219192	219243	52	*
Scaffold236	2547	2598	52	*	Scaffold7777	2	53	52	*
Scaffold23605	4772	4834	63	*	Scaffold198	603459	603521	63	*
Scaffold236079	126	175	50	*	Scaffold479	355560	355609	50	*
Scaffold2364	88287	88336	50	*	Scaffold1647	276948	276997	50	*
Scaffold23641	2325	2398	74	*	Scaffold1358	182996	183069	74	*
Scaffold23641	6994	7043	50	*	Scaffold1358	180731	180780	50	*
Scaffold23641	24386	24441	56	*	Scaffold1358	165465	165520	56	*
Scaffold23641	6853	6934	82	*	Scaffold1358	180834	180915	82	*
Scaffold236413	4	62	59	*	Scaffold1085	237085	237143	59	*
Scaffold236413	6	127	122	*	Scaffold353	136578	136699	122	*
Scaffold236413	6	103	98	*	Scaffold93	525487	525584	98	*
Scaffold236463	146	203	58	*	Scaffold364	364937	364994	58	*
Scaffold236524	1189	1243	55	*	Scaffold1023	149894	149948	55	*
Scaffold236524	1170	1219	50	*	Scaffold216	224445	224494	50	*
Scaffold236524	1170	1226	57	*	Scaffold570	287774	287830	57	*
Scaffold236556	618	667	50	*	Scaffold62	1071929	1071978	50	*
Scaffold2368	46707	46773	67	*	Scaffold792	98846	98912	67	*
Scaffold236864	1147	1210	64	*	Scaffold172	54794	54857	64	*
Scaffold2369	14802	14852	51	*	Scaffold97	571403	571453	51	*
Scaffold23692	53030	53098	69	*	Scaffold2280	3320	3388	69	*
Scaffold23692	52498	52547	50	*	Scaffold294	520747	520796	50	*
Scaffold23692	50305	50358	54	*	Scaffold294	519582	519635	54	*
Scaffold23692	53027	53082	56	*	Scaffold294	521176	521231	56	*
Scaffold23692	53066	53140	75	*	Scaffold372	458734	458808	75	*
Scaffold23697	179	230	52	*	Scaffold405	608186	608237	52	*
Scaffold2372	62478	62538	61	*	Scaffold234	1059657	1059717	61	*
Scaffold23729	3322	3374	53	*	Scaffold56	203666	203718	53	*
Scaffold2374	11971	12029	59	*	Scaffold1763	124158	124216	59	*
Scaffold23747	11946	11995	50	*	Scaffold266	350622	350671	50	*
Scaffold23747	12555	12613	59	*	Scaffold266	349963	350021	59	*
Scaffold237505	84	246	163	*	Scaffold360	111943	112105	163	*
Scaffold23774	2330	2379	50	*	Scaffold355	314287	314336	50	*
Scaffold23774	2330	2379	50	*	Scaffold355	309053	309102	50	*
Scaffold237747	426	484	59	*	Scaffold1527	43502	43560	59	*
Scaffold2378	31259	31321	63	*	Scaffold1005	214578	214640	63	*
Scaffold2378	31274	31344	71	*	Scaffold8491	2462	2532	71	*
Scaffold237872	417	470	54	*	Scaffold38	835389	835442	54	*
Scaffold2379	855	907	53	*	Scaffold113	356671	356723	53	*
Scaffold2379	47223	47284	62	*	Scaffold1529	148894	148955	62	*
Scaffold237905	28	82	55	*	Scaffold1495	108015	108069	55	*
Scaffold237919	234	285	52	*	Scaffold2782	142055	142106	52	*
Scaffold237919	79	217	139	*	Scaffold2782	142123	142261	139	*
Scaffold238	59121	59180	60	*	Scaffold14319	416	475	60	*
Scaffold238	135795	135844	50	*	Scaffold162	625134	625183	50	*
Scaffold238	62800	62852	53	*	Scaffold162	579187	579239	53	*
Scaffold238	59121	59180	60	*	Scaffold16867	93	152	60	*
Scaffold238	148070	148120	51	*	Scaffold424	16876	16926	51	*
Scaffold2380	69482	69534	53	*	Scaffold402	239661	239713	53	*
Scaffold2380	69482	69534	53	*	Scaffold402	172955	173007	53	*
Scaffold23800	6890	6945	56	*	Scaffold11	983833	983888	56	*
Scaffold23800	6883	6944	62	*	Scaffold156	228795	228856	62	*
Scaffold23800	6889	6946	58	*	Scaffold338	545803	545860	58	*
Scaffold23800	6893	6944	52	*	Scaffold956	177394	177445	52	*
Scaffold238297	796	849	54	*	Scaffold470	293537	293590	54	*
Scaffold238297	716	765	50	*	Scaffold470	293457	293506	50	*
Scaffold238297	795	854	60	*	Scaffold5248	7794	7853	60	*
Scaffold238476	466	523	58	*	Scaffold145	549101	549158	58	*
Scaffold238476	464	521	58	*	Scaffold153	731791	731848	58	*
Scaffold238476	465	522	58	*	Scaffold283	626785	626842	58	*
Scaffold238476	466	521	56	*	Scaffold374	21942	21997	56	*
Scaffold238476	461	522	62	*	Scaffold544	651558	651619	62	*
Scaffold238559	177	233	57	*	Scaffold1563	70658	70714	57	*
Scaffold2389	106657	106726	70	*	Scaffold360	47514	47583	70	*
Scaffold2390	70671	70751	81	*	Scaffold2611	90856	90936	81	*
Scaffold2390	69113	69193	81	*	Scaffold2611	90856	90936	81	*
Scaffold2390	69113	69193	81	*	Scaffold3972	19024	19104	81	*
Scaffold23919	4077	4135	59	*	Scaffold20	530776	530834	59	*
Scaffold239217	20	75	56	*	Scaffold8	389268	389323	56	*
Scaffold2393	12914	12976	63	*	Scaffold52	584478	584540	63	*
Scaffold2393	14862	14914	53	*	Scaffold52	583570	583622	53	*
Scaffold2393	15580	15640	61	*	Scaffold52	583222	583282	61	*
Scaffold2393	14760	14813	54	*	Scaffold52	583666	583719	54	*
Scaffold239488	39	102	64	*	Scaffold20323	25	88	64	*
Scaffold239488	56	122	67	*	Scaffold375	362995	363061	67	*
Scaffold239488	41	111	71	*	Scaffold633	95711	95781	71	*
Scaffold239488	90	139	50	*	Scaffold868	15975	16024	50	*
Scaffold239488	27	88	62	*	Scaffold868	16026	16087	62	*
Scaffold239529	684	741	58	*	Scaffold663	256947	257004	58	*
Scaffold23969	1519	1573	55	*	Scaffold66	957567	957621	55	*
Scaffold23969	1519	1573	55	*	Scaffold66	950688	950742	55	*
Scaffold2398	135846	135911	66	*	Scaffold689	109673	109738	66	*
Scaffold2398	120764	120815	52	*	Scaffold689	121901	121952	52	*
Scaffold2398	55529	55594	66	*	Scaffold689	191933	191998	66	*
Scaffold2398	49832	49930	99	*	Scaffold689	198326	198424	99	*
Scaffold2398	51293	51375	83	*	Scaffold689	196800	196882	83	*
Scaffold2398	113796	113853	58	*	Scaffold689	129403	129460	58	*
Scaffold2398	115155	115207	53	*	Scaffold689	127951	128003	53	*
Scaffold2399	14506	14559	54	*	Scaffold183	17599	17652	54	*
Scaffold2399	27630	27700	71	*	Scaffold198	603691	603761	71	*
Scaffold240	72566	72634	69	*	Scaffold484	309348	309416	69	*
Scaffold240	136882	136950	69	*	Scaffold484	256195	256263	69	*
Scaffold240	69829	69888	60	*	Scaffold484	311554	311613	60	*
Scaffold240	59600	59649	50	*	Scaffold484	320668	320717	50	*
Scaffold240	57658	57712	55	*	Scaffold484	320793	320847	55	*
Scaffold240	26802	26865	64	*	Scaffold484	345505	345568	64	*
Scaffold240	59470	59524	55	*	Scaffold484	320793	320847	55	*
Scaffold2400	36547	36598	52	*	Scaffold1117	321908	321959	52	*
Scaffold24001	5513	5589	77	*	Scaffold765	138552	138628	77	*
Scaffold240015	107	157	51	*	Scaffold56	203481	203531	51	*
Scaffold24014	5177	5228	52	*	Scaffold5474	22641	22692	52	*
Scaffold2402	9793	9844	52	*	Scaffold2788	21730	21781	52	*
Scaffold240322	128	191	64	*	Scaffold418	231679	231742	64	*
Scaffold240322	1	54	54	*	Scaffold418	231552	231605	54	*
Scaffold2404	13150	13199	50	*	Scaffold1081	150185	150234	50	*
Scaffold2404	13239	13300	62	*	Scaffold1081	150083	150144	62	*
Scaffold2404	13029	13087	59	*	Scaffold364	297989	298047	59	*
Scaffold24051	36931	37009	79	*	Scaffold464	49198	49276	79	*
Scaffold2406	89951	90001	51	*	Scaffold388	300611	300661	51	*
Scaffold240618	96	187	92	*	Scaffold1763	123824	123915	92	*
Scaffold24075	1855	1945	91	*	Scaffold224	237688	237778	91	*
Scaffold2408	60613	60662	50	*	Scaffold352	719672	719721	50	*
Scaffold2408	106543	106596	54	*	Scaffold352	675904	675957	54	*
Scaffold2408	63012	63070	59	*	Scaffold352	716410	716468	59	*
Scaffold2408	48588	48644	57	*	Scaffold654	363914	363970	57	*
Scaffold2408	48584	48641	58	*	Scaffold929	32976	33033	58	*
Scaffold2409	53907	53977	71	*	Scaffold1527	43367	43437	71	*
Scaffold2409	27579	27673	95	*	Scaffold5191	8419	8513	95	*
Scaffold2409	27705	27813	109	*	Scaffold5191	8278	8386	109	*
Scaffold2409	53925	53974	50	*	Scaffold75	531371	531420	50	*
Scaffold2409	54141	54212	72	*	Scaffold907	180486	180557	72	*
Scaffold240922	67	123	57	*	Scaffold224	358441	358497	57	*
Scaffold240965	116	172	57	*	Scaffold1527	43379	43435	57	*
Scaffold240990	5	54	50	*	Scaffold49	240204	240253	50	*
Scaffold2412	20136	20209	74	*	Scaffold103	504990	505063	74	*
Scaffold24129	3645	3710	66	*	Scaffold248	201102	201167	66	*
Scaffold24141	5417	5479	63	*	Scaffold80	684075	684137	63	*
Scaffold24143	10166	10217	52	*	Scaffold455	528613	528664	52	*
Scaffold2416	27527	27576	50	*	Scaffold2782	54952	55001	50	*
Scaffold2416	71012	71180	169	*	Scaffold360	111960	112128	169	*
Scaffold241658	1282	1335	54	*	Scaffold3112	39427	39480	54	*
Scaffold241993	319	369	51	*	Scaffold246	323388	323438	51	*
Scaffold242	355491	355548	58	*	Scaffold130	515191	515248	58	*
Scaffold242	270431	270488	58	*	Scaffold130	397219	397276	58	*
Scaffold242	305467	305543	77	*	Scaffold130	466241	466317	77	*
Scaffold242	298796	298855	60	*	Scaffold130	451749	451808	60	*
Scaffold242	305467	305543	77	*	Scaffold130	459390	459466	77	*
Scaffold242	194910	195003	94	*	Scaffold130	320674	320767	94	*
Scaffold242	299077	299132	56	*	Scaffold130	452032	452087	56	*
Scaffold242	240141	240240	100	*	Scaffold130	368012	368111	100	*
Scaffold242	203980	204050	71	*	Scaffold130	330242	330312	71	*
Scaffold242	270431	270488	58	*	Scaffold130	424124	424181	58	*
Scaffold242	327857	327920	64	*	Scaffold130	485226	485289	64	*
Scaffold242	324897	324953	57	*	Scaffold130	481915	481971	57	*
Scaffold242	297507	297579	73	*	Scaffold130	450180	450252	73	*
Scaffold242	194825	194901	77	*	Scaffold130	320589	320665	77	*
Scaffold242	332311	332371	61	*	Scaffold130	490755	490815	61	*
Scaffold242	332082	332160	79	*	Scaffold130	490521	490599	79	*
Scaffold242	192892	192947	56	*	Scaffold130	318509	318564	56	*
Scaffold242	195005	195069	65	*	Scaffold130	320769	320833	65	*
Scaffold242	339098	339158	61	*	Scaffold130	497569	497629	61	*
Scaffold242	253520	253573	54	*	Scaffold130	390227	390280	54	*
Scaffold242	331271	331322	52	*	Scaffold130	489659	489710	52	*
Scaffold242	218507	218567	61	*	Scaffold130	344650	344710	61	*
Scaffold242	358226	358296	71	*	Scaffold130	518544	518614	71	*
Scaffold242	270027	270115	89	*	Scaffold130	396809	396897	89	*
Scaffold242	269957	270015	59	*	Scaffold130	423641	423699	59	*
Scaffold242	270768	270851	84	*	Scaffold130	424977	425060	84	*
Scaffold242	218264	218325	62	*	Scaffold130	344389	344450	62	*
Scaffold242	269957	270015	59	*	Scaffold130	396736	396794	59	*
Scaffold242	270243	270368	126	*	Scaffold130	397031	397156	126	*
Scaffold242	203909	203978	70	*	Scaffold130	330171	330240	70	*
Scaffold242	281624	281684	61	*	Scaffold130	434832	434892	61	*
Scaffold242	236435	236504	70	*	Scaffold130	364109	364178	70	*
Scaffold242	240077	240136	60	*	Scaffold130	367948	368007	60	*
Scaffold242	327922	328101	180	*	Scaffold130	485291	485470	180	*
Scaffold242	359950	360000	51	*	Scaffold130	520577	520627	51	*
Scaffold242	353517	353616	100	*	Scaffold130	512991	513090	100	*
Scaffold242	249980	250029	50	*	Scaffold130	387421	387470	50	*
Scaffold242	299168	299306	139	*	Scaffold130	452123	452261	139	*
Scaffold242	275355	275420	66	*	Scaffold130	428888	428953	66	*
Scaffold242	270027	270115	89	*	Scaffold130	423714	423802	89	*
Scaffold242	275470	275562	93	*	Scaffold130	429007	429099	93	*
Scaffold242	298737	298794	58	*	Scaffold130	451690	451747	58	*
Scaffold242	360586	360639	54	*	Scaffold130	521239	521292	54	*
Scaffold242	337789	337866	78	*	Scaffold130	496172	496249	78	*
Scaffold242	218569	218626	58	*	Scaffold130	344712	344769	58	*
Scaffold242	249822	249902	81	*	Scaffold130	387263	387343	81	*
Scaffold242	299722	299775	54	*	Scaffold130	452700	452753	54	*
Scaffold242	218163	218262	100	*	Scaffold130	344288	344387	100	*
Scaffold242	337566	337634	69	*	Scaffold130	495950	496018	69	*
Scaffold242	274699	274752	54	*	Scaffold130	428199	428252	54	*
Scaffold242	240504	240570	67	*	Scaffold130	368384	368450	67	*
Scaffold242	212661	212710	50	*	Scaffold130	339264	339313	50	*
Scaffold242	297646	297706	61	*	Scaffold130	450319	450379	61	*
Scaffold242	270768	270851	84	*	Scaffold130	398072	398155	84	*
Scaffold242	270243	270368	126	*	Scaffold130	423936	424061	126	*
Scaffold242	325517	325566	50	*	Scaffold130	482660	482709	50	*
Scaffold242	295932	295984	53	*	Scaffold130	448735	448787	53	*
Scaffold242	194600	194659	60	*	Scaffold130	320361	320420	60	*
Scaffold242	236226	236280	55	*	Scaffold130	363898	363952	55	*
Scaffold242	212520	212601	82	*	Scaffold130	339123	339204	82	*
Scaffold242	242479	242607	129	*	Scaffold14000	1375	1503	129	*
Scaffold242	244140	244210	71	*	Scaffold14000	3081	3151	71	*
Scaffold242	242733	242790	58	*	Scaffold14000	1638	1695	58	*
Scaffold242	242388	242447	60	*	Scaffold14000	1284	1343	60	*
Scaffold2420	28116	28181	66	*	Scaffold636	557890	557955	66	*
Scaffold2420	11678	11740	63	*	Scaffold661	77920	77982	63	*
Scaffold2422	30501	30553	53	*	Scaffold149	320886	320938	53	*
Scaffold242616	200	250	51	*	Scaffold1236	112729	112779	51	*
Scaffold242616	192	252	61	*	Scaffold983	430115	430175	61	*
Scaffold2428	131727	131777	51	*	Scaffold41	801594	801644	51	*
Scaffold2428	118483	118535	53	*	Scaffold56	117392	117444	53	*
Scaffold2429	1406	1455	50	*	Scaffold122	30972	31021	50	*
Scaffold2429	76	130	55	*	Scaffold1366	94305	94359	55	*
Scaffold2429	1560	1615	56	*	Scaffold18	332332	332387	56	*
Scaffold242953	25	86	62	*	Scaffold80	684069	684130	62	*
Scaffold242953	137	193	57	*	Scaffold80	683960	684016	57	*
Scaffold2430	64234	64291	58	*	Scaffold164	730248	730305	58	*
Scaffold2430	63089	63348	260	*	Scaffold198	603561	603820	260	*
Scaffold2430	63051	63112	62	*	Scaffold23	441665	441726	62	*
Scaffold2430	63114	63176	63	*	Scaffold23	441601	441663	63	*
Scaffold2430	54782	54835	54	*	Scaffold2558	3024	3077	54	*
Scaffold2430	63078	63154	77	*	Scaffold320	89955	90031	77	*
Scaffold2430	63207	63259	53	*	Scaffold320	90084	90136	53	*
Scaffold2430	61890	61944	55	*	Scaffold352	605196	605250	55	*
Scaffold2430	63052	63104	53	*	Scaffold912	283994	284046	53	*
Scaffold24315	4387	4443	57	*	Scaffold2943	12176	12232	57	*
Scaffold2432	78094	78145	52	*	Scaffold16	157878	157929	52	*
Scaffold2432	77233	77331	99	*	Scaffold16	158694	158792	99	*
Scaffold2432	20794	20882	89	*	Scaffold16	206906	206994	89	*
Scaffold2432	4318	4383	66	*	Scaffold16	232149	232214	66	*
Scaffold2432	48865	48927	63	*	Scaffold16	181934	181996	63	*
Scaffold2432	111411	111462	52	*	Scaffold16	131544	131595	52	*
Scaffold2432	73458	73513	56	*	Scaffold16	162284	162339	56	*
Scaffold2432	66878	66940	63	*	Scaffold16	167395	167457	63	*
Scaffold2432	4318	4383	66	*	Scaffold16	221112	221177	66	*
Scaffold2432	4264	4316	53	*	Scaffold16	221179	221231	53	*
Scaffold2432	4385	4434	50	*	Scaffold16	221061	221110	50	*
Scaffold2432	48733	48822	90	*	Scaffold16	182042	182131	90	*
Scaffold2432	6866	6957	92	*	Scaffold16	218923	219014	92	*
Scaffold2432	111536	111596	61	*	Scaffold16	131415	131475	61	*
Scaffold2432	37738	37793	56	*	Scaffold16	191209	191264	56	*
Scaffold2432	10292	10392	101	*	Scaffold16	237140	237240	101	*
Scaffold2432	29073	29122	50	*	Scaffold16	199076	199125	50	*
Scaffold2432	29865	29946	82	*	Scaffold16	198260	198341	82	*
Scaffold2432	46887	46936	50	*	Scaffold16	183995	184044	50	*
Scaffold2432	29674	29788	115	*	Scaffold16	198418	198532	115	*
Scaffold2432	10292	10392	101	*	Scaffold16	215902	216002	101	*
Scaffold2432	50220	50288	69	*	Scaffold16	180870	180938	69	*
Scaffold2432	14896	14945	50	*	Scaffold16	211986	212035	50	*
Scaffold2432	27098	27169	72	*	Scaffold16	200988	201059	72	*
Scaffold2432	50666	50730	65	*	Scaffold16	180427	180491	65	*
Scaffold2432	77400	77483	84	*	Scaffold16	158540	158623	84	*
Scaffold2432	4385	4434	50	*	Scaffold16	232216	232265	50	*
Scaffold2432	63287	63361	75	*	Scaffold16	169493	169567	75	*
Scaffold2432	11337	11410	74	*	Scaffold16	238100	238173	74	*
Scaffold2432	69186	69251	66	*	Scaffold16	165219	165284	66	*
Scaffold2432	24612	24675	64	*	Scaffold16	203080	203143	64	*
Scaffold2432	11264	11314	51	*	Scaffold16	215064	215114	51	*
Scaffold2432	35757	35826	70	*	Scaffold16	192955	193024	70	*
Scaffold2432	50836	50903	68	*	Scaffold16	180254	180321	68	*
Scaffold2432	7055	7124	70	*	Scaffold16	234256	234325	70	*
Scaffold2432	50505	50599	95	*	Scaffold16	180562	180656	95	*
Scaffold2432	77593	77729	137	*	Scaffold16	158295	158431	137	*
Scaffold2432	50304	50384	81	*	Scaffold16	180774	180854	81	*
Scaffold2432	41072	41150	79	*	Scaffold16	187963	188041	79	*
Scaffold2432	66771	66867	97	*	Scaffold16	167467	167563	97	*
Scaffold2432	11337	11410	74	*	Scaffold16	214968	215041	74	*
Scaffold2432	4264	4316	53	*	Scaffold16	232095	232147	53	*
Scaffold2432	6866	6957	92	*	Scaffold16	234072	234163	92	*
Scaffold2432	24492	24559	68	*	Scaffold16	203196	203263	68	*
Scaffold2432	7055	7124	70	*	Scaffold16	218760	218829	70	*
Scaffold2432	67077	67157	81	*	Scaffold16	167171	167251	81	*
Scaffold2432	4264	4316	53	*	Scaffold1685	153525	153577	53	*
Scaffold2432	4385	4434	50	*	Scaffold1685	153646	153695	50	*
Scaffold2432	7055	7124	70	*	Scaffold1685	155687	155756	70	*
Scaffold2432	6866	6957	92	*	Scaffold1685	155503	155594	92	*
Scaffold2432	4318	4383	66	*	Scaffold1685	153579	153644	66	*
Scaffold2432	10292	10392	101	*	Scaffold1685	158571	158671	101	*
Scaffold2432	11337	11410	74	*	Scaffold1685	159531	159604	74	*
Scaffold2432	111536	111596	61	*	Scaffold6261	7194	7254	61	*
Scaffold2432	111411	111462	52	*	Scaffold6261	7074	7125	52	*
Scaffold243260	36	102	67	*	Scaffold3316	10939	11005	67	*
Scaffold243263	51	109	59	*	Scaffold114	934692	934750	59	*
Scaffold2433	88858	88907	50	*	Scaffold858	119588	119637	50	*
Scaffold2433	176311	176412	102	*	Scaffold858	199832	199933	102	*
Scaffold2433	108821	108910	90	*	Scaffold858	142436	142525	90	*
Scaffold2433	133801	133852	52	*	Scaffold858	165774	165825	52	*
Scaffold2433	108346	108404	59	*	Scaffold858	141970	142028	59	*
Scaffold2433	6436	6493	58	*	Scaffold858	53303	53360	58	*
Scaffold2433	6343	6413	71	*	Scaffold858	53210	53280	71	*
Scaffold2433	11391	11442	52	*	Scaffold858	54758	54809	52	*
Scaffold2433	147832	147898	67	*	Scaffold858	178031	178097	67	*
Scaffold2433	176737	176795	59	*	Scaffold858	200259	200317	59	*
Scaffold2433	132903	132954	52	*	Scaffold858	164877	164928	52	*
Scaffold243494	30	80	51	*	Scaffold516	438295	438345	51	*
Scaffold243540	315	375	61	*	Scaffold2782	4151	4211	61	*
Scaffold243540	94	199	106	*	Scaffold2782	4326	4431	106	*
Scaffold243553	77	138	62	*	Scaffold157	449984	450045	62	*
Scaffold243553	52	113	62	*	Scaffold5191	8450	8511	62	*
Scaffold24361	1658	1713	56	*	Scaffold609	226616	226671	56	*
Scaffold243754	427	478	52	*	Scaffold137	141944	141995	52	*
Scaffold243754	426	476	51	*	Scaffold578	233649	233699	51	*
Scaffold24390	5975	6040	66	*	Scaffold953	74220	74285	66	*
Scaffold2440	29341	29390	50	*	Scaffold645	372934	372983	50	*
Scaffold244149	339	396	58	*	Scaffold229	503459	503516	58	*
Scaffold2443	35892	35944	53	*	Scaffold1763	124027	124079	53	*
Scaffold2443	25175	25240	66	*	Scaffold558	394257	394322	66	*
Scaffold24435	3729	3783	55	*	Scaffold1086	49522	49576	55	*
Scaffold24436	24964	25021	58	*	Scaffold177	707742	707799	58	*
Scaffold24436	12735	12809	75	*	Scaffold177	696316	696390	75	*
Scaffold24436	8925	8977	53	*	Scaffold177	694139	694191	53	*
Scaffold24436	9130	9194	65	*	Scaffold177	694333	694397	65	*
Scaffold24436	16353	16413	61	*	Scaffold177	698926	698986	61	*
Scaffold24436	17999	18052	54	*	Scaffold177	701433	701486	54	*
Scaffold24448	8618	8677	60	*	Scaffold129	161156	161215	60	*
Scaffold24448	8618	8677	60	*	Scaffold1394	60371	60430	60	*
Scaffold24448	8612	8677	66	*	Scaffold2163	22946	23011	66	*
Scaffold244495	58	160	103	*	Scaffold661	78104	78206	103	*
Scaffold244495	1	53	53	*	Scaffold661	78211	78263	53	*
Scaffold2445	53422	53478	57	*	Scaffold1763	123783	123839	57	*
Scaffold244589	71	124	54	*	Scaffold27251	788	841	54	*
Scaffold24472	8912	8964	53	*	Scaffold243	573072	573124	53	*
Scaffold24473	5206	5275	70	*	Scaffold2833	24812	24881	70	*
Scaffold24473	3409	3465	57	*	Scaffold2833	23528	23584	57	*
Scaffold2448	33000	33056	57	*	Scaffold1763	124248	124304	57	*
Scaffold2448	33646	33712	67	*	Scaffold1763	123718	123784	67	*
Scaffold2448	33364	33419	56	*	Scaffold1763	124014	124069	56	*
Scaffold2448	32932	32987	56	*	Scaffold1763	124315	124370	56	*
Scaffold24487	8181	8269	89	*	Scaffold246	322987	323075	89	*
Scaffold245	10005	10057	53	*	Scaffold109	498094	498146	53	*
Scaffold245	9924	9999	76	*	Scaffold1109	215250	215325	76	*
Scaffold245	10053	10108	56	*	Scaffold1109	215141	215196	56	*
Scaffold245	41459	41573	115	*	Scaffold1162	76200	76314	115	*
Scaffold245	41499	41554	56	*	Scaffold187	753961	754016	56	*
Scaffold245	9926	10138	213	*	Scaffold198	603561	603773	213	*
Scaffold245	9928	9992	65	*	Scaffold204	75017	75081	65	*
Scaffold245	9994	10055	62	*	Scaffold204	74954	75015	62	*
Scaffold245	41373	41428	56	*	Scaffold2118	54705	54760	56	*
Scaffold245	41430	41497	68	*	Scaffold5191	8446	8513	68	*
Scaffold245	41585	41639	55	*	Scaffold5191	8302	8356	55	*
Scaffold245	41499	41584	86	*	Scaffold5191	8359	8444	86	*
Scaffold245	41372	41440	69	*	Scaffold857	214735	214803	69	*
Scaffold2450	50279	50336	58	*	Scaffold27542	140	197	58	*
Scaffold24501	22745	22796	52	*	Scaffold335	368497	368548	52	*
Scaffold2452	29077	29134	58	*	Scaffold127	701902	701959	58	*
Scaffold2452	27455	27523	69	*	Scaffold127	700953	701021	69	*
Scaffold2452	38811	38887	77	*	Scaffold1759	107701	107777	77	*
Scaffold245365	122	171	50	*	Scaffold80	684073	684122	50	*
Scaffold245395	7	64	58	*	Scaffold2782	132593	132650	58	*
Scaffold245395	72	201	130	*	Scaffold2782	132456	132585	130	*
Scaffold2454	63657	63719	63	*	Scaffold645	372937	372999	63	*
Scaffold245416	108	163	56	*	Scaffold4	1097788	1097843	56	*
Scaffold245508	168	220	53	*	Scaffold1763	123704	123756	53	*
Scaffold245584	116	175	60	*	Scaffold1397	48730	48789	60	*
Scaffold245584	119	171	53	*	Scaffold1685	121983	122035	53	*
Scaffold245584	137	189	53	*	Scaffold178	472021	472073	53	*
Scaffold245588	69	147	79	*	Scaffold5191	8279	8357	79	*
Scaffold2458	51529	51586	58	*	Scaffold1652	94443	94500	58	*
Scaffold2458	53581	53647	67	*	Scaffold701	76820	76886	67	*
Scaffold2458	51520	51586	67	*	Scaffold701	76820	76886	67	*
Scaffold2458	51529	51586	58	*	Scaffold701	83183	83240	58	*
Scaffold245935	599	655	57	*	Scaffold1924	82095	82151	57	*
Scaffold246	17193	17245	53	*	Scaffold18068	3726	3778	53	*
Scaffold246	170199	170249	51	*	Scaffold260	137992	138042	51	*
Scaffold246	111345	111401	57	*	Scaffold260	194709	194765	57	*
Scaffold246	123196	123246	51	*	Scaffold260	181635	181685	51	*
Scaffold246	86897	86958	62	*	Scaffold260	217691	217752	62	*
Scaffold246	17193	17245	53	*	Scaffold260	268740	268792	53	*
Scaffold246	73242	73300	59	*	Scaffold260	226946	227004	59	*
Scaffold246	113066	113119	54	*	Scaffold260	191054	191107	54	*
Scaffold246	156756	156831	76	*	Scaffold260	158400	158475	76	*
Scaffold246	125785	125847	63	*	Scaffold260	179290	179352	63	*
Scaffold246	169989	170039	51	*	Scaffold260	137992	138042	51	*
Scaffold24608	3634	3719	86	*	Scaffold360	112015	112100	86	*
Scaffold24608	3633	3702	70	*	Scaffold418	254549	254618	70	*
Scaffold24615	3478	3536	59	*	Scaffold741	347569	347627	59	*
Scaffold2462	55579	55644	66	*	Scaffold135	623369	623434	66	*
Scaffold2463	92374	92434	61	*	Scaffold1527	43571	43631	61	*
Scaffold2463	106423	106482	60	*	Scaffold31720	28	87	60	*
Scaffold246302	216	268	53	*	Scaffold143	728418	728470	53	*
Scaffold24631	4826	4879	54	*	Scaffold1002	79996	80049	54	*
Scaffold24631	4713	4788	76	*	Scaffold1002	80087	80162	76	*
Scaffold246385	135	188	54	*	Scaffold296	625521	625574	54	*
Scaffold2464	47643	47696	54	*	Scaffold92	301094	301147	54	*
Scaffold24653	4867	4920	54	*	Scaffold1007	108426	108479	54	*
Scaffold24653	4870	4928	59	*	Scaffold1121	98456	98514	59	*
Scaffold24653	4864	4920	57	*	Scaffold1204	9210	9266	57	*
Scaffold24653	4860	4910	51	*	Scaffold775	21919	21969	51	*
Scaffold246637	446	503	58	*	Scaffold747	322516	322573	58	*
Scaffold2468	52624	52690	67	*	Scaffold1485	122163	122229	67	*
Scaffold2468	52607	52706	100	*	Scaffold1933	89787	89886	100	*
Scaffold2468	52601	52654	54	*	Scaffold592	383776	383829	54	*
Scaffold247031	109	203	95	*	Scaffold2782	49249	49343	95	*
Scaffold247031	304	382	79	*	Scaffold2782	49066	49144	79	*
Scaffold247031	238	289	52	*	Scaffold2782	49163	49214	52	*
Scaffold247031	16	96	81	*	Scaffold2782	49356	49436	81	*
Scaffold2472	4037	4097	61	*	Scaffold325	341512	341572	61	*
Scaffold2473	65826	65882	57	*	Scaffold682	100433	100489	57	*
Scaffold24733	821	883	63	*	Scaffold1527	43567	43629	63	*
Scaffold24733	650	703	54	*	Scaffold1527	43399	43452	54	*
Scaffold24738	8134	8209	76	*	Scaffold3316	11056	11131	76	*
Scaffold24738	7808	7868	61	*	Scaffold3316	10945	11005	61	*
Scaffold2474	78752	78802	51	*	Scaffold2303	30902	30952	51	*
Scaffold2474	77408	77496	89	*	Scaffold2303	32222	32310	89	*
Scaffold2474	94716	94809	94	*	Scaffold3099	9121	9214	94	*
Scaffold2474	77428	77496	69	*	Scaffold3861	9842	9910	69	*
Scaffold2474	123205	123271	67	*	Scaffold440	240532	240598	67	*
Scaffold2474	154416	154508	93	*	Scaffold440	298758	298850	93	*
Scaffold2474	123273	123322	50	*	Scaffold440	240600	240649	50	*
Scaffold2474	118957	119020	64	*	Scaffold440	219649	219712	64	*
Scaffold2474	104729	104818	90	*	Scaffold440	191271	191360	90	*
Scaffold2474	104820	104880	61	*	Scaffold440	191362	191422	61	*
Scaffold2474	195388	195446	59	*	Scaffold440	405948	406006	59	*
Scaffold2474	123273	123322	50	*	Scaffold440	236971	237020	50	*
Scaffold2474	122892	122956	65	*	Scaffold440	240219	240283	65	*
Scaffold2474	123205	123271	67	*	Scaffold440	236903	236969	67	*
Scaffold2474	180242	180292	51	*	Scaffold440	375871	375921	51	*
Scaffold2474	152128	152207	80	*	Scaffold440	296181	296260	80	*
Scaffold2474	122892	122956	65	*	Scaffold440	236590	236654	65	*
Scaffold2474	102631	102690	60	*	Scaffold811	5793	5852	60	*
Scaffold2476	95106	95201	96	*	Scaffold1549	32263	32358	96	*
Scaffold2476	95106	95201	96	*	Scaffold372	332884	332979	96	*
Scaffold247631	515	579	65	*	Scaffold207	601995	602059	65	*
Scaffold247658	203	252	50	*	Scaffold5191	8867	8916	50	*
Scaffold2478	29711	29772	62	*	Scaffold1105	172194	172255	62	*
Scaffold2478	29660	29709	50	*	Scaffold1105	172257	172306	50	*
Scaffold2478	29724	29789	66	*	Scaffold1253	188462	188527	66	*
Scaffold2478	29870	29922	53	*	Scaffold1253	188606	188658	53	*
Scaffold2478	29809	29858	50	*	Scaffold1253	188545	188594	50	*
Scaffold2478	29912	29973	62	*	Scaffold1397	179951	180012	62	*
Scaffold2478	28411	28460	50	*	Scaffold18	332338	332387	50	*
Scaffold2478	29911	29973	63	*	Scaffold18	332710	332772	63	*
Scaffold2478	29654	29730	77	*	Scaffold190	207160	207236	77	*
Scaffold2478	29793	29852	60	*	Scaffold233	24127	24186	60	*
Scaffold2478	29669	29739	71	*	Scaffold233	24238	24308	71	*
Scaffold2478	29894	29963	70	*	Scaffold233	24016	24085	70	*
Scaffold2478	29795	29853	59	*	Scaffold248	282310	282368	59	*
Scaffold2478	30086	30146	61	*	Scaffold254	507389	507449	61	*
Scaffold2478	28408	28478	71	*	Scaffold254	506852	506922	71	*
Scaffold2478	29882	29940	59	*	Scaffold32	555706	555764	59	*
Scaffold2478	29841	29891	51	*	Scaffold35	107135	107185	51	*
Scaffold2478	29649	29699	51	*	Scaffold490	235667	235717	51	*
Scaffold2478	29722	29784	63	*	Scaffold528	402949	403011	63	*
Scaffold2478	28383	28449	67	*	Scaffold528	402698	402764	67	*
Scaffold2478	29658	29710	53	*	Scaffold54	1300287	1300339	53	*
Scaffold2478	29791	29851	61	*	Scaffold550	384395	384455	61	*
Scaffold2478	29646	29722	77	*	Scaffold585	164486	164562	77	*
Scaffold2478	29673	29723	51	*	Scaffold62	1071929	1071979	51	*
Scaffold2478	29914	29973	60	*	Scaffold62	1071684	1071743	60	*
Scaffold2478	29809	29862	54	*	Scaffold62	1071795	1071848	54	*
Scaffold248	152097	152155	59	*	Scaffold1085	120250	120308	59	*
Scaffold248	166873	166944	72	*	Scaffold1085	108591	108662	72	*
Scaffold248	171459	171570	112	*	Scaffold1085	104959	105070	112	*
Scaffold248	201207	201260	54	*	Scaffold1085	79570	79623	54	*
Scaffold248	165602	165652	51	*	Scaffold1085	109636	109686	51	*
Scaffold24805	3614	3665	52	*	Scaffold1069	37264	37315	52	*
Scaffold24805	18859	18931	73	*	Scaffold2144	98506	98578	73	*
Scaffold24805	3614	3665	52	*	Scaffold576	287977	288028	52	*
Scaffold248060	13	73	61	*	Scaffold10	1454355	1454415	61	*
Scaffold248060	16	71	56	*	Scaffold1008	98369	98424	56	*
Scaffold248060	8	57	50	*	Scaffold11	92012	92061	50	*
Scaffold248060	65	123	59	*	Scaffold110	250143	250201	59	*
Scaffold248060	66	121	56	*	Scaffold1111	179273	179328	56	*
Scaffold248060	10	63	54	*	Scaffold1125	259842	259895	54	*
Scaffold248060	36	105	70	*	Scaffold1129	222811	222880	70	*
Scaffold248060	11	66	56	*	Scaffold114	376640	376695	56	*
Scaffold248060	55	123	69	*	Scaffold115	531111	531179	69	*
Scaffold248060	8	63	56	*	Scaffold1212	15344	15399	56	*
Scaffold248060	64	119	56	*	Scaffold127	592891	592946	56	*
Scaffold248060	66	119	54	*	Scaffold1288	124319	124372	54	*
Scaffold248060	54	122	69	*	Scaffold131	510996	511064	69	*
Scaffold248060	40	115	76	*	Scaffold145	725640	725715	76	*
Scaffold248060	74	123	50	*	Scaffold1521	37247	37296	50	*
Scaffold248060	19	71	53	*	Scaffold1566	12452	12504	53	*
Scaffold248060	21	71	51	*	Scaffold1572	213502	213552	51	*
Scaffold248060	73	123	51	*	Scaffold1636	281344	281394	51	*
Scaffold248060	60	115	56	*	Scaffold1671	153556	153611	56	*
Scaffold248060	65	119	55	*	Scaffold1760	36168	36222	55	*
Scaffold248060	8	61	54	*	Scaffold193	136992	137045	54	*
Scaffold248060	71	125	55	*	Scaffold202	271349	271403	55	*
Scaffold248060	61	119	59	*	Scaffold21248	184	242	59	*
Scaffold248060	68	119	52	*	Scaffold214	135923	135974	52	*
Scaffold248060	71	122	52	*	Scaffold2311	185976	186027	52	*
Scaffold248060	72	121	50	*	Scaffold234	463060	463109	50	*
Scaffold248060	9	70	62	*	Scaffold246	139680	139741	62	*
Scaffold248060	49	118	70	*	Scaffold251	361075	361144	70	*
Scaffold248060	15	72	58	*	Scaffold25183	467	524	58	*
Scaffold248060	57	115	59	*	Scaffold2526	186839	186897	59	*
Scaffold248060	12	64	53	*	Scaffold283	327690	327742	53	*
Scaffold248060	63	115	53	*	Scaffold28327	346	398	53	*
Scaffold248060	71	120	50	*	Scaffold294	597803	597852	50	*
Scaffold248060	17	91	75	*	Scaffold3	1072942	1073016	75	*
Scaffold248060	58	121	64	*	Scaffold3	1127043	1127106	64	*
Scaffold248060	8	119	112	*	Scaffold303	256849	256960	112	*
Scaffold248060	8	66	59	*	Scaffold306	214470	214528	59	*
Scaffold248060	19	86	68	*	Scaffold306	518066	518133	68	*
Scaffold248060	56	117	62	*	Scaffold32	829978	830039	62	*
Scaffold248060	26	93	68	*	Scaffold3624	2105	2172	68	*
Scaffold248060	23	87	65	*	Scaffold376	77599	77663	65	*
Scaffold248060	67	123	57	*	Scaffold38	812966	813022	57	*
Scaffold248060	49	116	68	*	Scaffold386	777149	777216	68	*
Scaffold248060	58	118	61	*	Scaffold396	477425	477485	61	*
Scaffold248060	63	124	62	*	Scaffold425	293339	293400	62	*
Scaffold248060	52	120	69	*	Scaffold432	213797	213865	69	*
Scaffold248060	63	119	57	*	Scaffold433	100027	100083	57	*
Scaffold248060	8	65	58	*	Scaffold48	940546	940603	58	*
Scaffold248060	54	119	66	*	Scaffold52	1126308	1126373	66	*
Scaffold248060	8	81	74	*	Scaffold52	202077	202150	74	*
Scaffold248060	56	122	67	*	Scaffold5389	5544	5610	67	*
Scaffold248060	24	75	52	*	Scaffold58	799210	799261	52	*
Scaffold248060	72	123	52	*	Scaffold591	85165	85216	52	*
Scaffold248060	9	78	70	*	Scaffold636	162097	162166	70	*
Scaffold248060	43	93	51	*	Scaffold656	90266	90316	51	*
Scaffold248060	8	77	70	*	Scaffold663	213792	213861	70	*
Scaffold248060	24	83	60	*	Scaffold663	292669	292728	60	*
Scaffold248060	60	122	63	*	Scaffold713	188766	188828	63	*
Scaffold248060	25	75	51	*	Scaffold720	368576	368626	51	*
Scaffold248060	58	125	68	*	Scaffold75	680672	680739	68	*
Scaffold248060	67	119	53	*	Scaffold77	858603	858655	53	*
Scaffold248060	8	57	50	*	Scaffold79	379655	379704	50	*
Scaffold248060	11	77	67	*	Scaffold95	476482	476548	67	*
Scaffold248060	46	123	78	*	Scaffold957	229230	229307	78	*
Scaffold248060	53	117	65	*	Scaffold967	67171	67235	65	*
Scaffold24808	6331	6406	76	*	Scaffold2782	5142	5217	76	*
Scaffold24808	4384	4462	79	*	Scaffold2782	3144	3222	79	*
Scaffold24808	3126	3249	124	*	Scaffold2782	2439	2562	124	*
Scaffold24808	4180	4271	92	*	Scaffold2782	2900	2991	92	*
Scaffold24808	4471	4567	97	*	Scaffold2782	3242	3338	97	*
Scaffold24808	6281	6330	50	*	Scaffold2782	5091	5140	50	*
Scaffold248182	269	323	55	*	Scaffold724	284129	284183	55	*
Scaffold24825	162	217	56	*	Scaffold1813	42340	42395	56	*
Scaffold2484	38897	38976	80	*	Scaffold470	293456	293535	80	*
Scaffold2484	38828	38895	68	*	Scaffold470	293537	293604	68	*
Scaffold24848	4624	4674	51	*	Scaffold383	530733	530783	51	*
Scaffold2485	40851	40909	59	*	Scaffold293	365904	365962	59	*
Scaffold2485	40855	40913	59	*	Scaffold311	435149	435207	59	*
Scaffold2485	40861	40910	50	*	Scaffold80	684158	684207	50	*
Scaffold2485	41040	41095	56	*	Scaffold80	683961	684016	56	*
Scaffold2485	40932	40992	61	*	Scaffold80	684076	684136	61	*
Scaffold24867	8651	8718	68	*	Scaffold107	589166	589233	68	*
Scaffold24867	8630	8685	56	*	Scaffold129	343707	343762	56	*
Scaffold24867	8621	8682	62	*	Scaffold18	331972	332033	62	*
Scaffold24867	8998	9054	57	*	Scaffold18	332732	332788	57	*
Scaffold24867	8696	8768	73	*	Scaffold20	1404049	1404121	73	*
Scaffold24867	8776	8827	52	*	Scaffold20	1404124	1404175	52	*
Scaffold24867	8770	8827	58	*	Scaffold24	182637	182694	58	*
Scaffold24867	8727	8777	51	*	Scaffold2447	17037	17087	51	*
Scaffold24867	8777	8828	52	*	Scaffold406	660245	660296	52	*
Scaffold24867	8631	8682	52	*	Scaffold416	315755	315806	52	*
Scaffold24867	8645	8713	69	*	Scaffold617	4716	4784	69	*
Scaffold24867	8693	8769	77	*	Scaffold661	78124	78200	77	*
Scaffold24867	9183	9232	50	*	Scaffold661	77437	77486	50	*
Scaffold24867	8621	8691	71	*	Scaffold661	78202	78272	71	*
Scaffold24867	8687	8746	60	*	Scaffold69	519936	519995	60	*
Scaffold24867	8779	8834	56	*	Scaffold69	520024	520079	56	*
Scaffold24867	8771	8821	51	*	Scaffold7825	112	162	51	*
Scaffold24867	8662	8734	73	*	Scaffold7825	1	73	73	*
Scaffold248672	509	564	56	*	Scaffold103	475847	475902	56	*
Scaffold24868	23520	23576	57	*	Scaffold256	327082	327138	57	*
Scaffold24868	23581	23637	57	*	Scaffold256	327021	327077	57	*
Scaffold2487	999	1050	52	*	Scaffold7170	13085	13136	52	*
Scaffold2489	10329	10390	62	*	Scaffold383	471032	471093	62	*
Scaffold2489	10329	10390	62	*	Scaffold4628	4364	4425	62	*
Scaffold24898	8883	8945	63	*	Scaffold33	1151272	1151334	63	*
Scaffold249	56578	56628	51	*	Scaffold344	523026	523076	51	*
Scaffold249	133009	133063	55	*	Scaffold344	575658	575712	55	*
Scaffold249	162349	162404	56	*	Scaffold344	605418	605473	56	*
Scaffold249	57055	57120	66	*	Scaffold344	523491	523556	66	*
Scaffold249	11521	11576	56	*	Scaffold344	486837	486892	56	*
Scaffold249	28819	28891	73	*	Scaffold344	504210	504282	73	*
Scaffold249	162204	162263	60	*	Scaffold344	605273	605332	60	*
Scaffold249	57498	57581	84	*	Scaffold344	523941	524024	84	*
Scaffold249	156828	156886	59	*	Scaffold344	599636	599694	59	*
Scaffold249	76009	76063	55	*	Scaffold344	534500	534554	55	*
Scaffold249	142813	142865	53	*	Scaffold344	586395	586447	53	*
Scaffold249	158796	158894	99	*	Scaffold344	601506	601604	99	*
Scaffold249	150385	150437	53	*	Scaffold344	594132	594184	53	*
Scaffold249	71286	71355	70	*	Scaffold344	529932	530001	70	*
Scaffold249	165756	165816	61	*	Scaffold344	607944	608004	61	*
Scaffold249	149507	149576	70	*	Scaffold344	593424	593493	70	*
Scaffold249	196119	196170	52	*	Scaffold344	633385	633436	52	*
Scaffold249	137427	137478	52	*	Scaffold344	581125	581176	52	*
Scaffold249	88490	88540	51	*	Scaffold344	544433	544483	51	*
Scaffold249	78980	79061	82	*	Scaffold344	536749	536830	82	*
Scaffold249	197656	197707	52	*	Scaffold344	636074	636125	52	*
Scaffold249	57350	57409	60	*	Scaffold344	523789	523848	60	*
Scaffold249	137366	137423	58	*	Scaffold344	581180	581237	58	*
Scaffold249	76065	76216	152	*	Scaffold344	534556	534707	152	*
Scaffold249	197027	197100	74	*	Scaffold344	635469	635542	74	*
Scaffold249	156622	156699	78	*	Scaffold344	599425	599502	78	*
Scaffold249	196065	196117	53	*	Scaffold344	633331	633383	53	*
Scaffold249	70057	70127	71	*	Scaffold344	528483	528553	71	*
Scaffold249	57670	57719	50	*	Scaffold344	524115	524164	50	*
Scaffold249	77458	77510	53	*	Scaffold344	535640	535692	53	*
Scaffold249	27702	27753	52	*	Scaffold344	502345	502396	52	*
Scaffold249	156998	157056	59	*	Scaffold344	599806	599864	59	*
Scaffold249	195163	195212	50	*	Scaffold344	632305	632354	50	*
Scaffold249	59941	60037	97	*	Scaffold344	526776	526872	97	*
Scaffold249	137246	137298	53	*	Scaffold344	581304	581356	53	*
Scaffold249	11795	11851	57	*	Scaffold8157	2347	2403	57	*
Scaffold2490	15484	15533	50	*	Scaffold1933	89737	89786	50	*
Scaffold249277	1	86	86	*	Scaffold1198	180982	181067	86	*
Scaffold249277	16	83	68	*	Scaffold129	457333	457400	68	*
Scaffold249277	28	91	64	*	Scaffold1317	15192	15255	64	*
Scaffold249277	34	92	59	*	Scaffold1617	59952	60010	59	*
Scaffold249277	30	87	58	*	Scaffold166	309519	309576	58	*
Scaffold249277	35	87	53	*	Scaffold1698	126981	127033	53	*
Scaffold249277	16	91	76	*	Scaffold177	1015867	1015942	76	*
Scaffold249277	16	87	72	*	Scaffold1813	30483	30554	72	*
Scaffold249277	15	84	70	*	Scaffold190	111000	111069	70	*
Scaffold249277	13	87	75	*	Scaffold22104	211	285	75	*
Scaffold249277	15	84	70	*	Scaffold23	476637	476706	70	*
Scaffold249277	29	89	61	*	Scaffold395	300517	300577	61	*
Scaffold249277	23	87	65	*	Scaffold537	218316	218380	65	*
Scaffold249277	20	84	65	*	Scaffold59	626044	626108	65	*
Scaffold249383	183	232	50	*	Scaffold2084	17513	17562	50	*
Scaffold2494	83312	83379	68	*	Scaffold1108	71230	71297	68	*
Scaffold2494	7266	7320	55	*	Scaffold1306	99050	99104	55	*
Scaffold2494	7266	7320	55	*	Scaffold340	680406	680460	55	*
Scaffold249569	58	111	54	*	Scaffold1032	109140	109193	54	*
Scaffold249569	48	97	50	*	Scaffold1513	122761	122810	50	*
Scaffold249569	26	88	63	*	Scaffold1750	50828	50890	63	*
Scaffold249569	30	102	73	*	Scaffold2348	37662	37734	73	*
Scaffold249569	1	97	97	*	Scaffold26561	659	755	97	*
Scaffold249569	16	95	80	*	Scaffold705	306537	306616	80	*
Scaffold249569	1	97	97	*	Scaffold801	144191	144287	97	*
Scaffold2497	80521	80573	53	*	Scaffold3073	39143	39195	53	*
Scaffold2498	57632	57700	69	*	Scaffold363	253329	253397	69	*
Scaffold2498	56860	56948	89	*	Scaffold363	253309	253397	89	*
Scaffold25	11345	11406	62	*	Scaffold112	343609	343670	62	*
Scaffold25	328485	328539	55	*	Scaffold2587	50508	50562	55	*
Scaffold25	328488	328541	54	*	Scaffold276	472995	473048	54	*
Scaffold25	11372	11428	57	*	Scaffold36	20353	20409	57	*
Scaffold25	193642	193705	64	*	Scaffold6110	11254	11317	64	*
Scaffold25	11323	11385	63	*	Scaffold614	242746	242808	63	*
Scaffold25	11416	11476	61	*	Scaffold614	242653	242713	61	*
Scaffold25	28384	28443	60	*	Scaffold79	375356	375415	60	*
Scaffold25	330955	331010	56	*	Scaffold966	396979	397034	56	*
Scaffold25	358874	358926	53	*	Scaffold966	372189	372241	53	*
Scaffold25	92532	92589	58	*	Scaffold966	605328	605385	58	*
Scaffold25	15250	15308	59	*	Scaffold966	672672	672730	59	*
Scaffold25	85975	86024	50	*	Scaffold966	611326	611375	50	*
Scaffold25	333919	333982	64	*	Scaffold966	394502	394565	64	*
Scaffold25	193642	193705	64	*	Scaffold966	492214	492277	64	*
Scaffold25	248151	248205	55	*	Scaffold966	455401	455455	55	*
Scaffold25	380747	380804	58	*	Scaffold966	355425	355482	58	*
Scaffold25	142358	142468	111	*	Scaffold966	576280	576390	111	*
Scaffold250	19659	19712	54	*	Scaffold124	486046	486099	54	*
Scaffold250	19657	19711	55	*	Scaffold30541	825	879	55	*
Scaffold250	19657	19712	56	*	Scaffold558	377062	377117	56	*
Scaffold250	19655	19712	58	*	Scaffold603	202494	202551	58	*
Scaffold250	19661	19715	55	*	Scaffold607	243941	243995	55	*
Scaffold2502	59326	59390	65	*	Scaffold882	163724	163788	65	*
Scaffold2502	60077	60137	61	*	Scaffold882	164484	164544	61	*
Scaffold25037	5727	5791	65	*	Scaffold18	332710	332774	65	*
Scaffold2505	20308	20357	50	*	Scaffold8	1451051	1451100	50	*
Scaffold2505	18023	18072	50	*	Scaffold8	1451051	1451100	50	*
Scaffold250605	212	289	78	*	Scaffold906	164187	164264	78	*
Scaffold25065	2120	2184	65	*	Scaffold1366	91647	91711	65	*
Scaffold2507	112323	112374	52	*	Scaffold112	520143	520194	52	*
Scaffold2507	90433	90489	57	*	Scaffold169	261003	261059	57	*
Scaffold2507	28166	28223	58	*	Scaffold56	539058	539115	58	*
Scaffold2507	49740	49794	55	*	Scaffold56	559840	559894	55	*
Scaffold2507	57520	57600	81	*	Scaffold56	567788	567868	81	*
Scaffold2507	51426	51491	66	*	Scaffold56	561278	561343	66	*
Scaffold2507	37946	38028	83	*	Scaffold56	549079	549161	83	*
Scaffold2507	57370	57437	68	*	Scaffold56	567637	567704	68	*
Scaffold2507	90433	90489	57	*	Scaffold56	596923	596979	57	*
Scaffold2507	50812	50865	54	*	Scaffold56	560664	560717	54	*
Scaffold2507	57182	57261	80	*	Scaffold56	567453	567532	80	*
Scaffold25078	528	579	52	*	Scaffold296	625308	625359	52	*
Scaffold2509	21502	21552	51	*	Scaffold129	450609	450659	51	*
Scaffold2509	21496	21558	63	*	Scaffold1782	44285	44347	63	*
Scaffold2509	21500	21557	58	*	Scaffold234	231346	231403	58	*
Scaffold2509	21499	21556	58	*	Scaffold266	350865	350922	58	*
Scaffold2509	21497	21557	61	*	Scaffold444	361541	361601	61	*
Scaffold2509	21496	21556	61	*	Scaffold468	634664	634724	61	*
Scaffold2509	21495	21556	62	*	Scaffold582	235196	235257	62	*
Scaffold2509	48287	48349	63	*	Scaffold597	336064	336126	63	*
Scaffold2509	75275	75324	50	*	Scaffold597	346878	346927	50	*
Scaffold2509	48351	48400	50	*	Scaffold597	336128	336177	50	*
Scaffold2509	21498	21557	60	*	Scaffold884	9636	9695	60	*
Scaffold251038	134	197	64	*	Scaffold1789	119568	119631	64	*
Scaffold25106	25321	25374	54	*	Scaffold1527	43595	43648	54	*
Scaffold25106	18321	18379	59	*	Scaffold408	42199	42257	59	*
Scaffold25106	26030	26082	53	*	Scaffold55	493875	493927	53	*
Scaffold25106	18272	18330	59	*	Scaffold79	375062	375120	59	*
Scaffold2511	41783	41835	53	*	Scaffold1092	88394	88446	53	*
Scaffold25119	2714	2787	74	*	Scaffold198	603725	603798	74	*
Scaffold25119	2597	2667	71	*	Scaffold198	603608	603678	71	*
Scaffold25119	2612	2667	56	*	Scaffold4711	4341	4396	56	*
Scaffold25119	2710	2782	73	*	Scaffold4711	4438	4510	73	*
Scaffold2514	56539	56604	66	*	Scaffold29140	8295	8360	66	*
Scaffold2514	56539	56604	66	*	Scaffold577	254305	254370	66	*
Scaffold2514	94788	94844	57	*	Scaffold577	218019	218075	57	*
Scaffold2514	101736	101855	120	*	Scaffold577	210470	210539	70	*
Scaffold2514	83711	83761	51	*	Scaffold577	228831	228881	51	*
Scaffold2516	115816	115884	69	*	Scaffold9	1481329	1481397	69	*
Scaffold2516	111986	112038	53	*	Scaffold9	1477657	1477709	53	*
Scaffold2516	87747	87807	61	*	Scaffold9	1456545	1456605	61	*
Scaffold2516	77835	77899	65	*	Scaffold9	1445297	1445361	65	*
Scaffold2516	71149	71217	69	*	Scaffold9	1440543	1440611	69	*
Scaffold251847	99	162	64	*	Scaffold1223	64389	64452	64	*
Scaffold25186	378	440	63	*	Scaffold1566	43544	43606	63	*
Scaffold251884	303	357	55	*	Scaffold1165	212100	212154	55	*
Scaffold251884	303	357	55	*	Scaffold12	826592	826646	55	*
Scaffold251884	302	356	55	*	Scaffold1496	356167	356221	55	*
Scaffold251884	363	540	178	*	Scaffold150	220573	220673	101	*
Scaffold251884	302	357	56	*	Scaffold164	653916	653971	56	*
Scaffold251884	305	366	62	*	Scaffold1640	256104	256165	62	*
Scaffold251884	341	391	51	*	Scaffold174	186042	186092	51	*
Scaffold251884	368	421	54	*	Scaffold179	350816	350869	54	*
Scaffold251884	309	360	52	*	Scaffold1952	22420	22471	52	*
Scaffold251884	314	363	50	*	Scaffold3225	1625	1674	50	*
Scaffold251884	338	390	53	*	Scaffold36	413618	413670	53	*
Scaffold251884	341	396	56	*	Scaffold3833	668	723	56	*
Scaffold251884	310	365	56	*	Scaffold4	1585892	1585947	56	*
Scaffold251884	308	367	60	*	Scaffold424	458724	458783	60	*
Scaffold251884	303	359	57	*	Scaffold469	499598	499654	57	*
Scaffold251884	301	355	55	*	Scaffold474	150397	150451	55	*
Scaffold251884	370	431	62	*	Scaffold479	500723	500784	62	*
Scaffold251884	303	381	79	*	Scaffold5041	1449	1527	79	*
Scaffold251884	304	372	69	*	Scaffold534	106788	106856	69	*
Scaffold251884	303	360	58	*	Scaffold624	469492	469549	58	*
Scaffold251884	303	391	89	*	Scaffold659	53365	53453	89	*
Scaffold251884	319	377	59	*	Scaffold946	247906	247964	59	*
Scaffold2519	50335	50406	72	*	Scaffold1454	80769	80840	72	*
Scaffold2519	55492	55602	111	*	Scaffold1454	85726	85836	111	*
Scaffold2519	55492	55602	111	*	Scaffold25	946472	946582	111	*
Scaffold2519	50335	50406	72	*	Scaffold25	941515	941586	72	*
Scaffold252	176139	176300	162	*	Scaffold198	603659	603820	162	*
Scaffold252	105532	105583	52	*	Scaffold25	1124253	1124304	52	*
Scaffold252	24082	24140	59	*	Scaffold400	432791	432849	59	*
Scaffold252	15141	15198	58	*	Scaffold420	24059	24116	58	*
Scaffold252	131077	131133	57	*	Scaffold440	143556	143612	57	*
Scaffold252028	12	79	68	*	Scaffold1527	43357	43424	68	*
Scaffold252028	88	155	68	*	Scaffold1527	43433	43500	68	*
Scaffold2521	50284	50342	59	*	Scaffold983	430026	430084	59	*
Scaffold25215	1857	1907	51	*	Scaffold634	164285	164335	51	*
Scaffold2522	1	51	51	*	Scaffold1145	105293	105343	51	*
Scaffold25226	6398	6450	53	*	Scaffold131	918860	918912	53	*
Scaffold25226	6467	6520	54	*	Scaffold131	918790	918843	54	*
Scaffold25226	6467	6520	54	*	Scaffold4640	16660	16713	54	*
Scaffold2523	5583	5643	61	*	Scaffold1682	67001	67061	61	*
Scaffold2523	5583	5643	61	*	Scaffold3816	29702	29762	61	*
Scaffold25232	1724	1780	57	*	Scaffold296	359079	359135	57	*
Scaffold25232	4286	4354	69	*	Scaffold296	355909	355977	69	*
Scaffold25233	20243	20296	54	*	Scaffold63	167786	167839	54	*
Scaffold252396	199	249	51	*	Scaffold18	332512	332562	51	*
Scaffold2524	53042	53092	51	*	Scaffold704	759758	759808	51	*
Scaffold2524	51164	51214	51	*	Scaffold704	759758	759808	51	*
Scaffold253410	399	450	52	*	Scaffold1527	43370	43421	52	*
Scaffold253410	332	397	66	*	Scaffold1527	43303	43368	66	*
Scaffold253550	474	535	62	*	Scaffold1206	93726	93787	62	*
Scaffold25359	2061	2115	55	*	Scaffold344	656997	657051	55	*
Scaffold2536	56437	56525	89	*	Scaffold115	633890	633978	89	*
Scaffold2536	139592	139652	61	*	Scaffold115	728522	728582	61	*
Scaffold2536	159636	159691	56	*	Scaffold115	750839	750894	56	*
Scaffold2536	67348	67442	95	*	Scaffold115	652598	652692	95	*
Scaffold2536	44507	44566	60	*	Scaffold115	621787	621846	60	*
Scaffold2536	42382	42434	53	*	Scaffold115	619941	619993	53	*
Scaffold2536	46781	46883	103	*	Scaffold115	625300	625402	103	*
Scaffold2536	159693	159780	88	*	Scaffold115	750896	750983	88	*
Scaffold2536	156859	156922	64	*	Scaffold115	742404	742467	64	*
Scaffold253632	29	79	51	*	Scaffold910	32821	32871	51	*
Scaffold253655	38	99	62	*	Scaffold18	331972	332033	62	*
Scaffold253655	38	112	75	*	Scaffold220	466759	466833	75	*
Scaffold253657	365	424	60	*	Scaffold1717	43117	43176	60	*
Scaffold253695	12	100	89	*	Scaffold29080	291	379	89	*
Scaffold2538	72187	72247	61	*	Scaffold3316	10945	11005	61	*
Scaffold2538	88144	88206	63	*	Scaffold996	99572	99634	63	*
Scaffold2538	72638	72707	70	*	Scaffold996	89540	89609	70	*
Scaffold2538	85966	86030	65	*	Scaffold996	97815	97879	65	*
Scaffold2538	49429	49478	50	*	Scaffold996	73571	73620	50	*
Scaffold2538	75829	75903	75	*	Scaffold996	92664	92738	75	*
Scaffold2538	88089	88142	54	*	Scaffold996	99517	99570	54	*
Scaffold2538	81566	81635	70	*	Scaffold996	96027	96096	70	*
Scaffold2538	34962	35016	55	*	Scaffold996	61394	61448	55	*
Scaffold2538	8198	8247	50	*	Scaffold996	41082	41131	50	*
Scaffold2538	14934	14985	52	*	Scaffold996	44594	44645	52	*
Scaffold2538	81004	81073	70	*	Scaffold996	96027	96096	70	*
Scaffold2538	61790	61840	51	*	Scaffold996	80850	80900	51	*
Scaffold253817	308	399	92	*	Scaffold198	603561	603652	92	*
Scaffold254	200229	200300	72	*	Scaffold69	770120	770191	72	*
Scaffold254	200229	200300	72	*	Scaffold69	779757	779828	72	*
Scaffold254	195642	195694	53	*	Scaffold69	775477	775529	53	*
Scaffold254	195642	195691	50	*	Scaffold69	765232	765281	50	*
Scaffold254	109021	109087	67	*	Scaffold69	652807	652873	67	*
Scaffold254	64224	64279	56	*	Scaffold69	613381	613436	56	*
Scaffold254	148232	148281	50	*	Scaffold69	712324	712373	50	*
Scaffold254041	52	238	187	*	Scaffold5191	8356	8542	187	*
Scaffold254098	1	83	83	*	Scaffold558	389803	389885	83	*
Scaffold25417	1553	1622	70	*	Scaffold1206	93832	93901	70	*
Scaffold254311	1	104	104	*	Scaffold2782	12864	12967	104	*
Scaffold254344	78	156	79	*	Scaffold107	589173	589251	79	*
Scaffold2544	30930	30987	58	*	Scaffold172	54796	54853	58	*
Scaffold2544	83600	83649	50	*	Scaffold310	81244	81293	50	*
Scaffold25441	6632	6685	54	*	Scaffold520	563255	563308	54	*
Scaffold25441	6244	6302	59	*	Scaffold520	562867	562925	59	*
Scaffold25441	2442	2555	114	*	Scaffold520	559036	559149	114	*
Scaffold25441	2843	2902	60	*	Scaffold520	559439	559498	60	*
Scaffold25441	6518	6569	52	*	Scaffold520	563141	563192	52	*
Scaffold25441	6571	6630	60	*	Scaffold520	563194	563253	60	*
Scaffold2545	4778	4830	53	*	Scaffold422	498967	499019	53	*
Scaffold254605	216	274	59	*	Scaffold316	104393	104451	59	*
Scaffold254605	218	276	59	*	Scaffold4075	5562	5620	59	*
Scaffold25467	2328	2384	57	*	Scaffold124	541508	541564	57	*
Scaffold2547	9581	9642	62	*	Scaffold95	1438696	1438757	62	*
Scaffold2547	8964	9025	62	*	Scaffold95	1438696	1438757	62	*
Scaffold2548	81827	81880	54	*	Scaffold40	595783	595836	54	*
Scaffold2548	74508	74563	56	*	Scaffold40	600825	600880	56	*
Scaffold2548	87417	87483	67	*	Scaffold40	594048	594114	67	*
Scaffold2548	81755	81825	71	*	Scaffold40	595838	595908	71	*
Scaffold2548	94209	94282	74	*	Scaffold40	586164	586237	74	*
Scaffold2548	66429	66489	61	*	Scaffold40	607789	607849	61	*
Scaffold2548	47720	47779	60	*	Scaffold40	622584	622643	60	*
Scaffold2548	72888	72944	57	*	Scaffold40	603158	603214	57	*
Scaffold255	35045	35101	57	*	Scaffold298	446678	446734	57	*
Scaffold255043	1	65	65	*	Scaffold1061	182450	182514	65	*
Scaffold25517	3103	3159	57	*	Scaffold11	356575	356631	57	*
Scaffold25517	3081	3158	78	*	Scaffold1209	122830	122907	78	*
Scaffold25517	3073	3136	64	*	Scaffold1278	4185	4248	64	*
Scaffold25517	3085	3148	64	*	Scaffold1286	220956	221019	64	*
Scaffold25517	3075	3160	86	*	Scaffold1546	134158	134243	86	*
Scaffold25517	3072	3139	68	*	Scaffold1627	102335	102402	68	*
Scaffold25517	3089	3158	70	*	Scaffold1663	15571	15640	70	*
Scaffold25517	3076	3159	84	*	Scaffold1809	25998	26081	84	*
Scaffold25517	3075	3152	78	*	Scaffold1946	87106	87183	78	*
Scaffold25517	3075	3155	81	*	Scaffold198	306811	306891	81	*
Scaffold25517	3086	3158	73	*	Scaffold207	731843	731915	73	*
Scaffold25517	3105	3164	60	*	Scaffold2136	29502	29561	60	*
Scaffold25517	3075	3157	83	*	Scaffold3	1521696	1521778	83	*
Scaffold25517	3075	3154	80	*	Scaffold326	425624	425703	80	*
Scaffold25517	3075	3154	80	*	Scaffold34	133490	133569	80	*
Scaffold25517	3088	3156	69	*	Scaffold3480	36681	36749	69	*
Scaffold25517	3075	3146	72	*	Scaffold3511	19489	19560	72	*
Scaffold25517	3103	3158	56	*	Scaffold421	397574	397629	56	*
Scaffold25517	3075	3155	81	*	Scaffold4671	4244	4324	81	*
Scaffold25517	3077	3135	59	*	Scaffold483	431495	431553	59	*
Scaffold25517	3087	3136	50	*	Scaffold570	300690	300739	50	*
Scaffold25517	3077	3128	52	*	Scaffold776	131393	131444	52	*
Scaffold25517	3107	3164	58	*	Scaffold815	57910	57967	58	*
Scaffold25517	3077	3155	79	*	Scaffold82	391498	391576	79	*
Scaffold25517	3072	3148	77	*	Scaffold876	191829	191905	77	*
Scaffold25517	3075	3156	82	*	Scaffold96	603782	603863	82	*
Scaffold2554	132135	132203	69	*	Scaffold1763	123753	123821	69	*
Scaffold2554	132048	132133	86	*	Scaffold1763	123823	123908	86	*
Scaffold2554	130700	130753	54	*	Scaffold3729	5330	5383	54	*
Scaffold2554	24667	24717	51	*	Scaffold737	139708	139758	51	*
Scaffold2554	35448	35518	71	*	Scaffold737	128765	128835	71	*
Scaffold255571	23	91	69	*	Scaffold592	253823	253891	69	*
Scaffold255699	24	100	77	*	Scaffold1710	128775	128851	77	*
Scaffold25580	7885	7942	58	*	Scaffold8491	2274	2331	58	*
Scaffold25588	2197	2257	61	*	Scaffold1736	37279	37339	61	*
Scaffold256007	234	283	50	*	Scaffold198	603561	603610	50	*
Scaffold256007	193	264	72	*	Scaffold4	1386548	1386619	72	*
Scaffold25626	4052	4104	53	*	Scaffold2526	84161	84213	53	*
Scaffold2564	56570	56623	54	*	Scaffold54	1300286	1300339	54	*
Scaffold2568	26980	27035	56	*	Scaffold58	454521	454576	56	*
Scaffold257	65140	65193	54	*	Scaffold1126	113053	113106	54	*
Scaffold257	177112	177226	115	*	Scaffold661	78086	78200	115	*
Scaffold25709	24521	24578	58	*	Scaffold80	684079	684136	58	*
Scaffold2571	101725	101774	50	*	Scaffold624	521485	521534	50	*
Scaffold2571	46566	46650	85	*	Scaffold801	396958	397042	85	*
Scaffold2571	46658	46734	77	*	Scaffold801	396422	396498	77	*
Scaffold2574	28158	28207	50	*	Scaffold102	537247	537296	50	*
Scaffold2574	31348	31400	53	*	Scaffold102	539468	539520	53	*
Scaffold25740	3739	3795	57	*	Scaffold229	503457	503513	57	*
Scaffold25757	4208	4257	50	*	Scaffold1109	196098	196147	50	*
Scaffold2576	17874	17939	66	*	Scaffold197	671322	671387	66	*
Scaffold2578	108247	108317	71	*	Scaffold117	796161	796231	71	*
Scaffold2578	122745	122849	105	*	Scaffold117	814945	815049	105	*
Scaffold2578	162859	162928	70	*	Scaffold117	841366	841435	70	*
Scaffold2578	120068	120128	61	*	Scaffold117	811024	811084	61	*
Scaffold2578	18881	18939	59	*	Scaffold1684	175706	175764	59	*
Scaffold2578	18793	18848	56	*	Scaffold1893	22267	22322	56	*
Scaffold257822	108	168	61	*	Scaffold30	308893	308953	61	*
Scaffold2580	26489	26557	69	*	Scaffold246	323007	323075	69	*
Scaffold258003	20	154	135	*	Scaffold113	356516	356650	135	*
Scaffold258003	157	206	50	*	Scaffold113	356464	356513	50	*
Scaffold258145	185	265	81	*	Scaffold356	23891	23971	81	*
Scaffold2582	28025	28074	50	*	Scaffold293	345114	345163	50	*
Scaffold25821	5214	5265	52	*	Scaffold1108	70964	71015	52	*
Scaffold258296	131	205	75	*	Scaffold1053	316367	316441	75	*
Scaffold258296	131	256	126	*	Scaffold558	394187	394312	126	*
Scaffold258427	212	273	62	*	Scaffold2123	373	434	62	*
Scaffold258515	17	95	79	*	Scaffold10988	1	79	79	*
Scaffold258515	9	94	86	*	Scaffold114	877319	877404	86	*
Scaffold258515	26	96	71	*	Scaffold1325	139129	139199	71	*
Scaffold258515	13	98	86	*	Scaffold1368	118217	118302	86	*
Scaffold258515	11	71	61	*	Scaffold1685	48696	48756	61	*
Scaffold258515	10	95	86	*	Scaffold192	501988	502073	86	*
Scaffold258515	16	68	53	*	Scaffold204	91962	92014	53	*
Scaffold258515	28	92	65	*	Scaffold234	821269	821333	65	*
Scaffold258515	25	99	75	*	Scaffold2396	87298	87372	75	*
Scaffold258515	10	83	74	*	Scaffold25	863219	863292	74	*
Scaffold258515	13	68	56	*	Scaffold254	109643	109698	56	*
Scaffold258515	11	91	81	*	Scaffold2637	332452	332532	81	*
Scaffold258515	12	80	69	*	Scaffold282	347262	347330	69	*
Scaffold258515	19	98	80	*	Scaffold285	322328	322407	80	*
Scaffold258515	12	67	56	*	Scaffold2878	14631	14686	56	*
Scaffold258515	29	92	64	*	Scaffold3031	44482	44545	64	*
Scaffold258515	10	75	66	*	Scaffold315	395625	395690	66	*
Scaffold258515	10	85	76	*	Scaffold3261	12428	12503	76	*
Scaffold258515	12	72	61	*	Scaffold4055	42562	42622	61	*
Scaffold258515	10	84	75	*	Scaffold50	901112	901186	75	*
Scaffold258515	11	80	70	*	Scaffold519	215679	215748	70	*
Scaffold258515	30	98	69	*	Scaffold56	340904	340972	69	*
Scaffold258515	33	87	55	*	Scaffold63	913216	913270	55	*
Scaffold258515	10	82	73	*	Scaffold6623	1288	1360	73	*
Scaffold258515	10	80	71	*	Scaffold691	317248	317318	71	*
Scaffold258515	10	89	80	*	Scaffold7342	1816	1895	80	*
Scaffold258515	10	61	52	*	Scaffold8	58201	58252	52	*
Scaffold258515	39	95	57	*	Scaffold849	259926	259982	57	*
Scaffold258515	11	72	62	*	Scaffold94	444782	444843	62	*
Scaffold25856	596	649	54	*	Scaffold999	106577	106630	54	*
Scaffold2586	47733	47785	53	*	Scaffold1063	250681	250733	53	*
Scaffold2586	47734	47788	55	*	Scaffold1206	123610	123664	55	*
Scaffold2586	47733	47785	53	*	Scaffold1461	57398	57450	53	*
Scaffold2586	47263	47321	59	*	Scaffold3112	32390	32448	59	*
Scaffold2586	47143	47201	59	*	Scaffold3112	32506	32564	59	*
Scaffold2586	47730	47784	55	*	Scaffold382	321617	321671	55	*
Scaffold2586	47737	47789	53	*	Scaffold412	317955	318007	53	*
Scaffold2586	47249	47298	50	*	Scaffold473	661481	661530	50	*
Scaffold2586	47730	47790	61	*	Scaffold482	235924	235984	61	*
Scaffold2586	47733	47787	55	*	Scaffold509	313774	313828	55	*
Scaffold2586	47730	47786	57	*	Scaffold595	190070	190126	57	*
Scaffold2586	47735	47787	53	*	Scaffold668	72869	72921	53	*
Scaffold2586	47734	47787	54	*	Scaffold759	77685	77738	54	*
Scaffold25863	922	985	64	*	Scaffold14	680855	680918	64	*
Scaffold25863	926	985	60	*	Scaffold185	66903	66962	60	*
Scaffold25875	4451	4505	55	*	Scaffold1875	53446	53500	55	*
Scaffold25875	6851	6905	55	*	Scaffold1875	53446	53500	55	*
Scaffold258797	71	140	70	*	Scaffold196	667103	667172	70	*
Scaffold25889	17441	17498	58	*	Scaffold1896	513024	513081	58	*
Scaffold25889	30418	30474	57	*	Scaffold1896	523767	523823	57	*
Scaffold259	205706	205761	56	*	Scaffold103	475847	475902	56	*
Scaffold259	226106	226159	54	*	Scaffold103	450471	450524	54	*
Scaffold259	58099	58172	74	*	Scaffold103	609835	609908	74	*
Scaffold259	87046	87108	63	*	Scaffold103	583073	583135	63	*
Scaffold259	225587	225636	50	*	Scaffold103	450993	451042	50	*
Scaffold259	151465	151515	51	*	Scaffold103	522285	522335	51	*
Scaffold259	66611	66684	74	*	Scaffold103	601496	601569	74	*
Scaffold259	204507	204558	52	*	Scaffold103	476969	477020	52	*
Scaffold259	103235	103284	50	*	Scaffold103	565666	565715	50	*
Scaffold259	121628	121681	54	*	Scaffold1089	72952	73005	54	*
Scaffold259	121608	121667	60	*	Scaffold1177	290699	290758	60	*
Scaffold259	169161	169210	50	*	Scaffold1193	179583	179632	50	*
Scaffold259	121636	121685	50	*	Scaffold18	1286197	1286246	50	*
Scaffold259	154587	154636	50	*	Scaffold198	95809	95858	50	*
Scaffold259	64507	64572	66	*	Scaffold214	89404	89469	66	*
Scaffold259	121622	121681	60	*	Scaffold221	63228	63287	60	*
Scaffold259	121628	121687	60	*	Scaffold2232	107637	107696	60	*
Scaffold259	121630	121681	52	*	Scaffold22658	435	486	52	*
Scaffold259	121626	121676	51	*	Scaffold25	847794	847844	51	*
Scaffold259	196297	196352	56	*	Scaffold296	625670	625725	56	*
Scaffold259	121629	121689	61	*	Scaffold3126	31462	31522	61	*
Scaffold259	123738	123796	59	*	Scaffold44	1132970	1133028	59	*
Scaffold259	108803	108874	72	*	Scaffold73	10895	10966	72	*
Scaffold259	121632	121688	57	*	Scaffold7483	4142	4198	57	*
Scaffold259	55817	55874	58	*	Scaffold882	312858	312915	58	*
Scaffold25900	2884	2935	52	*	Scaffold426	557475	557526	52	*
Scaffold2591	38859	38913	55	*	Scaffold115	227713	227767	55	*
Scaffold25919	19663	19761	99	*	Scaffold558	389794	389892	99	*
Scaffold2593	60175	60240	66	*	Scaffold422	269883	269948	66	*
Scaffold2593	67922	67973	52	*	Scaffold422	273908	273959	52	*
Scaffold2593	60175	60230	56	*	Scaffold6014	6004	6059	56	*
Scaffold25939	7930	7980	51	*	Scaffold175	477768	477818	51	*
Scaffold259390	131	199	69	*	Scaffold216	127125	127193	69	*
Scaffold2594	28694	28743	50	*	Scaffold254	706594	706643	50	*
Scaffold2595	91681	91736	56	*	Scaffold1053	32984	33039	56	*
Scaffold2595	91680	91740	61	*	Scaffold162	115416	115476	61	*
Scaffold2595	91680	91743	64	*	Scaffold237	451304	451367	64	*
Scaffold2595	91686	91741	56	*	Scaffold241	285071	285126	56	*
Scaffold2595	91683	91741	59	*	Scaffold404	69895	69953	59	*
Scaffold2595	105264	105323	60	*	Scaffold418	60674	60733	60	*
Scaffold2595	91681	91741	61	*	Scaffold55	451674	451734	61	*
Scaffold2595	91681	91737	57	*	Scaffold638	174266	174322	57	*
Scaffold2595	91685	91744	60	*	Scaffold820	107472	107531	60	*
Scaffold259614	1	229	229	*	Scaffold198	603592	603820	229	*
Scaffold25972	7412	7479	68	*	Scaffold564	309994	310061	68	*
Scaffold259795	462	512	51	*	Scaffold1763	123732	123782	51	*
Scaffold259795	167	225	59	*	Scaffold1763	124021	124079	59	*
Scaffold259839	141	191	51	*	Scaffold4	1362933	1362983	51	*
Scaffold26	166159	166240	82	*	Scaffold1763	123772	123853	82	*
Scaffold26	166153	166206	54	*	Scaffold2582	6035	6088	54	*
Scaffold260000	1	52	52	*	Scaffold502	134273	134324	52	*
Scaffold260026	17	105	89	*	Scaffold926	387190	387278	89	*
Scaffold26020	6695	6745	51	*	Scaffold1545	254331	254381	51	*
Scaffold26026	738	787	50	*	Scaffold27542	178	227	50	*
Scaffold26030	45	120	76	*	Scaffold3316	11056	11131	76	*
Scaffold26039	9406	9455	50	*	Scaffold389	558334	558383	50	*
Scaffold26077	6783	6853	71	*	Scaffold1521	231745	231815	71	*
Scaffold260808	603	656	54	*	Scaffold17890	857	910	54	*
Scaffold260811	142	199	58	*	Scaffold1321	4848	4905	58	*
Scaffold260811	38	91	54	*	Scaffold1321	4949	5002	54	*
Scaffold2610	5274	5342	69	*	Scaffold259	555678	555746	69	*
Scaffold261033	133	187	55	*	Scaffold310	230584	230638	55	*
Scaffold261062	35	89	55	*	Scaffold657	307416	307470	55	*
Scaffold261062	35	89	55	*	Scaffold68	140933	140987	55	*
Scaffold261062	29	89	61	*	Scaffold846	242281	242341	61	*
Scaffold261062	108	163	56	*	Scaffold967	198928	198983	56	*
Scaffold2611	23543	23687	145	*	Scaffold292	342180	342324	145	*
Scaffold2614	157172	157223	52	*	Scaffold123	838393	838444	52	*
Scaffold2614	192750	192844	95	*	Scaffold123	934991	935085	95	*
Scaffold2614	141753	141812	60	*	Scaffold123	827143	827202	60	*
Scaffold2614	156533	156601	69	*	Scaffold123	837689	837757	69	*
Scaffold2614	176559	176637	79	*	Scaffold123	857939	858017	79	*
Scaffold2614	196539	196650	112	*	Scaffold123	931065	931176	112	*
Scaffold2614	133579	133631	53	*	Scaffold123	817887	817939	53	*
Scaffold2614	123025	123083	59	*	Scaffold123	807121	807179	59	*
Scaffold2614	30780	30830	51	*	Scaffold123	1098322	1098372	51	*
Scaffold2614	159286	159353	68	*	Scaffold123	840591	840658	68	*
Scaffold2614	119031	119088	58	*	Scaffold123	803187	803244	58	*
Scaffold2614	163273	163345	73	*	Scaffold123	845006	845078	73	*
Scaffold2614	178297	178362	66	*	Scaffold123	859616	859681	66	*
Scaffold2614	164528	164592	65	*	Scaffold123	846489	846553	65	*
Scaffold2614	113587	113642	56	*	Scaffold123	798685	798740	56	*
Scaffold2614	167569	167626	58	*	Scaffold123	848530	848587	58	*
Scaffold2614	121613	121662	50	*	Scaffold123	805990	806039	50	*
Scaffold2614	13043	13102	60	*	Scaffold123	730613	730672	60	*
Scaffold2614	30780	30830	51	*	Scaffold123	757714	757764	51	*
Scaffold2614	113644	113698	55	*	Scaffold123	798742	798796	55	*
Scaffold2614	177480	177532	53	*	Scaffold123	858627	858679	53	*
Scaffold2614	157282	157340	59	*	Scaffold123	838503	838561	59	*
Scaffold2614	122250	122352	103	*	Scaffold135	656665	656767	103	*
Scaffold2614	111739	111797	59	*	Scaffold2598	43299	43357	59	*
Scaffold2615	54383	54460	78	*	Scaffold306	446462	446539	78	*
Scaffold2615	10134	10188	55	*	Scaffold306	413627	413681	55	*
Scaffold261524	38	109	72	*	Scaffold2280	3319	3390	72	*
Scaffold26162	4573	4628	56	*	Scaffold1081	150185	150240	56	*
Scaffold26165	7075	7130	56	*	Scaffold2782	97740	97795	56	*
Scaffold2618	31503	31560	58	*	Scaffold4590	11512	11569	58	*
Scaffold26182	8367	8423	57	*	Scaffold5724	85	141	57	*
Scaffold261908	117	171	55	*	Scaffold114	39708	39762	55	*
Scaffold2621	39710	39767	58	*	Scaffold161	529290	529347	58	*
Scaffold2621	76531	76587	57	*	Scaffold1610	91744	91800	57	*
Scaffold2621	111522	111579	58	*	Scaffold1903	135250	135307	58	*
Scaffold2621	76531	76587	57	*	Scaffold194	449633	449689	57	*
Scaffold2621	109221	109271	51	*	Scaffold194	421740	421790	51	*
Scaffold2621	107024	107073	50	*	Scaffold194	424044	424093	50	*
Scaffold2621	60503	60555	53	*	Scaffold194	466353	466405	53	*
Scaffold2621	111599	111657	59	*	Scaffold22659	17	75	59	*
Scaffold2621	33540	33595	56	*	Scaffold2752	52270	52325	56	*
Scaffold2621	111417	111478	62	*	Scaffold278	352248	352309	62	*
Scaffold2621	111417	111475	59	*	Scaffold3575	24874	24932	59	*
Scaffold2621	37639	37714	76	*	Scaffold5191	8292	8367	76	*
Scaffold2621	39710	39763	54	*	Scaffold5191	8812	8865	54	*
Scaffold2621	39308	39375	68	*	Scaffold5191	8410	8477	68	*
Scaffold2621	35162	35216	55	*	Scaffold5191	7838	7892	55	*
Scaffold2622	46302	46351	50	*	Scaffold192	749834	749883	50	*
Scaffold2622	36732	36793	62	*	Scaffold192	741585	741646	62	*
Scaffold26228	408	490	83	*	Scaffold154	762988	763070	83	*
Scaffold2624	4249	4299	51	*	Scaffold1872	4545	4595	51	*
Scaffold26254	15560	15613	54	*	Scaffold113	356937	356990	54	*
Scaffold26254	16421	16481	61	*	Scaffold1763	124252	124312	61	*
Scaffold26254	14642	14701	60	*	Scaffold1763	123762	123821	60	*
Scaffold26254	14637	14700	64	*	Scaffold93	198330	198393	64	*
Scaffold2626	84100	84153	54	*	Scaffold1460	5478	5531	54	*
Scaffold2626	84100	84153	54	*	Scaffold747	259248	259301	54	*
Scaffold2626	92899	92948	50	*	Scaffold747	253382	253431	50	*
Scaffold2626	80017	80076	60	*	Scaffold747	263315	263374	60	*
Scaffold2626	64632	64684	53	*	Scaffold747	274956	275008	53	*
Scaffold2626	62103	62153	51	*	Scaffold747	277504	277554	51	*
Scaffold2626	60810	60872	63	*	Scaffold747	278807	278869	63	*
Scaffold2626	62269	62325	57	*	Scaffold747	277330	277386	57	*
Scaffold262762	784	843	60	*	Scaffold2952	118518	118577	60	*
Scaffold262818	496	556	61	*	Scaffold310	230584	230644	61	*
Scaffold262840	453	503	51	*	Scaffold326	206996	207046	51	*
Scaffold262915	247	311	65	*	Scaffold2782	86339	86403	65	*
Scaffold262915	85	156	72	*	Scaffold2782	86495	86566	72	*
Scaffold263	27422	27477	56	*	Scaffold689	277048	277103	56	*
Scaffold26315	34700	34756	57	*	Scaffold1527	43436	43492	57	*
Scaffold26315	34853	34912	60	*	Scaffold1527	43589	43648	60	*
Scaffold26315	34618	34682	65	*	Scaffold1527	43356	43420	65	*
Scaffold2632	65916	65984	69	*	Scaffold202	22584	22652	69	*
Scaffold2632	10604	10671	68	*	Scaffold30	168598	168665	68	*
Scaffold2632	10606	10662	57	*	Scaffold4647	47168	47224	57	*
Scaffold26323	10867	10931	65	*	Scaffold90	781838	781902	65	*
Scaffold26323	13027	13092	66	*	Scaffold90	779532	779597	66	*
Scaffold26323	13118	13191	74	*	Scaffold90	779433	779506	74	*
Scaffold26323	16679	16732	54	*	Scaffold90	776175	776228	54	*
Scaffold26323	11948	12001	54	*	Scaffold90	780773	780826	54	*
Scaffold2633	58782	58880	99	*	Scaffold137	81118	81216	99	*
Scaffold2633	88593	88661	69	*	Scaffold137	58878	58946	69	*
Scaffold2633	50858	50935	78	*	Scaffold137	87264	87341	78	*
Scaffold2633	63698	63756	59	*	Scaffold137	78980	79038	59	*
Scaffold2633	63638	63696	59	*	Scaffold137	79039	79097	59	*
Scaffold2633	64927	65048	122	*	Scaffold137	77734	77855	122	*
Scaffold2633	61981	62039	59	*	Scaffold137	79039	79097	59	*
Scaffold2633	58692	58778	87	*	Scaffold137	81220	81306	87	*
Scaffold2633	62041	62099	59	*	Scaffold137	78980	79038	59	*
Scaffold2633	37400	37456	57	*	Scaffold137	133531	133587	57	*
Scaffold2633	4344	4400	57	*	Scaffold137	133531	133587	57	*
Scaffold2633	44516	44600	85	*	Scaffold137	91951	92035	85	*
Scaffold2633	101767	101891	125	*	Scaffold7002	5395	5519	125	*
Scaffold263530	113	172	60	*	Scaffold508	113547	113606	60	*
Scaffold263781	59	108	50	*	Scaffold1109	119198	119247	50	*
Scaffold2639	4030	4084	55	*	Scaffold2526	83993	84047	55	*
Scaffold2640	20669	20734	66	*	Scaffold1259	130723	130788	66	*
Scaffold26410	943	1005	63	*	Scaffold68	406733	406795	63	*
Scaffold26414	20635	20688	54	*	Scaffold37	699755	699808	54	*
Scaffold26429	3015	3088	74	*	Scaffold698	178744	178817	74	*
Scaffold26429	3015	3088	74	*	Scaffold698	168708	168781	74	*
Scaffold264444	12	62	51	*	Scaffold1649	108832	108882	51	*
Scaffold2647	79798	79862	65	*	Scaffold1527	43436	43500	65	*
Scaffold2647	79813	79879	67	*	Scaffold1918	121536	121602	67	*
Scaffold2647	79867	79927	61	*	Scaffold194	629515	629575	61	*
Scaffold2647	79907	79986	80	*	Scaffold486	395022	395101	80	*
Scaffold26483	8488	8543	56	*	Scaffold4	1362853	1362908	56	*
Scaffold2649	27085	27150	66	*	Scaffold1161	68931	68996	66	*
Scaffold2649	27100	27176	77	*	Scaffold198	603578	603654	77	*
Scaffold2649	27001	27062	62	*	Scaffold198	603692	603753	62	*
Scaffold265	112579	112628	50	*	Scaffold140	790776	790825	50	*
Scaffold265	72637	72689	53	*	Scaffold18	683116	683168	53	*
Scaffold265010	47	102	56	*	Scaffold242	254795	254850	56	*
Scaffold26507	2914	2963	50	*	Scaffold86	197576	197625	50	*
Scaffold265142	430	497	68	*	Scaffold894	85689	85756	68	*
Scaffold26519	2421	2477	57	*	Scaffold179	342537	342593	57	*
Scaffold26519	2424	2476	53	*	Scaffold2069	36443	36495	53	*
Scaffold26519	2417	2473	57	*	Scaffold2307	118285	118341	57	*
Scaffold26519	2414	2473	60	*	Scaffold31122	513	572	60	*
Scaffold26519	2418	2473	56	*	Scaffold66	444683	444738	56	*
Scaffold26519	2417	2472	56	*	Scaffold90	741500	741555	56	*
Scaffold26533	66	142	77	*	Scaffold1031	39511	39587	77	*
Scaffold26533	63	116	54	*	Scaffold555	232805	232858	54	*
Scaffold265410	11418	11481	64	*	Scaffold1586	30708	30771	64	*
Scaffold265410	11438	11489	52	*	Scaffold661	78086	78137	52	*
Scaffold265410	11554	11626	73	*	Scaffold661	78202	78274	73	*
Scaffold265410	11491	11552	62	*	Scaffold661	78139	78200	62	*
Scaffold2655	45430	45492	63	*	Scaffold930	213891	213953	63	*
Scaffold265594	30	94	65	*	Scaffold91	568219	568283	65	*
Scaffold265602	1	133	133	*	Scaffold198	603682	603814	133	*
Scaffold265720	1	86	86	*	Scaffold5191	8381	8466	86	*
Scaffold2659	30314	30399	86	*	Scaffold186	285478	285563	86	*
Scaffold2659	30502	30703	202	*	Scaffold5191	8260	8461	202	*
Scaffold26591	35	106	72	*	Scaffold1031	39520	39591	72	*
Scaffold26591	35	92	58	*	Scaffold339	294790	294847	58	*
Scaffold26593	5611	5690	80	*	Scaffold470	293456	293535	80	*
Scaffold266036	71	124	54	*	Scaffold449	334780	334833	54	*
Scaffold2668	49381	49437	57	*	Scaffold353	523	579	57	*
Scaffold266874	178	245	68	*	Scaffold10	1791992	1792059	68	*
Scaffold266874	180	234	55	*	Scaffold1022	140479	140533	55	*
Scaffold266874	180	246	67	*	Scaffold105	194345	194411	67	*
Scaffold266874	179	244	66	*	Scaffold1452	37481	37546	66	*
Scaffold266874	181	240	60	*	Scaffold18507	237	296	60	*
Scaffold266874	184	248	65	*	Scaffold2001	48956	49020	65	*
Scaffold266874	177	227	51	*	Scaffold21	10795	10845	51	*
Scaffold266874	180	247	68	*	Scaffold216	241888	241955	68	*
Scaffold266874	180	245	66	*	Scaffold25913	326	391	66	*
Scaffold266874	178	246	69	*	Scaffold4	1647855	1647923	69	*
Scaffold266874	181	242	62	*	Scaffold535	282011	282072	62	*
Scaffold266874	180	244	65	*	Scaffold65	956487	956551	65	*
Scaffold266874	180	247	68	*	Scaffold8	1527979	1528046	68	*
Scaffold266874	190	247	58	*	Scaffold842	145595	145652	58	*
Scaffold266874	185	239	55	*	Scaffold97	49623	49677	55	*
Scaffold2669	44938	45011	74	*	Scaffold3227	3300	3373	74	*
Scaffold2669	44960	45013	54	*	Scaffold77	48743	48796	54	*
Scaffold2669	44960	45015	56	*	Scaffold869	116008	116063	56	*
Scaffold266902	18	99	82	*	Scaffold640	172158	172239	82	*
Scaffold26699	4604	4666	63	*	Scaffold253	154062	154124	63	*
Scaffold267	55110	55210	101	*	Scaffold724	167817	167917	101	*
Scaffold267	34920	34977	58	*	Scaffold724	146004	146061	58	*
Scaffold267	150565	150643	79	*	Scaffold724	247325	247403	79	*
Scaffold267	79783	79838	56	*	Scaffold724	187732	187787	56	*
Scaffold267	91700	91753	54	*	Scaffold724	203781	203834	54	*
Scaffold267	55048	55103	56	*	Scaffold724	167755	167810	56	*
Scaffold267	15379	15434	56	*	Scaffold724	134179	134234	56	*
Scaffold267	8278	8331	54	*	Scaffold724	129188	129241	54	*
Scaffold267	33268	33317	50	*	Scaffold724	144732	144781	50	*
Scaffold2670	105425	105476	52	*	Scaffold18	332338	332389	52	*
Scaffold2671	16369	16420	52	*	Scaffold2355	34336	34387	52	*
Scaffold2671	176607	176656	50	*	Scaffold2837	38329	38378	50	*
Scaffold2671	37754	37812	59	*	Scaffold422	557511	557569	59	*
Scaffold2671	208347	208401	55	*	Scaffold422	729714	729768	55	*
Scaffold2671	119820	119872	53	*	Scaffold422	654132	654184	53	*
Scaffold2671	38114	38176	63	*	Scaffold422	557930	557992	63	*
Scaffold2671	35842	35908	67	*	Scaffold422	555986	556052	67	*
Scaffold2671	185707	185761	55	*	Scaffold5992	9472	9526	55	*
Scaffold2671	159768	159822	55	*	Scaffold65	81913	81967	55	*
Scaffold2671	185714	185764	51	*	Scaffold71	41632	41682	51	*
Scaffold2672	12304	12356	53	*	Scaffold100	4146	4198	53	*
Scaffold2673	70044	70102	59	*	Scaffold107	589262	589320	59	*
Scaffold2673	69958	70015	58	*	Scaffold107	589176	589233	58	*
Scaffold2673	69977	70030	54	*	Scaffold29463	43	96	54	*
Scaffold2673	25987	26042	56	*	Scaffold345	848026	848081	56	*
Scaffold2673	37737	37789	53	*	Scaffold345	853383	853435	53	*
Scaffold2674	7743	7794	52	*	Scaffold161	374440	374491	52	*
Scaffold2674	42779	42849	71	*	Scaffold161	346584	346654	71	*
Scaffold2674	65790	65851	62	*	Scaffold161	326757	326818	62	*
Scaffold2674	72888	72955	68	*	Scaffold161	321312	321379	68	*
Scaffold2674	40065	40115	51	*	Scaffold161	346604	346654	51	*
Scaffold26748	891	954	64	*	Scaffold470	293391	293454	64	*
Scaffold267490	218	281	64	*	Scaffold1527	43575	43638	64	*
Scaffold267490	145	205	61	*	Scaffold1527	43502	43562	61	*
Scaffold2675	64232	64282	51	*	Scaffold113	688557	688607	51	*
Scaffold2675	71761	71829	69	*	Scaffold113	683656	683724	69	*
Scaffold2675	65983	66047	65	*	Scaffold113	687064	687128	65	*
Scaffold267557	533	582	50	*	Scaffold53	392831	392880	50	*
Scaffold267650	153	203	51	*	Scaffold23	503125	503175	51	*
Scaffold267650	49	117	69	*	Scaffold5191	8285	8353	69	*
Scaffold267650	119	272	154	*	Scaffold5191	8355	8508	154	*
Scaffold267650	110	231	122	*	Scaffold640	172158	172279	122	*
Scaffold267650	198	262	65	*	Scaffold70	319222	319286	65	*
Scaffold267801	71	123	53	*	Scaffold69	885225	885277	53	*
Scaffold2679	27668	27719	52	*	Scaffold3225	21318	21369	52	*
Scaffold267916	532	611	80	*	Scaffold311	133736	133815	80	*
Scaffold268049	561	711	151	*	Scaffold113	356517	356667	151	*
Scaffold268049	645	694	50	*	Scaffold38	641723	641772	50	*
Scaffold268049	573	643	71	*	Scaffold38	641651	641721	71	*
Scaffold268097	149	202	54	*	Scaffold375	395316	395369	54	*
Scaffold268163	9	69	61	*	Scaffold477	136802	136862	61	*
Scaffold26822	12223	12274	52	*	Scaffold599	238597	238648	52	*
Scaffold268332	14	65	52	*	Scaffold616	34529	34580	52	*
Scaffold268344	3	84	82	*	Scaffold127	1110151	1110232	82	*
Scaffold268459	107	156	50	*	Scaffold326	178862	178911	50	*
Scaffold268508	64	123	60	*	Scaffold424	293270	293329	60	*
Scaffold2686	70994	71073	80	*	Scaffold360	111931	112010	80	*
Scaffold2686	71090	71141	52	*	Scaffold360	112027	112078	52	*
Scaffold2686	58153	58214	62	*	Scaffold371	502127	502188	62	*
Scaffold2686	71007	71071	65	*	Scaffold717	48151	48215	65	*
Scaffold2687	65468	65520	53	*	Scaffold182	391728	391780	53	*
Scaffold2687	57886	57951	66	*	Scaffold182	389810	389875	66	*
Scaffold2688	93067	93148	82	*	Scaffold1144	21499	21580	82	*
Scaffold2688	93246	93299	54	*	Scaffold216	127274	127327	54	*
Scaffold2688	93040	93089	50	*	Scaffold2527	58961	59010	50	*
Scaffold2688	93053	93105	53	*	Scaffold527	244088	244140	53	*
Scaffold268861	201	275	75	*	Scaffold537	437677	437751	75	*
Scaffold2690	19317	19366	50	*	Scaffold313	33858	33907	50	*
Scaffold2691	68763	68825	63	*	Scaffold113	356669	356731	63	*
Scaffold2691	112615	112693	79	*	Scaffold1527	43486	43564	79	*
Scaffold26914	1516	1566	51	*	Scaffold4346	1921	1971	51	*
Scaffold269185	161	210	50	*	Scaffold3112	32490	32539	50	*
Scaffold269187	111	164	54	*	Scaffold332	328436	328489	54	*
Scaffold269187	112	166	55	*	Scaffold370	456597	456651	55	*
Scaffold26927	4627	4702	76	*	Scaffold470	293530	293605	76	*
Scaffold2694	40127	40176	50	*	Scaffold89	747493	747542	50	*
Scaffold26941	8726	8804	79	*	Scaffold2022	71807	71885	79	*
Scaffold26941	8726	8790	65	*	Scaffold33	617586	617650	65	*
Scaffold2695	43024	43092	69	*	Scaffold206	91970	92038	69	*
Scaffold2695	30430	30488	59	*	Scaffold206	100382	100440	59	*
Scaffold2695	2519	2601	83	*	Scaffold206	154388	154470	83	*
Scaffold2695	38440	38492	53	*	Scaffold206	93427	93479	53	*
Scaffold269655	72	143	72	*	Scaffold1951	111996	112067	72	*
Scaffold269681	23	75	53	*	Scaffold2280	3322	3374	53	*
Scaffold2698	77475	77535	61	*	Scaffold258	156803	156863	61	*
Scaffold26996	1657	1706	50	*	Scaffold1182	162127	162176	50	*
Scaffold26996	1656	1711	56	*	Scaffold3632	15890	15945	56	*
Scaffold270197	1	51	51	*	Scaffold113	356517	356567	51	*
Scaffold270202	824	908	85	*	Scaffold1527	43416	43500	85	*
Scaffold2704	59636	59697	62	*	Scaffold132	277023	277084	62	*
Scaffold2704	39599	39664	66	*	Scaffold132	286086	286151	66	*
Scaffold2704	67241	67315	75	*	Scaffold132	271922	271996	75	*
Scaffold2704	42599	42661	63	*	Scaffold132	284558	284620	63	*
Scaffold2704	75681	75732	52	*	Scaffold132	266630	266681	52	*
Scaffold2704	35387	35436	50	*	Scaffold132	289779	289828	50	*
Scaffold2704	35305	35356	52	*	Scaffold132	289857	289908	52	*
Scaffold2704	36848	36902	55	*	Scaffold132	288528	288582	55	*
Scaffold2704	3232	3286	55	*	Scaffold296	625758	625812	55	*
Scaffold2704	71932	71985	54	*	Scaffold3616	2181	2234	54	*
Scaffold270637	10	63	54	*	Scaffold1223	64391	64444	54	*
Scaffold27066	3117	3170	54	*	Scaffold489	363066	363119	54	*
Scaffold27071	8902	9008	107	*	Scaffold2782	114056	114162	107	*
Scaffold27071	1103	1154	52	*	Scaffold2782	112619	112670	52	*
Scaffold27071	4578	4640	63	*	Scaffold2782	117199	117261	63	*
Scaffold27071	932	1030	99	*	Scaffold2782	112498	112596	99	*
Scaffold27071	3217	3279	63	*	Scaffold2782	113865	113927	63	*
Scaffold27071	1190	1303	114	*	Scaffold2782	112693	112806	114	*
Scaffold27071	8679	8745	67	*	Scaffold2782	114070	114136	67	*
Scaffold27071	170	326	157	*	Scaffold2782	111739	111895	157	*
Scaffold27071	1368	1512	145	*	Scaffold2782	112872	113016	145	*
Scaffold27071	9010	9109	100	*	Scaffold2782	114164	114263	100	*
Scaffold27071	728	846	119	*	Scaffold2782	112293	112411	119	*
Scaffold27071	27	135	109	*	Scaffold2782	111598	111706	109	*
Scaffold2710	91444	91499	56	*	Scaffold12303	437	492	56	*
Scaffold2710	91437	91499	63	*	Scaffold1446	298901	298963	63	*
Scaffold2710	39719	39780	62	*	Scaffold149	618216	618277	62	*
Scaffold2710	95802	95858	57	*	Scaffold149	680839	680895	57	*
Scaffold2710	85094	85145	52	*	Scaffold149	666661	666712	52	*
Scaffold2710	91438	91499	62	*	Scaffold1625	52340	52401	62	*
Scaffold2710	91430	91500	71	*	Scaffold190	111002	111072	71	*
Scaffold2710	91432	91494	63	*	Scaffold212	433103	433165	63	*
Scaffold2710	91432	91495	64	*	Scaffold2425	85899	85962	64	*
Scaffold2710	91428	91486	59	*	Scaffold311	484732	484790	59	*
Scaffold2710	91435	91499	65	*	Scaffold340	236048	236112	65	*
Scaffold2710	91429	91498	70	*	Scaffold378	545987	546056	70	*
Scaffold2710	91444	91499	56	*	Scaffold455	528878	528933	56	*
Scaffold2710	91425	91493	69	*	Scaffold5180	16133	16201	69	*
Scaffold2710	91432	91483	52	*	Scaffold5948	8206	8257	52	*
Scaffold2710	46364	46415	52	*	Scaffold645	372935	372986	52	*
Scaffold2710	91430	91491	62	*	Scaffold662	268530	268591	62	*
Scaffold271058	3282	3341	60	*	Scaffold501	165461	165520	60	*
Scaffold2711	55649	55704	56	*	Scaffold3006	39611	39666	56	*
Scaffold27119	8353	8415	63	*	Scaffold139	123116	123178	63	*
Scaffold2712	51064	51127	64	*	Scaffold113	117379	117442	64	*
Scaffold2712	51021	51082	62	*	Scaffold1527	43436	43497	62	*
Scaffold2712	50928	50986	59	*	Scaffold1527	43506	43564	59	*
Scaffold2712	51084	51148	65	*	Scaffold1527	43370	43434	65	*
Scaffold2712	51210	51265	56	*	Scaffold2248	161304	161359	56	*
Scaffold2712	51117	51174	58	*	Scaffold335	467471	467528	58	*
Scaffold2712	51108	51159	52	*	Scaffold668	43004	43055	52	*
Scaffold2714	34201	34279	79	*	Scaffold544	746860	746938	79	*
Scaffold2714	68220	68269	50	*	Scaffold544	771309	771358	50	*
Scaffold2714	34416	34473	58	*	Scaffold544	747082	747139	58	*
Scaffold2714	29485	29554	70	*	Scaffold544	743338	743407	70	*
Scaffold2714	24380	24442	63	*	Scaffold544	737892	737954	63	*
Scaffold2714	24580	24643	64	*	Scaffold544	738094	738157	64	*
Scaffold2714	34281	34336	56	*	Scaffold544	746940	746995	56	*
Scaffold2714	34012	34068	57	*	Scaffold544	746665	746721	57	*
Scaffold2714	34104	34156	53	*	Scaffold544	746757	746809	53	*
Scaffold2714	48879	48986	108	*	Scaffold544	755595	755702	108	*
Scaffold2714	29586	29661	76	*	Scaffold544	743438	743513	76	*
Scaffold2715	6233	6285	53	*	Scaffold2123	35554	35606	53	*
Scaffold27170	470	547	78	*	Scaffold320	90055	90132	78	*
Scaffold27171	9211	9298	88	*	Scaffold1367	48602	48689	88	*
Scaffold2718	38211	38284	74	*	Scaffold17	513021	513094	74	*
Scaffold2718	66198	66247	50	*	Scaffold17	497459	497508	50	*
Scaffold2719	457	510	54	*	Scaffold7	1014345	1014398	54	*
Scaffold27196	3300	3361	62	*	Scaffold113	356669	356730	62	*
Scaffold271974	1	92	92	*	Scaffold154	762989	763080	92	*
Scaffold271974	94	143	50	*	Scaffold154	762938	762987	50	*
Scaffold271974	36	196	161	*	Scaffold73	10874	11034	161	*
Scaffold272	134903	134995	93	*	Scaffold154	762989	763081	93	*
Scaffold272	70738	70788	51	*	Scaffold2096	205500	205550	51	*
Scaffold272	187342	187394	53	*	Scaffold25	307384	307436	53	*
Scaffold272	83366	83416	51	*	Scaffold3835	28846	28896	51	*
Scaffold272	161255	161348	94	*	Scaffold857	184197	184290	94	*
Scaffold272	83366	83416	51	*	Scaffold857	288329	288379	51	*
Scaffold272	168739	168817	79	*	Scaffold857	155309	155387	79	*
Scaffold272	162333	162388	56	*	Scaffold857	183422	183477	56	*
Scaffold272	166164	166216	53	*	Scaffold857	158772	158824	53	*
Scaffold272	17898	17955	58	*	Scaffold857	353990	354047	58	*
Scaffold272	66442	66535	94	*	Scaffold857	311264	311357	94	*
Scaffold272	162517	162573	57	*	Scaffold857	183236	183292	57	*
Scaffold272	126867	126921	55	*	Scaffold857	228560	228614	55	*
Scaffold272	18374	18441	68	*	Scaffold857	353492	353559	68	*
Scaffold27202	68586	68637	52	*	Scaffold407	322490	322541	52	*
Scaffold272051	213	262	50	*	Scaffold79	375260	375309	50	*
Scaffold27221	3172	3234	63	*	Scaffold63	412825	412887	63	*
Scaffold27221	3173	3233	61	*	Scaffold688	11418	11478	61	*
Scaffold27228	4001	4053	53	*	Scaffold422	498967	499019	53	*
Scaffold2724	48072	48147	76	*	Scaffold564	309311	309386	76	*
Scaffold27240	2323	2374	52	*	Scaffold79	375671	375722	52	*
Scaffold272445	50	112	63	*	Scaffold1527	43243	43305	63	*
Scaffold27257	3396	3451	56	*	Scaffold1924	82047	82102	56	*
Scaffold27258	7400	7450	51	*	Scaffold3112	32399	32449	51	*
Scaffold2728	31697	31761	65	*	Scaffold2160	35751	35815	65	*
Scaffold2729	5454	5515	62	*	Scaffold280	475236	475297	62	*
Scaffold2729	4884	4934	51	*	Scaffold280	474620	474670	51	*
Scaffold272925	1	76	76	*	Scaffold47	291750	291825	76	*
Scaffold273	148777	148835	59	*	Scaffold1150	315334	315392	59	*
Scaffold273	148851	148933	83	*	Scaffold1425	34768	34850	83	*
Scaffold273	76376	76428	53	*	Scaffold21202	518	570	53	*
Scaffold273	148860	148909	50	*	Scaffold79	375260	375309	50	*
Scaffold273	98097	98177	81	*	Scaffold838	151682	151762	81	*
Scaffold273	85569	85621	53	*	Scaffold838	170334	170386	53	*
Scaffold273	145724	145783	60	*	Scaffold838	110390	110449	60	*
Scaffold273	98179	98241	63	*	Scaffold838	151618	151680	63	*
Scaffold273	124857	124908	52	*	Scaffold838	133094	133145	52	*
Scaffold273	9137	9203	67	*	Scaffold838	238405	238471	67	*
Scaffold273	77080	77137	58	*	Scaffold838	177263	177320	58	*
Scaffold273	121845	121895	51	*	Scaffold838	135331	135381	51	*
Scaffold273	88767	88843	77	*	Scaffold838	166647	166723	77	*
Scaffold273	76376	76428	53	*	Scaffold838	178641	178693	53	*
Scaffold2730	37471	37527	57	*	Scaffold1814	8968	9024	57	*
Scaffold2730	24562	24621	60	*	Scaffold636	557953	558012	60	*
Scaffold27303	1867	1921	55	*	Scaffold107	589179	589233	55	*
Scaffold2731	32650	32701	52	*	Scaffold18	332438	332489	52	*
Scaffold2731	6965	7017	53	*	Scaffold3	272335	272387	53	*
Scaffold2731	30139	30191	53	*	Scaffold417	466349	466401	53	*
Scaffold27323	732	784	53	*	Scaffold62	1255921	1255973	53	*
Scaffold2733	33778	33827	50	*	Scaffold1123	81223	81272	50	*
Scaffold27334	22295	22349	55	*	Scaffold5224	6737	6791	55	*
Scaffold2734	30096	30154	59	*	Scaffold396	363527	363585	59	*
Scaffold273462	206	269	64	*	Scaffold2280	3493	3556	64	*
Scaffold2735	13388	13442	55	*	Scaffold661	78109	78163	55	*
Scaffold27351	10251	10312	62	*	Scaffold198	603455	603516	62	*
Scaffold2737	42211	42266	56	*	Scaffold1301	114205	114260	56	*
Scaffold2737	49290	49344	55	*	Scaffold1301	106844	106898	55	*
Scaffold27379	3628	3704	77	*	Scaffold1763	124228	124304	77	*
Scaffold27379	4190	4244	55	*	Scaffold675	137215	137269	55	*
Scaffold27385	7558	7608	51	*	Scaffold25	273566	273616	51	*
Scaffold273871	3	65	63	*	Scaffold32	382032	382094	63	*
Scaffold2739	46354	46413	60	*	Scaffold266	303788	303847	60	*
Scaffold274	78302	78357	56	*	Scaffold3	1870335	1870390	56	*
Scaffold274	68474	68548	75	*	Scaffold3	1877850	1877924	75	*
Scaffold274	69830	69888	59	*	Scaffold3	1876477	1876535	59	*
Scaffold2742	38627	38694	68	*	Scaffold13342	115	182	68	*
Scaffold2742	38627	38694	68	*	Scaffold426	293140	293207	68	*
Scaffold2742	37614	37665	52	*	Scaffold426	294158	294209	52	*
Scaffold2742	47477	47535	59	*	Scaffold426	284364	284422	59	*
Scaffold2743	82804	82866	63	*	Scaffold2307	111938	112000	63	*
Scaffold2743	85647	85697	51	*	Scaffold2307	113076	113126	51	*
Scaffold2743	81239	81301	63	*	Scaffold2307	111938	112000	63	*
Scaffold274325	209	267	59	*	Scaffold18	332605	332663	59	*
Scaffold274393	450	500	51	*	Scaffold109	498094	498144	51	*
Scaffold27447	13149	13223	75	*	Scaffold1276	210867	210941	75	*
Scaffold274572	119	168	50	*	Scaffold17487	274	323	50	*
Scaffold274652	15	77	63	*	Scaffold743	127726	127788	63	*
Scaffold274697	806	859	54	*	Scaffold325	341521	341574	54	*
Scaffold2748	43441	43494	54	*	Scaffold288	503381	503434	54	*
Scaffold27489	6326	6378	53	*	Scaffold632	189559	189611	53	*
Scaffold2749	2065	2116	52	*	Scaffold470	293445	293496	52	*
Scaffold2749	2011	2063	53	*	Scaffold470	293391	293443	53	*
Scaffold274950	96	146	51	*	Scaffold199	343775	343825	51	*
Scaffold2750	28693	28753	61	*	Scaffold4307	6221	6281	61	*
Scaffold27500	1598	1647	50	*	Scaffold3	186212	186261	50	*
Scaffold27500	1599	1648	50	*	Scaffold470	293394	293443	50	*
Scaffold27500	1752	1810	59	*	Scaffold470	293547	293605	59	*
Scaffold27500	1874	1926	53	*	Scaffold688	11391	11443	53	*
Scaffold2751	1488	1573	86	*	Scaffold320	89957	90042	86	*
Scaffold27517	503	553	51	*	Scaffold30	294318	294368	51	*
Scaffold27519	322	384	63	*	Scaffold1527	43309	43371	63	*
Scaffold275249	168	218	51	*	Scaffold666	201270	201320	51	*
Scaffold2753	54549	54598	50	*	Scaffold1912	98531	98580	50	*
Scaffold2753	54528	54579	52	*	Scaffold2023	19119	19170	52	*
Scaffold2753	54549	54600	52	*	Scaffold820	97163	97214	52	*
Scaffold275459	59	128	70	*	Scaffold1527	43560	43629	70	*
Scaffold275459	274	338	65	*	Scaffold1527	43370	43434	65	*
Scaffold275533	1	68	68	*	Scaffold344	46369	46436	68	*
Scaffold2756	38211	38263	53	*	Scaffold374	455502	455554	53	*
Scaffold2757	93670	93727	58	*	Scaffold1379	206155	206212	58	*
Scaffold2757	40488	40541	54	*	Scaffold1379	157456	157509	54	*
Scaffold2757	93670	93727	58	*	Scaffold1379	202412	202469	58	*
Scaffold2757	81760	81809	50	*	Scaffold1379	188148	188197	50	*
Scaffold2757	40575	40626	52	*	Scaffold1379	157543	157594	52	*
Scaffold2757	13013	13093	81	*	Scaffold1379	142858	142938	81	*
Scaffold275832	56	130	75	*	Scaffold1842	57830	57904	75	*
Scaffold276	82375	82435	61	*	Scaffold325	341550	341610	61	*
Scaffold276	82377	82433	57	*	Scaffold623	86948	87004	57	*
Scaffold2761	22622	22675	54	*	Scaffold5528	2197	2250	54	*
Scaffold2761	45230	45279	50	*	Scaffold566	415225	415274	50	*
Scaffold2761	59753	59806	54	*	Scaffold66	1019301	1019354	54	*
Scaffold276125	1	125	125	*	Scaffold5191	8364	8488	125	*
Scaffold27616	7429	7490	62	*	Scaffold894	85689	85750	62	*
Scaffold2762	753	807	55	*	Scaffold91	167659	167713	55	*
Scaffold2763	11685	11741	57	*	Scaffold2263	113642	113698	57	*
Scaffold2763	11685	11741	57	*	Scaffold5796	5925	5981	57	*
Scaffold276335	212	266	55	*	Scaffold824	201325	201379	55	*
Scaffold276364	73	148	76	*	Scaffold2782	137874	137949	76	*
Scaffold276364	150	235	86	*	Scaffold2782	137787	137872	86	*
Scaffold2764	60201	60254	54	*	Scaffold469	281202	281255	54	*
Scaffold2765	95758	95810	53	*	Scaffold113	466799	466851	53	*
Scaffold2765	126426	126488	63	*	Scaffold1480	47330	47392	63	*
Scaffold2765	126436	126490	55	*	Scaffold1757	36902	36956	55	*
Scaffold2765	95803	95865	63	*	Scaffold198	527662	527724	63	*
Scaffold2765	95722	95779	58	*	Scaffold198	527746	527803	58	*
Scaffold2765	95758	95811	54	*	Scaffold220	97040	97093	54	*
Scaffold2765	95760	95865	106	*	Scaffold29080	318	423	106	*
Scaffold2765	126443	126505	63	*	Scaffold386	84960	85022	63	*
Scaffold2765	60814	60904	91	*	Scaffold425	506216	506306	91	*
Scaffold2765	80290	80343	54	*	Scaffold54	169739	169792	54	*
Scaffold2765	60814	60929	116	*	Scaffold636	557899	558014	116	*
Scaffold2765	61604	61669	66	*	Scaffold79	468735	468800	66	*
Scaffold2765	95803	95897	95	*	Scaffold926	387204	387298	95	*
Scaffold2765	95737	95786	50	*	Scaffold926	387138	387187	50	*
Scaffold2766	10259	10382	124	*	Scaffold240	220020	220143	124	*
Scaffold276678	700	754	55	*	Scaffold1226	60773	60827	55	*
Scaffold276678	680	738	59	*	Scaffold1397	166785	166843	59	*
Scaffold276678	680	729	50	*	Scaffold1577	31178	31227	50	*
Scaffold276678	680	738	59	*	Scaffold1654	32093	32151	59	*
Scaffold276678	680	738	59	*	Scaffold1779	79873	79931	59	*
Scaffold276678	699	760	62	*	Scaffold2064	162870	162931	62	*
Scaffold276678	700	765	66	*	Scaffold2709	52705	52770	66	*
Scaffold276678	683	741	59	*	Scaffold2779	8712	8770	59	*
Scaffold276678	703	756	54	*	Scaffold364	693162	693215	54	*
Scaffold276678	700	766	67	*	Scaffold407	528499	528565	67	*
Scaffold276678	691	748	58	*	Scaffold4157	17324	17381	58	*
Scaffold276678	696	760	65	*	Scaffold420	237902	237966	65	*
Scaffold276678	680	745	66	*	Scaffold595	239128	239193	66	*
Scaffold276678	700	761	62	*	Scaffold621	207001	207062	62	*
Scaffold276678	701	764	64	*	Scaffold64	304516	304579	64	*
Scaffold2767	53537	53590	54	*	Scaffold651	550658	550711	54	*
Scaffold276857	37	90	54	*	Scaffold455	528227	528280	54	*
Scaffold277	190670	190728	59	*	Scaffold1108	71132	71190	59	*
Scaffold277	166744	166813	70	*	Scaffold485	106668	106737	70	*
Scaffold2771	39776	39834	59	*	Scaffold3405	13915	13973	59	*
Scaffold277137	57	151	95	*	Scaffold240	219990	220084	95	*
Scaffold277195	52	101	50	*	Scaffold18	332725	332774	50	*
Scaffold2772	18105	18158	54	*	Scaffold248	201157	201210	54	*
Scaffold277213	98	158	61	*	Scaffold187	40234	40294	61	*
Scaffold277221	16	65	50	*	Scaffold79	375417	375466	50	*
Scaffold27724	12604	12653	50	*	Scaffold504	424751	424800	50	*
Scaffold27724	20784	20842	59	*	Scaffold504	428438	428496	59	*
Scaffold2774	15272	15336	65	*	Scaffold2069	7128	7192	65	*
Scaffold2774	55361	55414	54	*	Scaffold2069	42831	42884	54	*
Scaffold277546	1	57	57	*	Scaffold595	54281	54337	57	*
Scaffold2776	91496	91593	98	*	Scaffold57	1420426	1420523	98	*
Scaffold2776	100321	100386	66	*	Scaffold57	1430523	1430588	66	*
Scaffold2776	61198	61248	51	*	Scaffold57	1301650	1301700	51	*
Scaffold2776	100202	100319	118	*	Scaffold57	1430404	1430521	118	*
Scaffold2776	97297	97374	78	*	Scaffold57	1427785	1427862	78	*
Scaffold2776	48742	48799	58	*	Scaffold57	1293121	1293178	58	*
Scaffold2776	97410	97464	55	*	Scaffold57	1427898	1427952	55	*
Scaffold2776	62509	62559	51	*	Scaffold57	1302911	1302961	51	*
Scaffold2776	48908	48973	66	*	Scaffold57	1293285	1293350	66	*
Scaffold2776	44933	44984	52	*	Scaffold57	1291720	1291771	52	*
Scaffold27781	12122	12183	62	*	Scaffold169	357668	357729	62	*
Scaffold27781	19713	19779	67	*	Scaffold169	351501	351567	67	*
Scaffold27781	8237	8293	57	*	Scaffold169	361194	361250	57	*
Scaffold27785	29040	29090	51	*	Scaffold797	427015	427065	51	*
Scaffold27787	4852	4946	95	*	Scaffold310	230584	230678	95	*
Scaffold2779	48140	48205	66	*	Scaffold830	131546	131611	66	*
Scaffold2780	61309	61358	50	*	Scaffold45	971556	971605	50	*
Scaffold2782	36598	36647	50	*	Scaffold1191	188658	188707	50	*
Scaffold278609	170	248	79	*	Scaffold67	1105192	1105270	79	*
Scaffold278680	35	87	53	*	Scaffold1708	13395	13447	53	*
Scaffold278691	155	211	57	*	Scaffold661	78089	78145	57	*
Scaffold27876	10233	10287	55	*	Scaffold79	375062	375116	55	*
Scaffold2788	67640	67718	79	*	Scaffold1125	298701	298779	79	*
Scaffold2788	67640	67718	79	*	Scaffold1125	290029	290107	79	*
Scaffold2788	40970	41021	52	*	Scaffold1569	12397	12448	52	*
Scaffold2788	41138	41196	59	*	Scaffold1569	12535	12593	59	*
Scaffold2788	35011	35068	58	*	Scaffold2166	58229	58286	58	*
Scaffold27888	8730	8807	78	*	Scaffold1339	94777	94854	78	*
Scaffold27907	1846	1897	52	*	Scaffold114	368476	368527	52	*
Scaffold2792	3317	3372	56	*	Scaffold114	1101956	1102011	56	*
Scaffold2792	11875	11924	50	*	Scaffold30731	412	461	50	*
Scaffold279372	801	858	58	*	Scaffold372	575128	575185	58	*
Scaffold27948	489	565	77	*	Scaffold484	99931	100007	77	*
Scaffold279503	69	120	52	*	Scaffold1104	226362	226413	52	*
Scaffold279503	36	92	57	*	Scaffold1175	75044	75100	57	*
Scaffold279503	48	121	74	*	Scaffold12	1073603	1073676	74	*
Scaffold279503	74	123	50	*	Scaffold1585	97958	98007	50	*
Scaffold279503	60	118	59	*	Scaffold16	1003282	1003340	59	*
Scaffold279503	72	124	53	*	Scaffold1614	71028	71080	53	*
Scaffold279503	67	120	54	*	Scaffold187	524526	524579	54	*
Scaffold279503	73	122	50	*	Scaffold1976	5431	5480	50	*
Scaffold279503	55	115	61	*	Scaffold256	735451	735511	61	*
Scaffold279503	74	123	50	*	Scaffold2671	14592	14641	50	*
Scaffold279503	90	144	55	*	Scaffold279	115220	115274	55	*
Scaffold279503	50	118	69	*	Scaffold29	674002	674070	69	*
Scaffold279503	54	107	54	*	Scaffold341	728473	728526	54	*
Scaffold279503	57	112	56	*	Scaffold396	330655	330710	56	*
Scaffold279503	44	94	51	*	Scaffold4309	672	722	51	*
Scaffold279503	39	91	53	*	Scaffold485	570180	570232	53	*
Scaffold279503	59	114	56	*	Scaffold528	187211	187266	56	*
Scaffold279503	70	120	51	*	Scaffold547	163270	163320	51	*
Scaffold279503	66	120	55	*	Scaffold624	768163	768217	55	*
Scaffold279503	67	121	55	*	Scaffold638	158434	158488	55	*
Scaffold279503	1	121	121	*	Scaffold692	205169	205289	121	*
Scaffold279503	43	93	51	*	Scaffold7	1733176	1733226	51	*
Scaffold279503	46	119	74	*	Scaffold7	1889244	1889317	74	*
Scaffold279503	55	104	50	*	Scaffold95	651121	651170	50	*
Scaffold27963	4	59	56	*	Scaffold453	543800	543855	56	*
Scaffold2797	311	374	64	*	Scaffold636	557911	557974	64	*
Scaffold279722	84	159	76	*	Scaffold20	1358334	1358409	76	*
Scaffold279722	83	133	51	*	Scaffold230	487682	487732	51	*
Scaffold279722	105	160	56	*	Scaffold2788	74806	74861	56	*
Scaffold279722	111	160	50	*	Scaffold30	1131607	1131656	50	*
Scaffold27976	2684	2750	67	*	Scaffold16	221660	221726	67	*
Scaffold279787	48	155	108	*	Scaffold2782	73281	73388	108	*
Scaffold279888	219	269	51	*	Scaffold367	126530	126580	51	*
Scaffold2799	130917	130973	57	*	Scaffold113	356739	356795	57	*
Scaffold2799	131069	131147	79	*	Scaffold113	356560	356638	79	*
Scaffold2799	116293	116343	51	*	Scaffold1137	186879	186929	51	*
Scaffold2799	140867	140931	65	*	Scaffold117	863943	864007	65	*
Scaffold2799	140672	140741	70	*	Scaffold117	864133	864202	70	*
Scaffold2799	49608	49660	53	*	Scaffold117	956791	956843	53	*
Scaffold2799	96014	96073	60	*	Scaffold117	905318	905377	60	*
Scaffold2799	75885	75939	55	*	Scaffold117	918961	919015	55	*
Scaffold2799	56765	56814	50	*	Scaffold117	953254	953303	50	*
Scaffold2799	49166	49229	64	*	Scaffold117	957297	957360	64	*
Scaffold2799	116243	116305	63	*	Scaffold364	286687	286749	63	*
Scaffold2799	116277	116341	65	*	Scaffold381	101504	101568	65	*
Scaffold2799	116232	116420	189	*	Scaffold5191	8270	8458	189	*
Scaffold2799	116362	116411	50	*	Scaffold597	596767	596816	50	*
Scaffold2799	116292	116341	50	*	Scaffold597	596837	596886	50	*
Scaffold279991	38	106	69	*	Scaffold29196	335	403	69	*
Scaffold28	270263	270318	56	*	Scaffold1671	61798	61853	56	*
Scaffold28	295781	295843	63	*	Scaffold1671	75483	75545	63	*
Scaffold28	270138	270188	51	*	Scaffold1671	61674	61724	51	*
Scaffold28	288323	288398	76	*	Scaffold1671	70752	70827	76	*
Scaffold28	351781	351846	66	*	Scaffold1671	131716	131781	66	*
Scaffold28	251078	251134	57	*	Scaffold1671	45735	45791	57	*
Scaffold28	313290	313348	59	*	Scaffold1671	89613	89671	59	*
Scaffold28	321794	321857	64	*	Scaffold1671	97772	97835	64	*
Scaffold28	325154	325209	56	*	Scaffold1671	100864	100919	56	*
Scaffold28	277420	277478	59	*	Scaffold1671	63601	63659	59	*
Scaffold28	331377	331426	50	*	Scaffold1671	107650	107699	50	*
Scaffold28	307123	307173	51	*	Scaffold1671	83260	83310	51	*
Scaffold28	298047	298109	63	*	Scaffold1671	76853	76915	63	*
Scaffold28	285787	285839	53	*	Scaffold1671	68209	68261	53	*
Scaffold28	291555	291607	53	*	Scaffold1671	72674	72726	53	*
Scaffold28	340717	340770	54	*	Scaffold1671	118801	118854	54	*
Scaffold28	267773	267830	58	*	Scaffold1671	60525	60582	58	*
Scaffold28	330151	330223	73	*	Scaffold1671	106025	106097	73	*
Scaffold28	299403	299464	62	*	Scaffold1671	77869	77930	62	*
Scaffold28	292593	292651	59	*	Scaffold1671	73764	73822	59	*
Scaffold28	279190	279250	61	*	Scaffold1671	65018	65078	61	*
Scaffold28	319210	319287	78	*	Scaffold1671	95153	95230	78	*
Scaffold28	300158	300218	61	*	Scaffold1671	78634	78694	61	*
Scaffold28	316668	316728	61	*	Scaffold1671	92948	93008	61	*
Scaffold28	306632	306687	56	*	Scaffold1671	82784	82839	56	*
Scaffold28	285275	285340	66	*	Scaffold1671	67664	67729	66	*
Scaffold28	299467	299592	126	*	Scaffold1671	77933	78058	126	*
Scaffold28	308507	308581	75	*	Scaffold1671	83936	84010	75	*
Scaffold28	316773	316828	56	*	Scaffold1671	93053	93108	56	*
Scaffold28	269953	270052	100	*	Scaffold1671	61489	61588	100	*
Scaffold28	258806	258860	55	*	Scaffold1671	52911	52965	55	*
Scaffold28	234086	234154	69	*	Scaffold1671	28419	28487	69	*
Scaffold28	255401	255460	60	*	Scaffold1671	49912	49971	60	*
Scaffold28	319011	319088	78	*	Scaffold1671	94955	95032	78	*
Scaffold28	255759	255829	71	*	Scaffold1671	50293	50363	71	*
Scaffold28	292655	292704	50	*	Scaffold1671	73826	73875	50	*
Scaffold28	161779	161845	67	*	Scaffold2418	53866	53932	67	*
Scaffold28	25390	25441	52	*	Scaffold993	263784	263835	52	*
Scaffold280035	243	295	53	*	Scaffold496	168597	168649	53	*
Scaffold280143	28	86	59	*	Scaffold241	443206	443264	59	*
Scaffold280850	144	200	57	*	Scaffold491	120459	120515	57	*
Scaffold280988	39	130	92	*	Scaffold135	656677	656768	92	*
Scaffold281179	22	79	58	*	Scaffold198	603561	603618	58	*
Scaffold28121	7750	7808	59	*	Scaffold50	280572	280630	59	*
Scaffold28135	5388	5456	69	*	Scaffold688	11391	11459	69	*
Scaffold281548	1	72	72	*	Scaffold248	201143	201214	72	*
Scaffold2818	18193	18323	131	*	Scaffold5191	8378	8508	131	*
Scaffold2819	74612	74670	59	*	Scaffold552	512949	513007	59	*
Scaffold282	40271	40366	96	*	Scaffold1527	43307	43402	96	*
Scaffold282	66678	66779	102	*	Scaffold688	11391	11492	102	*
Scaffold2820	55773	55829	57	*	Scaffold127	377089	377145	57	*
Scaffold2820	31768	31826	59	*	Scaffold749	140838	140896	59	*
Scaffold2820	31759	31823	65	*	Scaffold77	1031153	1031217	65	*
Scaffold282153	2173	2224	52	*	Scaffold470	293391	293442	52	*
Scaffold282153	2502	2650	149	*	Scaffold470	293456	293604	149	*
Scaffold282153	2702	2753	52	*	Scaffold470	293548	293599	52	*
Scaffold282153	2437	2489	53	*	Scaffold470	293391	293443	53	*
Scaffold28229	4714	4781	68	*	Scaffold272	445154	445221	68	*
Scaffold28229	4191	4267	77	*	Scaffold272	444802	444878	77	*
Scaffold28229	2450	2501	52	*	Scaffold272	442980	443031	52	*
Scaffold28229	3572	3624	53	*	Scaffold272	444105	444157	53	*
Scaffold28229	2025	2117	93	*	Scaffold272	442511	442603	93	*
Scaffold28229	3438	3499	62	*	Scaffold272	443970	444031	62	*
Scaffold28229	2716	2788	73	*	Scaffold272	443246	443318	73	*
Scaffold28229	4069	4132	64	*	Scaffold272	444678	444741	64	*
Scaffold28229	1001	1063	63	*	Scaffold272	441413	441475	63	*
Scaffold28229	4565	4650	86	*	Scaffold272	445005	445090	86	*
Scaffold28229	4268	4348	81	*	Scaffold272	444899	444979	81	*
Scaffold28229	3157	3237	81	*	Scaffold272	443684	443764	81	*
Scaffold28229	2133	2203	71	*	Scaffold272	442663	442733	71	*
Scaffold28229	1668	1732	65	*	Scaffold272	442155	442219	65	*
Scaffold282457	1608	1690	83	*	Scaffold1527	43418	43500	83	*
Scaffold282457	1766	1823	58	*	Scaffold1527	43571	43628	58	*
Scaffold282623	428	496	69	*	Scaffold1758	180599	180667	69	*
Scaffold2827	9006	9107	102	*	Scaffold143	917789	917890	102	*
Scaffold2827	9401	9462	62	*	Scaffold143	918185	918246	62	*
Scaffold2827	8770	8831	62	*	Scaffold143	917553	917614	62	*
Scaffold2827	11058	11134	77	*	Scaffold143	920261	920337	77	*
Scaffold2827	9173	9228	56	*	Scaffold143	917957	918012	56	*
Scaffold2827	8881	8964	84	*	Scaffold143	917664	917747	84	*
Scaffold2827	5996	6049	54	*	Scaffold143	914954	915007	54	*
Scaffold2827	10984	11056	73	*	Scaffold143	920187	920259	73	*
Scaffold2828	33827	33916	90	*	Scaffold749	140872	140961	90	*
Scaffold282942	62	122	61	*	Scaffold572	228236	228296	61	*
Scaffold283	136256	136348	93	*	Scaffold241	576044	576136	93	*
Scaffold283	114466	114530	65	*	Scaffold241	557734	557798	65	*
Scaffold283025	142	197	56	*	Scaffold5191	8245	8300	56	*
Scaffold283114	88	139	52	*	Scaffold347	332236	332287	52	*
Scaffold283317	1	61	61	*	Scaffold2	1554934	1554994	61	*
Scaffold283437	20	73	54	*	Scaffold86	126847	126900	54	*
Scaffold283472	9	68	60	*	Scaffold2024	115338	115397	60	*
Scaffold2835	33570	33620	51	*	Scaffold216	127139	127189	51	*
Scaffold2837	36384	36456	73	*	Scaffold27542	131	203	73	*
Scaffold283748	233	284	52	*	Scaffold1170	16689	16740	52	*
Scaffold28377	2574	2642	69	*	Scaffold24	657945	658013	69	*
Scaffold2839	44861	44915	55	*	Scaffold2497	37580	37634	55	*
Scaffold2839	37010	37064	55	*	Scaffold2497	30507	30561	55	*
Scaffold2839	37088	37152	65	*	Scaffold2497	30585	30649	65	*
Scaffold2839	47575	47629	55	*	Scaffold2497	40766	40820	55	*
Scaffold284090	217	273	57	*	Scaffold688	123177	123233	57	*
Scaffold28410	12290	12356	67	*	Scaffold1977	35702	35768	67	*
Scaffold284209	1	61	61	*	Scaffold571	255211	255271	61	*
Scaffold2846	40747	40802	56	*	Scaffold103	256358	256413	56	*
Scaffold2846	40678	40742	65	*	Scaffold103	256289	256353	65	*
Scaffold2846	40765	40825	61	*	Scaffold114	39704	39764	61	*
Scaffold2846	40399	40493	95	*	Scaffold114	39483	39577	95	*
Scaffold2846	19491	19540	50	*	Scaffold219	727185	727234	50	*
Scaffold2846	59393	59487	95	*	Scaffold219	751100	751194	95	*
Scaffold2846	40680	40738	59	*	Scaffold2561	64933	64991	59	*
Scaffold2846	40379	40428	50	*	Scaffold2561	64635	64684	50	*
Scaffold2846	40455	40512	58	*	Scaffold26670	294	351	58	*
Scaffold2846	40770	40822	53	*	Scaffold79	375671	375723	53	*
Scaffold2846	40463	40512	50	*	Scaffold79	375260	375309	50	*
Scaffold2846	40517	40571	55	*	Scaffold960	301746	301800	55	*
Scaffold2846	40342	40407	66	*	Scaffold960	301910	301975	66	*
Scaffold284605	1479	1548	70	*	Scaffold1668	96348	96417	70	*
Scaffold284828	26	77	52	*	Scaffold421	293339	293390	52	*
Scaffold28489	12548	12601	54	*	Scaffold197	805660	805713	54	*
Scaffold285045	148	218	71	*	Scaffold2506	40292	40362	71	*
Scaffold28525	2859	2917	59	*	Scaffold1060	407920	407978	59	*
Scaffold28525	2862	2916	55	*	Scaffold1136	135639	135693	55	*
Scaffold28525	2863	2918	56	*	Scaffold1446	328518	328573	56	*
Scaffold28525	2863	2921	59	*	Scaffold1498	63434	63492	59	*
Scaffold28525	2865	2920	56	*	Scaffold1749	147473	147528	56	*
Scaffold28525	2863	2929	67	*	Scaffold219	30575	30641	67	*
Scaffold28525	2863	2918	56	*	Scaffold27487	605	660	56	*
Scaffold28525	2866	2934	69	*	Scaffold302	275482	275550	69	*
Scaffold28525	2863	2915	53	*	Scaffold316	124763	124815	53	*
Scaffold28525	2864	2924	61	*	Scaffold538	85018	85078	61	*
Scaffold28525	2863	2928	66	*	Scaffold711	243553	243618	66	*
Scaffold28525	2865	2928	64	*	Scaffold771	69656	69719	64	*
Scaffold28525	2861	2916	56	*	Scaffold924	89147	89202	56	*
Scaffold28525	2861	2916	56	*	Scaffold924	88315	88370	56	*
Scaffold28544	18495	18551	57	*	Scaffold2598	5587	5643	57	*
Scaffold28559	2066	2122	57	*	Scaffold338	790700	790756	57	*
Scaffold2858	57402	57471	70	*	Scaffold1763	123833	123902	70	*
Scaffold28586	2545	2612	68	*	Scaffold470	293537	293604	68	*
Scaffold28586	2614	2693	80	*	Scaffold470	293456	293535	80	*
Scaffold285901	413	470	58	*	Scaffold737	156329	156386	58	*
Scaffold286	130214	130267	54	*	Scaffold1878	454	507	54	*
Scaffold286	128546	128610	65	*	Scaffold1878	446	510	65	*
Scaffold286	77617	77671	55	*	Scaffold310	300843	300897	55	*
Scaffold286	76652	76701	50	*	Scaffold61	722272	722321	50	*
Scaffold286	74905	74967	63	*	Scaffold971	192019	192081	63	*
Scaffold28609	13417	13484	68	*	Scaffold2064	143829	143896	68	*
Scaffold2862	76561	76612	52	*	Scaffold212	593774	593825	52	*
Scaffold2862	57435	57503	69	*	Scaffold212	617182	617250	69	*
Scaffold2862	91977	92032	56	*	Scaffold212	582730	582785	56	*
Scaffold286373	2685	2741	57	*	Scaffold14	178924	178980	57	*
Scaffold286479	19	99	81	*	Scaffold1527	43312	43392	81	*
Scaffold28689	2479	2543	65	*	Scaffold1288	134439	134503	65	*
Scaffold286892	24	78	55	*	Scaffold316	367060	367114	55	*
Scaffold2869	51095	51144	50	*	Scaffold27542	178	227	50	*
Scaffold286995	39	166	128	*	Scaffold413	8518	8645	128	*
Scaffold28725	11433	11486	54	*	Scaffold1253	188473	188526	54	*
Scaffold2873	17243	17292	50	*	Scaffold635	133897	133946	50	*
Scaffold2873	74521	74571	51	*	Scaffold635	197289	197339	51	*
Scaffold2873	42935	42986	52	*	Scaffold635	157229	157280	52	*
Scaffold2874	23	75	53	*	Scaffold1223	64203	64255	53	*
Scaffold28742	3698	3764	67	*	Scaffold983	430050	430116	67	*
Scaffold287458	240	294	55	*	Scaffold370	206705	206759	55	*
Scaffold2879	14889	14941	53	*	Scaffold2418	53794	53846	53	*
Scaffold28799	6838	6900	63	*	Scaffold1813	134924	134986	63	*
Scaffold28799	6851	6905	55	*	Scaffold388	357118	357172	55	*
Scaffold28799	6844	6902	59	*	Scaffold400	70960	71018	59	*
Scaffold28799	6840	6906	67	*	Scaffold429	187640	187706	67	*
Scaffold28799	6839	6902	64	*	Scaffold451	465175	465238	64	*
Scaffold28799	6848	6903	56	*	Scaffold465	70817	70872	56	*
Scaffold28799	6838	6900	63	*	Scaffold47	269021	269083	63	*
Scaffold28799	6069	6122	54	*	Scaffold568	179950	180003	54	*
Scaffold28799	6838	6891	54	*	Scaffold67	295125	295178	54	*
Scaffold28799	6844	6906	63	*	Scaffold68	60196	60258	63	*
Scaffold28799	6848	6905	58	*	Scaffold829	203812	203869	58	*
Scaffold2880	26625	26675	51	*	Scaffold1011	55114	55164	51	*
Scaffold2880	34458	34511	54	*	Scaffold1011	44766	44819	54	*
Scaffold2880	34458	34511	54	*	Scaffold797	7409	7462	54	*
Scaffold28805	5564	5616	53	*	Scaffold291	233416	233468	53	*
Scaffold288076	231	342	112	*	Scaffold661	78089	78200	112	*
Scaffold288076	148	229	82	*	Scaffold661	78202	78283	82	*
Scaffold28811	22546	22595	50	*	Scaffold721	43498	43547	50	*
Scaffold28811	21218	21267	50	*	Scaffold721	42085	42134	50	*
Scaffold2882	48549	48598	50	*	Scaffold307	477908	477957	50	*
Scaffold288203	1	97	97	*	Scaffold2782	101946	102042	97	*
Scaffold2883	2201	2257	57	*	Scaffold9	905447	905503	57	*
Scaffold2887	68218	68298	81	*	Scaffold1	17988	18068	81	*
Scaffold2887	68233	68291	59	*	Scaffold1072	4	62	59	*
Scaffold2887	68245	68301	57	*	Scaffold131	424884	424940	57	*
Scaffold2887	68244	68293	50	*	Scaffold1317	12620	12669	50	*
Scaffold2887	68238	68302	65	*	Scaffold132	955842	955906	65	*
Scaffold2887	68218	68300	83	*	Scaffold1389	1932	2014	83	*
Scaffold2887	68220	68303	84	*	Scaffold143	1015672	1015755	84	*
Scaffold2887	68244	68302	59	*	Scaffold15	75510	75568	59	*
Scaffold2887	68231	68291	61	*	Scaffold2695	13680	13740	61	*
Scaffold2887	68231	68305	75	*	Scaffold372	70115	70189	75	*
Scaffold2887	68236	68301	66	*	Scaffold40	649464	649529	66	*
Scaffold2887	68213	68301	89	*	Scaffold4482	65	153	89	*
Scaffold2887	68219	68299	81	*	Scaffold561	352834	352914	81	*
Scaffold2887	68251	68305	55	*	Scaffold573	756358	756412	55	*
Scaffold2887	68221	68300	80	*	Scaffold749	343402	343481	80	*
Scaffold2887	68241	68296	56	*	Scaffold8123	810	865	56	*
Scaffold2887	68241	68294	54	*	Scaffold82	708350	708403	54	*
Scaffold288767	1	62	62	*	Scaffold186	295247	295308	62	*
Scaffold288767	13	66	54	*	Scaffold2747	56242	56295	54	*
Scaffold288771	43	104	62	*	Scaffold113	356547	356608	62	*
Scaffold2888	37725	37781	57	*	Scaffold4189	8193	8249	57	*
Scaffold2888	80223	80279	57	*	Scaffold4608	8570	8626	57	*
Scaffold2888	80233	80285	53	*	Scaffold69	866599	866651	53	*
Scaffold288829	413	486	74	*	Scaffold2023	89463	89536	74	*
Scaffold288829	413	486	74	*	Scaffold2023	90154	90227	74	*
Scaffold28892	4924	4975	52	*	Scaffold1030	386764	386815	52	*
Scaffold28892	20124	20197	74	*	Scaffold4	1785731	1785804	74	*
Scaffold28892	20124	20177	54	*	Scaffold4661	819	872	54	*
Scaffold2890	10888	10944	57	*	Scaffold406	381137	381193	57	*
Scaffold28905	2044	2102	59	*	Scaffold1527	43316	43374	59	*
Scaffold28916	9255	9309	55	*	Scaffold5191	8560	8614	55	*
Scaffold28916	7389	7454	66	*	Scaffold5191	8304	8369	66	*
Scaffold2892	19759	19830	72	*	Scaffold205	626927	626998	72	*
Scaffold2892	19759	19812	54	*	Scaffold504	588511	588564	54	*
Scaffold289257	69	145	77	*	Scaffold113	356438	356514	77	*
Scaffold28926	3123	3179	57	*	Scaffold1259	130737	130793	57	*
Scaffold2893	14380	14437	58	*	Scaffold2994	26042	26099	58	*
Scaffold289446	212	266	55	*	Scaffold107	589253	589307	55	*
Scaffold289815	65	120	56	*	Scaffold1527	43496	43551	56	*
Scaffold29	218377	218430	54	*	Scaffold2670	16881	16934	54	*
Scaffold29	233311	233367	57	*	Scaffold3316	11183	11239	57	*
Scaffold29	235066	235124	59	*	Scaffold3316	10843	10901	59	*
Scaffold29	211263	211421	159	*	Scaffold5191	8252	8410	159	*
Scaffold29	47539	47601	63	*	Scaffold68	406733	406795	63	*
Scaffold29	183428	183490	63	*	Scaffold68	276087	276149	63	*
Scaffold29	209374	209426	53	*	Scaffold68	246850	246902	53	*
Scaffold29	44962	45014	53	*	Scaffold68	409504	409556	53	*
Scaffold29	52137	52207	71	*	Scaffold68	401984	402054	71	*
Scaffold29	42541	42595	55	*	Scaffold68	411621	411675	55	*
Scaffold29	38253	38314	62	*	Scaffold68	416621	416682	62	*
Scaffold29	102775	102830	56	*	Scaffold68	352506	352561	56	*
Scaffold29	45788	45873	86	*	Scaffold68	408272	408357	86	*
Scaffold29	92993	93043	51	*	Scaffold68	362676	362726	51	*
Scaffold29	88103	88164	62	*	Scaffold68	365641	365702	62	*
Scaffold29	88103	88164	62	*	Scaffold68	366069	366130	62	*
Scaffold29	68080	68131	52	*	Scaffold68	387200	387251	52	*
Scaffold29	126901	126956	56	*	Scaffold68	329860	329915	56	*
Scaffold29	41238	41290	53	*	Scaffold68	413490	413542	53	*
Scaffold29	61406	61487	82	*	Scaffold68	394352	394433	82	*
Scaffold290	130438	130496	59	*	Scaffold327	630663	630721	59	*
Scaffold290	122998	123071	74	*	Scaffold327	638435	638508	74	*
Scaffold290	126132	126188	57	*	Scaffold327	635303	635359	57	*
Scaffold290	123981	124033	53	*	Scaffold327	637599	637651	53	*
Scaffold290	111998	112048	51	*	Scaffold327	649138	649188	51	*
Scaffold29006	1328	1398	71	*	Scaffold1062	197765	197835	71	*
Scaffold29006	1461	1536	76	*	Scaffold1062	197895	197970	76	*
Scaffold2902	24219	24271	53	*	Scaffold28852	340	392	53	*
Scaffold2903	34573	34670	98	*	Scaffold266	477974	478071	98	*
Scaffold290447	238	291	54	*	Scaffold1263	141306	141359	54	*
Scaffold2905	22539	22604	66	*	Scaffold21	497066	497131	66	*
Scaffold2905	22110	22166	57	*	Scaffold21	497504	497560	57	*
Scaffold2905	22378	22436	59	*	Scaffold21	497234	497292	59	*
Scaffold2905	65771	65827	57	*	Scaffold21	459869	459925	57	*
Scaffold2905	56016	56102	87	*	Scaffold21	467980	468066	87	*
Scaffold2905	62345	62404	60	*	Scaffold21	463404	463463	60	*
Scaffold2905	68911	68964	54	*	Scaffold21	458318	458371	54	*
Scaffold2905	73614	73685	72	*	Scaffold21	448119	448190	72	*
Scaffold2905	43489	43575	87	*	Scaffold21	477246	477332	87	*
Scaffold2905	62264	62343	80	*	Scaffold21	463465	463544	80	*
Scaffold2905	43489	43576	88	*	Scaffold5940	2985	3072	88	*
Scaffold290559	833	896	64	*	Scaffold1831	1499	1562	64	*
Scaffold290559	402	478	77	*	Scaffold1831	35716	35792	77	*
Scaffold290559	718	795	78	*	Scaffold1831	35449	35526	78	*
Scaffold290559	588	685	98	*	Scaffold1831	35559	35656	98	*
Scaffold290559	480	537	58	*	Scaffold1831	35657	35714	58	*
Scaffold290559	96	171	76	*	Scaffold1831	36034	36109	76	*
Scaffold290570	1637	1686	50	*	Scaffold1125	135734	135783	50	*
Scaffold290570	1512	1564	53	*	Scaffold1125	135848	135900	53	*
Scaffold290570	1723	1773	51	*	Scaffold1288	94589	94639	51	*
Scaffold290570	1637	1757	121	*	Scaffold1527	43370	43490	121	*
Scaffold290570	1483	1560	78	*	Scaffold1527	43571	43648	78	*
Scaffold290570	1759	1814	56	*	Scaffold1527	43313	43368	56	*
Scaffold290570	1480	1530	51	*	Scaffold4885	2637	2687	51	*
Scaffold29086	407	461	55	*	Scaffold2985	14693	14747	55	*
Scaffold29086	617	677	61	*	Scaffold424	91278	91338	61	*
Scaffold29086	83	151	69	*	Scaffold534	194270	194338	69	*
Scaffold29086	9197	9246	50	*	Scaffold759	145221	145270	50	*
Scaffold29086	616	669	54	*	Scaffold79	375671	375724	54	*
Scaffold2909	60158	60224	67	*	Scaffold21	301073	301139	67	*
Scaffold2909	19049	19101	53	*	Scaffold21	354880	354932	53	*
Scaffold2909	24097	24146	50	*	Scaffold21	341542	341591	50	*
Scaffold2909	60271	60359	89	*	Scaffold21	300938	301026	89	*
Scaffold2909	36487	36582	96	*	Scaffold21	333081	333176	96	*
Scaffold2909	19049	19101	53	*	Scaffold21	345560	345612	53	*
Scaffold2909	60002	60062	61	*	Scaffold21	301235	301295	61	*
Scaffold2909	24097	24146	50	*	Scaffold21	350161	350210	50	*
Scaffold290906	446	504	59	*	Scaffold1300	57547	57605	59	*
Scaffold291	34202	34257	56	*	Scaffold1379	101775	101830	56	*
Scaffold291	82600	82671	72	*	Scaffold140	790894	790965	72	*
Scaffold291	34196	34247	52	*	Scaffold1562	6394	6445	52	*
Scaffold291	95145	95196	52	*	Scaffold222	426544	426595	52	*
Scaffold291	34193	34250	58	*	Scaffold52	26677	26734	58	*
Scaffold291	34197	34254	58	*	Scaffold67	217382	217439	58	*
Scaffold291	34195	34247	53	*	Scaffold86	791587	791639	53	*
Scaffold291	34197	34254	58	*	Scaffold946	321332	321389	58	*
Scaffold291117	36	89	54	*	Scaffold1	608295	608348	54	*
Scaffold291117	94	152	59	*	Scaffold100	518535	518593	59	*
Scaffold291117	41	90	50	*	Scaffold105	565127	565176	50	*
Scaffold291117	33	91	59	*	Scaffold1087	121170	121228	59	*
Scaffold291117	104	159	56	*	Scaffold1195	57557	57612	56	*
Scaffold291117	41	91	51	*	Scaffold122	870042	870092	51	*
Scaffold291117	106	157	52	*	Scaffold13	1221555	1221606	52	*
Scaffold291117	105	156	52	*	Scaffold1465	89734	89785	52	*
Scaffold291117	36	86	51	*	Scaffold1489	112167	112217	51	*
Scaffold291117	1	91	91	*	Scaffold150	220579	220669	91	*
Scaffold291117	34	92	59	*	Scaffold1523	257633	257691	59	*
Scaffold291117	114	163	50	*	Scaffold1538	17983	18032	50	*
Scaffold291117	103	155	53	*	Scaffold1549	147791	147843	53	*
Scaffold291117	95	151	57	*	Scaffold1566	60965	61021	57	*
Scaffold291117	35	96	62	*	Scaffold16	816166	816227	62	*
Scaffold291117	37	91	55	*	Scaffold1657	29884	29938	55	*
Scaffold291117	94	146	53	*	Scaffold171	394454	394506	53	*
Scaffold291117	101	155	55	*	Scaffold18054	23	77	55	*
Scaffold291117	98	153	56	*	Scaffold1817	72526	72581	56	*
Scaffold291117	100	154	55	*	Scaffold1896	271629	271683	55	*
Scaffold291117	101	159	59	*	Scaffold215	284859	284917	59	*
Scaffold291117	33	91	59	*	Scaffold23130	324	382	59	*
Scaffold291117	26	90	65	*	Scaffold234	1124790	1124854	65	*
Scaffold291117	103	155	53	*	Scaffold2461	29725	29777	53	*
Scaffold291117	39	97	59	*	Scaffold256	655912	655970	59	*
Scaffold291117	95	150	56	*	Scaffold2570	105030	105085	56	*
Scaffold291117	94	143	50	*	Scaffold2681	31357	31406	50	*
Scaffold291117	93	145	53	*	Scaffold296	445341	445393	53	*
Scaffold291117	3	54	52	*	Scaffold3	2261028	2261079	52	*
Scaffold291117	22	94	73	*	Scaffold31	506893	506965	73	*
Scaffold291117	39	91	53	*	Scaffold32	850126	850178	53	*
Scaffold291117	18	82	65	*	Scaffold329	1036572	1036636	65	*
Scaffold291117	91	142	52	*	Scaffold354	131344	131395	52	*
Scaffold291117	90	141	52	*	Scaffold377	151352	151403	52	*
Scaffold291117	61	134	74	*	Scaffold4014	6548	6621	74	*
Scaffold291117	30	89	60	*	Scaffold421	218786	218845	60	*
Scaffold291117	42	91	50	*	Scaffold4379	5729	5778	50	*
Scaffold291117	24	83	60	*	Scaffold4442	6923	6982	60	*
Scaffold291117	99	150	52	*	Scaffold453	27837	27888	52	*
Scaffold291117	101	155	55	*	Scaffold486	402094	402148	55	*
Scaffold291117	95	144	50	*	Scaffold490	22092	22141	50	*
Scaffold291117	38	89	52	*	Scaffold490	22147	22198	52	*
Scaffold291117	94	155	62	*	Scaffold5	472127	472188	62	*
Scaffold291117	36	93	58	*	Scaffold547	218686	218743	58	*
Scaffold291117	98	154	57	*	Scaffold552	394360	394416	57	*
Scaffold291117	97	153	57	*	Scaffold56	228621	228677	57	*
Scaffold291117	41	91	51	*	Scaffold568	218272	218322	51	*
Scaffold291117	107	159	53	*	Scaffold58	608485	608537	53	*
Scaffold291117	99	155	57	*	Scaffold581	166062	166118	57	*
Scaffold291117	93	147	55	*	Scaffold636	422210	422264	55	*
Scaffold291117	94	146	53	*	Scaffold658	403027	403079	53	*
Scaffold291117	1	78	78	*	Scaffold673	97077	97154	78	*
Scaffold291117	34	93	60	*	Scaffold713	188982	189041	60	*
Scaffold291117	106	158	53	*	Scaffold7395	21765	21817	53	*
Scaffold291117	96	159	64	*	Scaffold78	580637	580700	64	*
Scaffold291117	99	149	51	*	Scaffold780	65214	65264	51	*
Scaffold291117	101	164	64	*	Scaffold785	137952	138015	64	*
Scaffold291117	33	84	52	*	Scaffold8	688557	688608	52	*
Scaffold291117	32	91	60	*	Scaffold812	163558	163617	60	*
Scaffold291117	94	149	56	*	Scaffold8452	1847	1902	56	*
Scaffold291117	93	148	56	*	Scaffold8473	3634	3689	56	*
Scaffold291117	93	149	57	*	Scaffold862	353342	353398	57	*
Scaffold291117	96	151	56	*	Scaffold87	339405	339460	56	*
Scaffold291117	13	72	60	*	Scaffold911	204546	204605	60	*
Scaffold291117	30	81	52	*	Scaffold943	251071	251122	52	*
Scaffold291117	92	141	50	*	Scaffold949	217617	217666	50	*
Scaffold291117	28	93	66	*	Scaffold96	325411	325476	66	*
Scaffold291117	106	155	50	*	Scaffold97	83763	83812	50	*
Scaffold29113	4071	4120	50	*	Scaffold1113	124737	124786	50	*
Scaffold291161	1	84	84	*	Scaffold135	656656	656739	84	*
Scaffold2915	36657	36707	51	*	Scaffold598	518899	518949	51	*
Scaffold2915	29414	29471	58	*	Scaffold598	516510	516567	58	*
Scaffold291572	24	165	142	*	Scaffold661	78088	78229	142	*
Scaffold291572	35	87	53	*	Scaffold789	121880	121932	53	*
Scaffold29167	54	114	61	*	Scaffold5087	11432	11492	61	*
Scaffold29167	51	114	64	*	Scaffold69	641452	641515	64	*
Scaffold2917	32290	32345	56	*	Scaffold1217	144523	144578	56	*
Scaffold2917	39621	39675	55	*	Scaffold2014	112853	112907	55	*
Scaffold2917	32854	32929	76	*	Scaffold2014	113226	113301	76	*
Scaffold2917	39676	39753	78	*	Scaffold2014	112768	112845	78	*
Scaffold2917	32290	32345	56	*	Scaffold2014	115659	115714	56	*
Scaffold2917	32220	32288	69	*	Scaffold2014	115716	115784	69	*
Scaffold2917	32669	32728	60	*	Scaffold2014	113431	113490	60	*
Scaffold2917	36495	36544	50	*	Scaffold2014	112933	112982	50	*
Scaffold2917	32739	32828	90	*	Scaffold2014	113331	113420	90	*
Scaffold2917	22251	22309	59	*	Scaffold758	320322	320380	59	*
Scaffold291835	275	328	54	*	Scaffold181	76957	77010	54	*
Scaffold291909	50	110	61	*	Scaffold19990	1549	1609	61	*
Scaffold29191	15454	15551	98	*	Scaffold1297	224760	224857	98	*
Scaffold292	93376	93427	52	*	Scaffold1545	301151	301202	52	*
Scaffold292088	67	156	90	*	Scaffold926	387205	387294	90	*
Scaffold29222	2969	3026	58	*	Scaffold759	370140	370197	58	*
Scaffold29234	6286	6335	50	*	Scaffold422	504786	504835	50	*
Scaffold29264	1528	1580	53	*	Scaffold360	111967	112019	53	*
Scaffold2927	46246	46309	64	*	Scaffold347	49039	49102	64	*
Scaffold292780	213	270	58	*	Scaffold12464	4	61	58	*
Scaffold292780	257	306	50	*	Scaffold1842	58146	58195	50	*
Scaffold2928	46079	46133	55	*	Scaffold179	525909	525963	55	*
Scaffold2928	38499	38550	52	*	Scaffold179	517622	517673	52	*
Scaffold292808	60	174	115	*	Scaffold113	356536	356650	115	*
Scaffold29312	772	826	55	*	Scaffold179	146173	146227	55	*
Scaffold29312	2273	2333	61	*	Scaffold286	506925	506985	61	*
Scaffold2932	46075	46132	58	*	Scaffold23	476653	476710	58	*
Scaffold2932	46079	46135	57	*	Scaffold3342	1810	1866	57	*
Scaffold2932	99123	99178	56	*	Scaffold424	331097	331152	56	*
Scaffold2932	120986	121039	54	*	Scaffold424	320327	320380	54	*
Scaffold2932	58285	58346	62	*	Scaffold477	136261	136322	62	*
Scaffold2932	46079	46135	57	*	Scaffold6217	9568	9624	57	*
Scaffold2932	120986	121039	54	*	Scaffold624	200430	200483	54	*
Scaffold2932	36559	36627	69	*	Scaffold624	273616	273684	69	*
Scaffold2932	45092	45150	59	*	Scaffold624	265094	265152	59	*
Scaffold2932	29041	29109	69	*	Scaffold624	281209	281277	69	*
Scaffold2932	86930	86986	57	*	Scaffold624	227864	227920	57	*
Scaffold2932	40583	40638	56	*	Scaffold624	269626	269681	56	*
Scaffold2932	36494	36557	64	*	Scaffold624	273686	273749	64	*
Scaffold2932	27075	27146	72	*	Scaffold624	283657	283728	72	*
Scaffold2932	99123	99178	56	*	Scaffold624	211641	211696	56	*
Scaffold2932	69002	69065	64	*	Scaffold624	244541	244604	64	*
Scaffold2934	38455	38510	56	*	Scaffold1546	17992	18047	56	*
Scaffold2934	38458	38510	53	*	Scaffold1598	51988	52040	53	*
Scaffold2934	38457	38506	50	*	Scaffold1710	193269	193318	50	*
Scaffold2934	38454	38527	74	*	Scaffold387	191320	191393	74	*
Scaffold2935	8240	8297	58	*	Scaffold4475	2955	3012	58	*
Scaffold2935	8246	8298	53	*	Scaffold5191	8804	8856	53	*
Scaffold29357	2933	2991	59	*	Scaffold2004	148383	148441	59	*
Scaffold293651	226	280	55	*	Scaffold196	382688	382742	55	*
Scaffold29379	58	113	56	*	Scaffold345	301774	301829	56	*
Scaffold2938	5451	5515	65	*	Scaffold3112	32312	32376	65	*
Scaffold29391	4039	4089	51	*	Scaffold210	282928	282978	51	*
Scaffold29391	4154	4207	54	*	Scaffold2396	67791	67844	54	*
Scaffold29391	3351	3448	98	*	Scaffold470	293493	293590	98	*
Scaffold293998	87	137	51	*	Scaffold585	164765	164815	51	*
Scaffold293998	25	85	61	*	Scaffold585	164703	164763	61	*
Scaffold2940	63676	63747	72	*	Scaffold340	57959	58030	72	*
Scaffold2940	31473	31525	53	*	Scaffold655	224685	224737	53	*
Scaffold2940	63713	63762	50	*	Scaffold856	177082	177131	50	*
Scaffold2941	146104	146171	68	*	Scaffold1191	427896	427963	68	*
Scaffold2941	146110	146171	62	*	Scaffold12	934224	934291	68	*
Scaffold2941	146106	146168	63	*	Scaffold1373	166599	166661	63	*
Scaffold2941	146102	146162	61	*	Scaffold1578	51715	51775	61	*
Scaffold2941	146107	146170	64	*	Scaffold158	77244	77307	64	*
Scaffold2941	146109	146171	63	*	Scaffold162	307103	307165	63	*
Scaffold2941	146111	146172	62	*	Scaffold186	682264	682325	62	*
Scaffold2941	79460	79513	54	*	Scaffold2118	34039	34092	54	*
Scaffold2941	79524	79582	59	*	Scaffold2118	33970	34028	59	*
Scaffold2941	146106	146172	67	*	Scaffold246	68799	68865	67	*
Scaffold2941	157242	157299	58	*	Scaffold2684	52842	52899	58	*
Scaffold2941	104027	104084	58	*	Scaffold292	530736	530793	58	*
Scaffold2941	73718	73788	71	*	Scaffold303	155800	155870	71	*
Scaffold2941	3431	3482	52	*	Scaffold303	219192	219243	52	*
Scaffold2941	146108	146163	56	*	Scaffold305	195320	195375	56	*
Scaffold2941	146107	146158	52	*	Scaffold3065	68011	68062	52	*
Scaffold2941	146112	146163	52	*	Scaffold3162	54796	54847	52	*
Scaffold2941	146112	146163	52	*	Scaffold3162	47484	47535	52	*
Scaffold2941	146117	146171	55	*	Scaffold3630	42291	42345	55	*
Scaffold2941	146111	146173	63	*	Scaffold4474	12728	12790	63	*
Scaffold2941	146102	146163	62	*	Scaffold485	528499	528560	62	*
Scaffold2941	103945	104027	83	*	Scaffold5191	8345	8427	83	*
Scaffold2941	104029	104087	59	*	Scaffold5191	8285	8343	59	*
Scaffold2941	103886	103943	58	*	Scaffold5191	8429	8486	58	*
Scaffold2941	146102	146165	64	*	Scaffold74	379285	379348	64	*
Scaffold2943	101	171	71	*	Scaffold1733	232651	232721	71	*
Scaffold29431	713	765	53	*	Scaffold182	391728	391780	53	*
Scaffold29434	11375	11428	54	*	Scaffold3904	2148	2201	54	*
Scaffold2944	40759	40811	53	*	Scaffold196	467713	467765	53	*
Scaffold29446	7947	8023	77	*	Scaffold5191	8377	8453	77	*
Scaffold294469	2	58	57	*	Scaffold3112	32609	32665	57	*
Scaffold294480	966	1054	89	*	Scaffold106	742312	742400	89	*
Scaffold29451	3558	3629	72	*	Scaffold107	285851	285922	72	*
Scaffold29451	3566	3628	63	*	Scaffold1207	279493	279555	63	*
Scaffold29451	3569	3627	59	*	Scaffold153	252800	252858	59	*
Scaffold29451	3558	3617	60	*	Scaffold1813	134565	134624	60	*
Scaffold29451	3566	3627	62	*	Scaffold479	354399	354460	62	*
Scaffold29451	3561	3618	58	*	Scaffold73	594092	594149	58	*
Scaffold29451	3557	3614	58	*	Scaffold967	151908	151965	58	*
Scaffold2946	69627	69680	54	*	Scaffold1614	177824	177877	54	*
Scaffold2946	41382	41447	66	*	Scaffold164	730244	730309	66	*
Scaffold2946	100863	100926	64	*	Scaffold527	215056	215119	64	*
Scaffold2946	36484	36535	52	*	Scaffold527	254915	254966	52	*
Scaffold294828	49	101	53	*	Scaffold2782	1509	1561	53	*
Scaffold294975	76	127	52	*	Scaffold344	46394	46445	52	*
Scaffold295	108604	108655	52	*	Scaffold1733	253478	253529	52	*
Scaffold295	108683	108741	59	*	Scaffold1903	118484	118542	59	*
Scaffold295	54495	54556	62	*	Scaffold20	1396612	1396673	62	*
Scaffold295	96465	96515	51	*	Scaffold20	1432942	1432992	51	*
Scaffold295	84540	84600	61	*	Scaffold20	1422825	1422885	61	*
Scaffold295	43460	43534	75	*	Scaffold20	1383467	1383541	75	*
Scaffold295	108548	108732	185	*	Scaffold5191	8269	8453	185	*
Scaffold2950	31693	31770	78	*	Scaffold953	74208	74285	78	*
Scaffold2954	97339	97430	92	*	Scaffold1396	497620	497711	92	*
Scaffold2954	93163	93213	51	*	Scaffold1396	495641	495691	51	*
Scaffold2954	88416	88482	67	*	Scaffold1396	470473	470539	67	*
Scaffold2954	75570	75640	71	*	Scaffold1396	462056	462126	71	*
Scaffold2954	67000	67050	51	*	Scaffold1396	455502	455552	51	*
Scaffold2954	85043	85092	50	*	Scaffold1396	467289	467338	50	*
Scaffold2954	92739	92805	67	*	Scaffold79	375371	375437	67	*
Scaffold29549	5890	5945	56	*	Scaffold1641	178004	178059	56	*
Scaffold295542	16	65	50	*	Scaffold730	205479	205528	50	*
Scaffold295589	80	133	54	*	Scaffold105	738003	738056	54	*
Scaffold295589	116	165	50	*	Scaffold11574	55	104	50	*
Scaffold295589	115	165	51	*	Scaffold326	87555	87605	51	*
Scaffold29564	4065	4129	65	*	Scaffold2280	448	512	65	*
Scaffold295659	144	195	52	*	Scaffold569	480743	480794	52	*
Scaffold29574	7420	7471	52	*	Scaffold10	1916755	1916806	52	*
Scaffold29574	7411	7472	62	*	Scaffold1003	245116	245177	62	*
Scaffold29574	7427	7484	58	*	Scaffold1021	20032	20089	58	*
Scaffold29574	7377	7445	69	*	Scaffold108	336595	336663	69	*
Scaffold29574	7329	7378	50	*	Scaffold1092	83637	83686	50	*
Scaffold29574	7380	7477	98	*	Scaffold1092	83688	83785	98	*
Scaffold29574	7378	7479	102	*	Scaffold1117	5062	5163	102	*
Scaffold29574	7377	7475	99	*	Scaffold121	392018	392116	99	*
Scaffold29574	7392	7477	86	*	Scaffold1251	90191	90276	86	*
Scaffold29574	7422	7501	80	*	Scaffold1269	236356	236435	80	*
Scaffold29574	7429	7486	58	*	Scaffold1286	48186	48243	58	*
Scaffold29574	7297	7480	184	*	Scaffold1377	37325	37508	184	*
Scaffold29574	7398	7464	67	*	Scaffold1388	92177	92243	67	*
Scaffold29574	7361	7476	116	*	Scaffold1435	213213	213328	116	*
Scaffold29574	7385	7488	104	*	Scaffold1490	61815	61918	104	*
Scaffold29574	7297	7478	182	*	Scaffold15	865645	865826	182	*
Scaffold29574	7377	7444	68	*	Scaffold1564	148882	148949	68	*
Scaffold29574	7428	7491	64	*	Scaffold1627	32707	32770	64	*
Scaffold29574	7375	7468	94	*	Scaffold184	551897	551990	94	*
Scaffold29574	7367	7451	85	*	Scaffold186	226494	226578	85	*
Scaffold29574	7388	7452	65	*	Scaffold2069	18338	18402	65	*
Scaffold29574	7410	7475	66	*	Scaffold20901	335	400	66	*
Scaffold29574	7410	7476	67	*	Scaffold214	192504	192570	67	*
Scaffold29574	7325	7445	121	*	Scaffold216	104161	104281	121	*
Scaffold29574	7386	7478	93	*	Scaffold22	889846	889938	93	*
Scaffold29574	7372	7470	99	*	Scaffold2283	56308	56406	99	*
Scaffold29574	7378	7475	98	*	Scaffold2329	74389	74486	98	*
Scaffold29574	7400	7465	66	*	Scaffold240	252633	252698	66	*
Scaffold29574	7346	7427	82	*	Scaffold240	174993	175074	82	*
Scaffold29574	7363	7445	83	*	Scaffold2426	130385	130467	83	*
Scaffold29574	7417	7479	63	*	Scaffold2459	114256	114318	63	*
Scaffold29574	7326	7480	155	*	Scaffold253	157942	158096	155	*
Scaffold29574	7374	7479	106	*	Scaffold2555	43920	44025	106	*
Scaffold29574	7416	7492	77	*	Scaffold274	445878	445954	77	*
Scaffold29574	7420	7471	52	*	Scaffold2794	18541	18592	52	*
Scaffold29574	7392	7448	57	*	Scaffold27958	212	268	57	*
Scaffold29574	7307	7478	172	*	Scaffold2875	73472	73643	172	*
Scaffold29574	7324	7472	149	*	Scaffold2914	10116	10264	149	*
Scaffold29574	7377	7475	99	*	Scaffold29271	7604	7702	99	*
Scaffold29574	7366	7457	92	*	Scaffold296	12471	12562	92	*
Scaffold29574	7394	7479	86	*	Scaffold29740	45	130	86	*
Scaffold29574	7383	7471	89	*	Scaffold2979	14718	14806	89	*
Scaffold29574	7411	7473	63	*	Scaffold30343	207	269	63	*
Scaffold29574	7407	7472	66	*	Scaffold3049	42592	42657	66	*
Scaffold29574	7434	7502	69	*	Scaffold320	301262	301330	69	*
Scaffold29574	7437	7492	56	*	Scaffold3241	26563	26618	56	*
Scaffold29574	7357	7482	126	*	Scaffold3380	42636	42761	126	*
Scaffold29574	7371	7463	93	*	Scaffold346	410964	411056	93	*
Scaffold29574	7371	7463	93	*	Scaffold346	411622	411714	93	*
Scaffold29574	7300	7479	180	*	Scaffold3705	6739	6918	180	*
Scaffold29574	7361	7477	117	*	Scaffold3782	5892	6008	117	*
Scaffold29574	7357	7479	123	*	Scaffold38	956284	956406	123	*
Scaffold29574	7352	7411	60	*	Scaffold39	978220	978279	60	*
Scaffold29574	7413	7464	52	*	Scaffold39	978281	978332	52	*
Scaffold29574	7431	7490	60	*	Scaffold390	249971	250030	60	*
Scaffold29574	7297	7477	181	*	Scaffold404	537796	537976	181	*
Scaffold29574	7426	7477	52	*	Scaffold405	614653	614704	52	*
Scaffold29574	7377	7456	80	*	Scaffold432	522277	522356	80	*
Scaffold29574	7416	7478	63	*	Scaffold443	1234	1296	63	*
Scaffold29574	7380	7479	100	*	Scaffold4475	7320	7419	100	*
Scaffold29574	7405	7479	75	*	Scaffold47	938217	938291	75	*
Scaffold29574	7297	7431	135	*	Scaffold507	193941	194075	135	*
Scaffold29574	7437	7493	57	*	Scaffold507	193879	193935	57	*
Scaffold29574	7383	7479	97	*	Scaffold518	521695	521791	97	*
Scaffold29574	7386	7476	91	*	Scaffold528	314680	314770	91	*
Scaffold29574	7359	7424	66	*	Scaffold547	452112	452177	66	*
Scaffold29574	7401	7481	81	*	Scaffold552	640767	640847	81	*
Scaffold29574	7344	7468	125	*	Scaffold615	91698	91822	125	*
Scaffold29574	7392	7470	79	*	Scaffold623	553095	553173	79	*
Scaffold29574	7347	7477	131	*	Scaffold663	315109	315239	131	*
Scaffold29574	7416	7474	59	*	Scaffold668	329856	329914	59	*
Scaffold29574	7376	7460	85	*	Scaffold68	108999	109083	85	*
Scaffold29574	7407	7471	65	*	Scaffold765	347902	347966	65	*
Scaffold29574	7411	7473	63	*	Scaffold9071	722	784	63	*
Scaffold29574	7425	7486	62	*	Scaffold93	121203	121264	62	*
Scaffold29574	7428	7486	59	*	Scaffold94	750235	750293	59	*
Scaffold29574	7364	7471	108	*	Scaffold942	247462	247569	108	*
Scaffold29574	7429	7495	67	*	Scaffold999	45307	45373	67	*
Scaffold295900	1	50	50	*	Scaffold107	589265	589314	50	*
Scaffold29674	5352	5404	53	*	Scaffold645	372934	372986	53	*
Scaffold29675	366	416	51	*	Scaffold2123	35569	35619	51	*
Scaffold29685	567	661	95	*	Scaffold30	1086896	1086990	95	*
Scaffold297067	131	192	62	*	Scaffold1763	123847	123908	62	*
Scaffold2973	43832	43883	52	*	Scaffold1769	101653	101704	52	*
Scaffold2973	43733	43794	62	*	Scaffold5191	8402	8463	62	*
Scaffold2973	43811	43906	96	*	Scaffold5191	8290	8385	96	*
Scaffold2974	76821	76870	50	*	Scaffold689	562937	562986	50	*
Scaffold2974	77071	77126	56	*	Scaffold689	562776	562831	56	*
Scaffold29742	609	663	55	*	Scaffold1697	126406	126460	55	*
Scaffold2976	8953	9013	61	*	Scaffold652	202587	202647	61	*
Scaffold297637	42	94	53	*	Scaffold16	669141	669193	53	*
Scaffold297728	108	178	71	*	Scaffold113	356574	356644	71	*
Scaffold297731	18	94	77	*	Scaffold44	997957	998033	77	*
Scaffold2978	23658	23707	50	*	Scaffold983	109514	109563	50	*
Scaffold2981	8711	8763	53	*	Scaffold1087	69695	69747	53	*
Scaffold2982	18773	18824	52	*	Scaffold1108	71066	71117	52	*
Scaffold2982	18839	18897	59	*	Scaffold1108	71132	71190	59	*
Scaffold2982	27941	28003	63	*	Scaffold1564	244179	244241	63	*
Scaffold2982	15682	15767	86	*	Scaffold1564	260007	260092	86	*
Scaffold2982	25235	25293	59	*	Scaffold1564	249544	249602	59	*
Scaffold2982	28141	28208	68	*	Scaffold1564	243972	244039	68	*
Scaffold2983	25345	25442	98	*	Scaffold5191	8395	8492	98	*
Scaffold29841	1	53	53	*	Scaffold415	226964	227016	53	*
Scaffold29847	986	1049	64	*	Scaffold55	968552	968615	64	*
Scaffold2985	17448	17523	76	*	Scaffold470	293460	293535	76	*
Scaffold2986	6375	6434	60	*	Scaffold446	107472	107531	60	*
Scaffold2986	6378	6457	80	*	Scaffold926	287176	287255	80	*
Scaffold2987	102299	102351	53	*	Scaffold234	885412	885464	53	*
Scaffold2987	207631	207694	64	*	Scaffold234	991126	991189	64	*
Scaffold2987	83870	83936	67	*	Scaffold234	868943	869009	67	*
Scaffold2987	109704	109756	53	*	Scaffold234	892752	892804	53	*
Scaffold2987	129431	129480	50	*	Scaffold234	910275	910324	50	*
Scaffold2987	73677	73732	56	*	Scaffold234	857721	857776	56	*
Scaffold2987	52490	52580	91	*	Scaffold234	827696	827786	91	*
Scaffold2987	58829	58885	57	*	Scaffold234	834077	834133	57	*
Scaffold2987	109704	109759	56	*	Scaffold234	894173	894228	56	*
Scaffold2987	95741	95809	69	*	Scaffold234	879114	879182	69	*
Scaffold2987	70227	70287	61	*	Scaffold3817	52662	52722	61	*
Scaffold2987	58829	58885	57	*	Scaffold3817	117621	117677	57	*
Scaffold2987	65810	65883	74	*	Scaffold3817	123097	123170	74	*
Scaffold2987	73677	73732	56	*	Scaffold3817	48459	48514	56	*
Scaffold2988	58145	58202	58	*	Scaffold119	571190	571247	58	*
Scaffold2988	49884	49943	60	*	Scaffold119	581456	581515	60	*
Scaffold2989	55830	55889	60	*	Scaffold2280	3259	3318	60	*
Scaffold298958	97	179	83	*	Scaffold386	664197	664279	83	*
Scaffold299	71951	72000	50	*	Scaffold241	71406	71455	50	*
Scaffold299	57861	57911	51	*	Scaffold241	77986	78036	51	*
Scaffold299	18287	18364	78	*	Scaffold335	290915	290992	78	*
Scaffold299068	360	415	56	*	Scaffold1396	114446	114501	56	*
Scaffold299157	312	367	56	*	Scaffold882	279558	279613	56	*
Scaffold299157	236	295	60	*	Scaffold882	279629	279688	60	*
Scaffold2993	10274	10369	96	*	Scaffold797	419721	419816	96	*
Scaffold2994	192330	192387	58	*	Scaffold114	182926	182983	58	*
Scaffold2994	44501	44553	53	*	Scaffold114	330457	330509	53	*
Scaffold2994	48046	48123	78	*	Scaffold114	326789	326866	78	*
Scaffold2994	40546	40598	53	*	Scaffold114	334617	334669	53	*
Scaffold2994	16792	16861	70	*	Scaffold114	361076	361145	70	*
Scaffold2994	38046	38113	68	*	Scaffold114	337644	337711	68	*
Scaffold2994	46542	46591	50	*	Scaffold114	328496	328545	50	*
Scaffold2994	62114	62164	51	*	Scaffold114	310623	310673	51	*
Scaffold2994	48404	48465	62	*	Scaffold114	326439	326500	62	*
Scaffold2994	197158	197214	57	*	Scaffold114	177471	177527	57	*
Scaffold2994	62235	62300	66	*	Scaffold114	310487	310552	66	*
Scaffold2994	197802	197861	60	*	Scaffold2051	44973	45032	60	*
Scaffold2995	34252	34318	67	*	Scaffold232	162253	162319	67	*
Scaffold2995	54462	54517	56	*	Scaffold232	146206	146261	56	*
Scaffold299727	294	348	55	*	Scaffold29196	492	546	55	*
Scaffold299727	739	861	123	*	Scaffold29196	291	413	123	*
Scaffold299805	3880	3929	50	*	Scaffold1030	379914	379963	50	*
Scaffold299805	4652	4702	51	*	Scaffold1433	97383	97433	51	*
Scaffold299805	3173	3228	56	*	Scaffold1705	190246	190301	56	*
Scaffold299805	4647	4701	55	*	Scaffold224	376346	376400	55	*
Scaffold299805	2498	2547	50	*	Scaffold232	706588	706637	50	*
Scaffold299805	4195	4245	51	*	Scaffold253	158544	158594	51	*
Scaffold299805	2130	2198	69	*	Scaffold253	154047	154115	69	*
Scaffold299805	4183	4277	95	*	Scaffold3316	11823	11917	95	*
Scaffold299805	4196	4254	59	*	Scaffold344	46390	46448	59	*
Scaffold299805	3060	3134	75	*	Scaffold400	433027	433101	75	*
Scaffold299805	3149	3213	65	*	Scaffold400	432958	433022	65	*
Scaffold299805	4522	4572	51	*	Scaffold5175	7112	7162	51	*
Scaffold299805	3630	3686	57	*	Scaffold5528	1295	1351	57	*
Scaffold299805	4184	4237	54	*	Scaffold672	22586	22639	54	*
Scaffold299805	4645	4703	59	*	Scaffold85	712245	712303	59	*
Scaffold300023	1	67	67	*	Scaffold397	286036	286102	67	*
Scaffold300023	101	155	55	*	Scaffold517	118644	118698	55	*
Scaffold300096	1	79	79	*	Scaffold165	441787	441865	79	*
Scaffold3003	22427	22530	104	*	Scaffold536	163846	163949	104	*
Scaffold30043	459	513	55	*	Scaffold18	332168	332222	55	*
Scaffold30043	515	565	51	*	Scaffold2452	1448	1498	51	*
Scaffold300510	66	132	67	*	Scaffold1527	43502	43568	67	*
Scaffold300510	1	64	64	*	Scaffold1527	43437	43500	64	*
Scaffold300512	16	73	58	*	Scaffold1355	65074	65131	58	*
Scaffold300522	129	229	101	*	Scaffold817	209946	210046	101	*
Scaffold30056	2497	2546	50	*	Scaffold583	380973	381022	50	*
Scaffold3006	21606	21667	62	*	Scaffold272	433761	433822	62	*
Scaffold3006	21866	21949	84	*	Scaffold272	434026	434109	84	*
Scaffold3006	22985	23035	51	*	Scaffold272	434184	434234	51	*
Scaffold3006	22523	22575	53	*	Scaffold272	433770	433822	53	*
Scaffold3006	21795	21865	71	*	Scaffold272	433901	433971	71	*
Scaffold3006	22791	22910	120	*	Scaffold272	433990	434109	120	*
Scaffold3006	23036	23089	54	*	Scaffold272	434236	434289	54	*
Scaffold3006	22024	22094	71	*	Scaffold272	434184	434254	71	*
Scaffold3006	23345	23397	53	*	Scaffold272	434541	434593	53	*
Scaffold3006	22705	22787	83	*	Scaffold272	433903	433985	83	*
Scaffold30076	720	812	93	*	Scaffold724	263292	263384	93	*
Scaffold3008	31019	31068	50	*	Scaffold10464	4144	4193	50	*
Scaffold3008	31021	31076	56	*	Scaffold1084	299418	299473	56	*
Scaffold3008	31020	31080	61	*	Scaffold121	220427	220487	61	*
Scaffold3008	30989	31049	61	*	Scaffold124	993940	994000	61	*
Scaffold3008	31026	31078	53	*	Scaffold177	728201	728253	53	*
Scaffold3008	30990	31063	74	*	Scaffold1882	25261	25334	74	*
Scaffold3008	31019	31068	50	*	Scaffold214	118527	118576	50	*
Scaffold3008	30990	31054	65	*	Scaffold236	71699	71763	65	*
Scaffold3008	31019	31071	53	*	Scaffold256	641857	641909	53	*
Scaffold3008	31019	31079	61	*	Scaffold2634	24298	24358	61	*
Scaffold3008	30954	31007	54	*	Scaffold2974	19024	19077	54	*
Scaffold3008	30989	31040	52	*	Scaffold305	829153	829204	52	*
Scaffold3008	30992	31043	52	*	Scaffold3223	10879	10930	52	*
Scaffold3008	30991	31040	50	*	Scaffold368	527570	527619	50	*
Scaffold3008	31018	31072	55	*	Scaffold369	502192	502246	55	*
Scaffold3008	31018	31073	56	*	Scaffold432	431738	431793	56	*
Scaffold3008	30946	30996	51	*	Scaffold491	104059	104109	51	*
Scaffold3008	31017	31077	61	*	Scaffold4914	44387	44447	61	*
Scaffold3008	31019	31075	57	*	Scaffold53	534977	535033	57	*
Scaffold3008	30990	31068	79	*	Scaffold553	219713	219791	79	*
Scaffold3008	30953	31018	66	*	Scaffold564	314141	314206	66	*
Scaffold3008	31018	31074	57	*	Scaffold614	283953	284009	57	*
Scaffold3008	31013	31069	57	*	Scaffold62	215862	215918	57	*
Scaffold3008	30990	31070	81	*	Scaffold641	326607	326687	81	*
Scaffold3008	31018	31070	53	*	Scaffold6999	1813	1865	53	*
Scaffold3008	31029	31079	51	*	Scaffold79	484401	484451	51	*
Scaffold3008	30959	31014	56	*	Scaffold881	231899	231954	56	*
Scaffold3008	31017	31074	58	*	Scaffold96	568767	568824	58	*
Scaffold30081	1278	1333	56	*	Scaffold238	577025	577080	56	*
Scaffold3009	41973	42031	59	*	Scaffold132	945132	945190	59	*
Scaffold3009	41977	42036	60	*	Scaffold1339	22012	22071	60	*
Scaffold3009	41975	42035	61	*	Scaffold1377	96199	96259	61	*
Scaffold3009	41975	42035	61	*	Scaffold1698	164534	164594	61	*
Scaffold3009	41977	42031	55	*	Scaffold1994	97064	97118	55	*
Scaffold3009	41975	42030	56	*	Scaffold420	212874	212929	56	*
Scaffold3009	41973	42032	60	*	Scaffold5157	1456	1515	60	*
Scaffold3009	41980	42032	53	*	Scaffold551	408376	408428	53	*
Scaffold3009	41975	42035	61	*	Scaffold683	39359	39419	61	*
Scaffold300976	20	75	56	*	Scaffold113	356668	356723	56	*
Scaffold301096	108	159	52	*	Scaffold10	716686	716737	52	*
Scaffold301096	72	126	55	*	Scaffold1105	295184	295238	55	*
Scaffold301096	40	100	61	*	Scaffold1129	183282	183342	61	*
Scaffold301096	60	137	78	*	Scaffold113	903878	903955	78	*
Scaffold301096	101	159	59	*	Scaffold117	468441	468499	59	*
Scaffold301096	74	138	65	*	Scaffold1177	233888	233952	65	*
Scaffold301096	101	159	59	*	Scaffold123	1008962	1009020	59	*
Scaffold301096	76	132	57	*	Scaffold1410	227459	227515	57	*
Scaffold301096	101	158	58	*	Scaffold143	943162	943219	58	*
Scaffold301096	42	105	64	*	Scaffold161	412893	412956	64	*
Scaffold301096	80	141	62	*	Scaffold164	316937	316998	62	*
Scaffold301096	43	98	56	*	Scaffold177	581007	581062	56	*
Scaffold301096	74	141	68	*	Scaffold179	582575	582642	68	*
Scaffold301096	97	159	63	*	Scaffold1994	21151	21213	63	*
Scaffold301096	74	131	58	*	Scaffold2030	104707	104764	58	*
Scaffold301096	43	100	58	*	Scaffold2165	74400	74457	58	*
Scaffold301096	102	159	58	*	Scaffold2165	74459	74516	58	*
Scaffold301096	47	99	53	*	Scaffold218	472614	472666	53	*
Scaffold301096	97	159	63	*	Scaffold22314	740	802	63	*
Scaffold301096	52	104	53	*	Scaffold2367	9829	9881	53	*
Scaffold301096	51	107	57	*	Scaffold237	212912	212968	57	*
Scaffold301096	25	86	62	*	Scaffold246	236875	236936	62	*
Scaffold301096	60	118	59	*	Scaffold256	658467	658525	59	*
Scaffold301096	101	152	52	*	Scaffold269	566923	566974	52	*
Scaffold301096	20	72	53	*	Scaffold276	356748	356800	53	*
Scaffold301096	105	154	50	*	Scaffold2849	16402	16451	50	*
Scaffold301096	70	119	50	*	Scaffold311	307412	307461	50	*
Scaffold301096	101	152	52	*	Scaffold314	390008	390059	52	*
Scaffold301096	62	117	56	*	Scaffold345	479916	479971	56	*
Scaffold301096	51	100	50	*	Scaffold345	65605	65654	50	*
Scaffold301096	39	89	51	*	Scaffold355	11722	11772	51	*
Scaffold301096	72	130	59	*	Scaffold365	512409	512467	59	*
Scaffold301096	41	99	59	*	Scaffold39	1217488	1217546	59	*
Scaffold301096	45	102	58	*	Scaffold396	294076	294133	58	*
Scaffold301096	43	94	52	*	Scaffold3983	5810	5861	52	*
Scaffold301096	20	86	67	*	Scaffold4	381159	381225	67	*
Scaffold301096	73	122	50	*	Scaffold4063	6590	6639	50	*
Scaffold301096	43	104	62	*	Scaffold408	7547	7608	62	*
Scaffold301096	60	113	54	*	Scaffold484	183636	183689	54	*
Scaffold301096	57	137	81	*	Scaffold5290	4029	4109	81	*
Scaffold301096	22	92	71	*	Scaffold585	99885	99955	71	*
Scaffold301096	75	128	54	*	Scaffold6	1352821	1352874	54	*
Scaffold301096	80	137	58	*	Scaffold623	461301	461358	58	*
Scaffold301096	67	128	62	*	Scaffold6322	11090	11151	62	*
Scaffold301096	53	109	57	*	Scaffold636	240285	240341	57	*
Scaffold301096	63	132	70	*	Scaffold643	290151	290220	70	*
Scaffold301096	55	113	59	*	Scaffold661	210105	210163	59	*
Scaffold301096	42	97	56	*	Scaffold67	677230	677285	56	*
Scaffold301096	43	104	62	*	Scaffold672	355822	355883	62	*
Scaffold301096	59	129	71	*	Scaffold703	69661	69731	71	*
Scaffold301096	77	130	54	*	Scaffold706	151395	151448	54	*
Scaffold301096	77	131	55	*	Scaffold731	78583	78637	55	*
Scaffold301096	45	99	55	*	Scaffold753	189638	189692	55	*
Scaffold301096	30	91	62	*	Scaffold755	90200	90261	62	*
Scaffold301096	42	91	50	*	Scaffold7777	100	149	50	*
Scaffold301096	107	159	53	*	Scaffold824	206445	206497	53	*
Scaffold301096	76	127	52	*	Scaffold83	20094	20145	52	*
Scaffold301096	58	111	54	*	Scaffold831	5455	5508	54	*
Scaffold301096	72	131	60	*	Scaffold86	407813	407872	60	*
Scaffold301096	75	157	83	*	Scaffold86	150055	150137	83	*
Scaffold301096	44	99	56	*	Scaffold900	157743	157798	56	*
Scaffold301096	102	154	53	*	Scaffold94	823283	823335	53	*
Scaffold301096	75	153	79	*	Scaffold943	211286	211364	79	*
Scaffold301096	109	159	51	*	Scaffold97	413997	414047	51	*
Scaffold301096	24	83	60	*	Scaffold99	561717	561776	60	*
Scaffold301102	40	95	56	*	Scaffold504	588472	588527	56	*
Scaffold301121	1	69	69	*	Scaffold1162	76246	76314	69	*
Scaffold3013	43391	43457	67	*	Scaffold3	1838274	1838340	67	*
Scaffold301484	1	100	100	*	Scaffold1763	123706	123805	100	*
Scaffold301484	122	195	74	*	Scaffold1763	123828	123901	74	*
Scaffold301484	122	174	53	*	Scaffold99	227181	227233	53	*
Scaffold301547	257	318	62	*	Scaffold1370	89	150	62	*
Scaffold3016	20210	20259	50	*	Scaffold100	4092	4141	50	*
Scaffold301661	1753	1829	77	*	Scaffold4	1362852	1362928	77	*
Scaffold301689	13	77	65	*	Scaffold12	147653	147717	65	*
Scaffold301689	26	82	57	*	Scaffold19811	5770	5826	57	*
Scaffold301689	20	75	56	*	Scaffold20	354791	354846	56	*
Scaffold301689	13	75	63	*	Scaffold235	483617	483679	63	*
Scaffold301689	13	75	63	*	Scaffold3121	20394	20456	63	*
Scaffold301689	14	75	62	*	Scaffold375	735208	735269	62	*
Scaffold3017	32425	32483	59	*	Scaffold184	755936	755994	59	*
Scaffold3017	32678	32728	51	*	Scaffold2090	74444	74494	51	*
Scaffold3017	32429	32492	64	*	Scaffold2090	75492	75555	64	*
Scaffold3017	32416	32469	54	*	Scaffold2401	28774	28827	54	*
Scaffold3017	32678	32728	51	*	Scaffold285	166967	167017	51	*
Scaffold3017	32426	32508	83	*	Scaffold285	167199	167281	83	*
Scaffold3017	32678	32728	51	*	Scaffold411	299248	299298	51	*
Scaffold3017	32426	32483	58	*	Scaffold4773	12611	12668	58	*
Scaffold3017	32590	32641	52	*	Scaffold728	36586	36637	52	*
Scaffold3017	32439	32498	60	*	Scaffold728	36729	36788	60	*
Scaffold3017	7644	7710	67	*	Scaffold8691	8751	8817	67	*
Scaffold3017	7644	7710	67	*	Scaffold960	128427	128493	67	*
Scaffold3017	32430	32487	58	*	Scaffold960	267883	267940	58	*
Scaffold301771	81	155	75	*	Scaffold1302	132587	132661	75	*
Scaffold3018	56498	56587	90	*	Scaffold1081	150148	150237	90	*
Scaffold3018	63731	63784	54	*	Scaffold418	89675	89728	54	*
Scaffold30193	13	68	56	*	Scaffold408	42202	42257	56	*
Scaffold302	112774	112834	61	*	Scaffold30	77676	77736	61	*
Scaffold3021	52677	52747	71	*	Scaffold68	855325	855395	71	*
Scaffold3021	52477	52578	102	*	Scaffold68	855492	855593	102	*
Scaffold3021	51875	51945	71	*	Scaffold68	855325	855395	71	*
Scaffold3021	50385	50488	104	*	Scaffold68	856533	856636	104	*
Scaffold3021	38414	38474	61	*	Scaffold68	860786	860846	61	*
Scaffold3021	51677	51730	54	*	Scaffold68	855541	855594	54	*
Scaffold302135	1	87	87	*	Scaffold558	389806	389892	87	*
Scaffold3024	36138	36194	57	*	Scaffold412	430538	430594	57	*
Scaffold3024	36138	36194	57	*	Scaffold597	103341	103397	57	*
Scaffold3024	21430	21489	60	*	Scaffold597	113901	113960	60	*
Scaffold3026	56411	56470	60	*	Scaffold77	487490	487549	60	*
Scaffold3028	69512	69570	59	*	Scaffold1063	188015	188073	59	*
Scaffold3028	69454	69525	72	*	Scaffold11504	258	329	72	*
Scaffold3028	69027	69102	76	*	Scaffold1668	96348	96423	76	*
Scaffold3028	69514	69570	57	*	Scaffold38	834513	834569	57	*
Scaffold3028	69340	69390	51	*	Scaffold583	100498	100548	51	*
Scaffold3028	69029	69144	116	*	Scaffold688	11389	11504	116	*
Scaffold30309	90	149	60	*	Scaffold9	1138895	1138954	60	*
Scaffold3032	21956	22036	81	*	Scaffold113	356526	356606	81	*
Scaffold3032	22038	22125	88	*	Scaffold113	356437	356524	88	*
Scaffold3032	50879	50936	58	*	Scaffold1231	175900	175957	58	*
Scaffold3032	50882	50937	56	*	Scaffold2112	22848	22903	56	*
Scaffold3032	50880	50936	57	*	Scaffold352	559835	559891	57	*
Scaffold303251	46	96	51	*	Scaffold1358	235644	235694	51	*
Scaffold303251	28	92	65	*	Scaffold1527	43370	43434	65	*
Scaffold303438	56	113	58	*	Scaffold198	603449	603506	58	*
Scaffold303438	169	263	95	*	Scaffold198	603561	603655	95	*
Scaffold303438	143	225	83	*	Scaffold802	363813	363895	83	*
Scaffold3036	9291	9355	65	*	Scaffold4480	3791	3855	65	*
Scaffold3037	36637	36703	67	*	Scaffold71	41631	41697	67	*
Scaffold303724	3	54	52	*	Scaffold198	603456	603507	52	*
Scaffold3038	48134	48188	55	*	Scaffold107	589322	589376	55	*
Scaffold3038	48190	48248	59	*	Scaffold107	589262	589320	59	*
Scaffold30395	2055	2104	50	*	Scaffold1264	39479	39528	50	*
Scaffold30395	2055	2104	50	*	Scaffold37	284704	284753	50	*
Scaffold30398	4343	4435	93	*	Scaffold2782	140833	140925	93	*
Scaffold30398	4471	4540	70	*	Scaffold2782	140731	140800	70	*
Scaffold30398	1644	1712	69	*	Scaffold2782	142506	142574	69	*
Scaffold304	81197	81257	61	*	Scaffold583	167231	167291	61	*
Scaffold304	71023	71078	56	*	Scaffold583	174615	174670	56	*
Scaffold304292	105	160	56	*	Scaffold832	102647	102702	56	*
Scaffold3043	73478	73597	120	*	Scaffold105	443054	443173	120	*
Scaffold3043	27910	27960	51	*	Scaffold1521	192470	192520	51	*
Scaffold3043	11742	11791	50	*	Scaffold1521	211539	211588	50	*
Scaffold3043	11742	11791	50	*	Scaffold1521	219984	220033	50	*
Scaffold3043	27910	27960	51	*	Scaffold1521	194491	194541	51	*
Scaffold3043	73513	73597	85	*	Scaffold198	469140	469224	85	*
Scaffold3043	11742	11791	50	*	Scaffold259	305311	305360	50	*
Scaffold3043	73531	73598	68	*	Scaffold3	1457348	1457415	68	*
Scaffold3043	73502	73597	96	*	Scaffold7067	826	921	96	*
Scaffold3043	73520	73590	71	*	Scaffold993	326267	326337	71	*
Scaffold304311	128	178	51	*	Scaffold672	114483	114533	51	*
Scaffold3046	82018	82072	55	*	Scaffold3654	16830	16884	55	*
Scaffold3046	24442	24498	57	*	Scaffold893	273493	273549	57	*
Scaffold304659	46	104	59	*	Scaffold1996	25264	25322	59	*
Scaffold304690	95	186	92	*	Scaffold1763	123823	123914	92	*
Scaffold304690	188	328	141	*	Scaffold1763	123681	123821	141	*
Scaffold304743	1	97	97	*	Scaffold198	603604	603700	97	*
Scaffold304743	185	244	60	*	Scaffold198	603457	603516	60	*
Scaffold304894	90	143	54	*	Scaffold1763	123823	123876	54	*
Scaffold3049	55768	55818	51	*	Scaffold1603	133092	133142	51	*
Scaffold3049	77547	77627	81	*	Scaffold1763	123823	123903	81	*
Scaffold304903	332	385	54	*	Scaffold132	651004	651057	54	*
Scaffold305	43898	43955	58	*	Scaffold127	590316	590373	58	*
Scaffold305	75135	75206	72	*	Scaffold127	550652	550723	72	*
Scaffold305	107649	107698	50	*	Scaffold127	534971	535020	50	*
Scaffold305	69832	69891	60	*	Scaffold127	553999	554058	60	*
Scaffold3050	9214	9267	54	*	Scaffold579	240671	240724	54	*
Scaffold3050	9030	9088	59	*	Scaffold579	240839	240897	59	*
Scaffold3051	58949	58998	50	*	Scaffold876	350305	350354	50	*
Scaffold3051	58949	58998	50	*	Scaffold876	353549	353598	50	*
Scaffold305256	2	103	102	*	Scaffold33	453162	453263	102	*
Scaffold305377	171	222	52	*	Scaffold184	404561	404612	52	*
Scaffold3055	27551	27613	63	*	Scaffold1527	43147	43209	63	*
Scaffold3056	55970	56044	75	*	Scaffold1031	39528	39602	75	*
Scaffold3056	55959	56014	56	*	Scaffold372	115230	115285	56	*
Scaffold3056	55959	56014	56	*	Scaffold372	140170	140225	56	*
Scaffold30560	195	267	73	*	Scaffold54	1058979	1059051	73	*
Scaffold305658	166	284	119	*	Scaffold2280	3270	3388	119	*
Scaffold3057	165728	165782	55	*	Scaffold375	647426	647480	55	*
Scaffold3057	63864	63935	72	*	Scaffold62	245011	245082	72	*
Scaffold305709	481	551	71	*	Scaffold1527	43333	43403	71	*
Scaffold3059	64011	64063	53	*	Scaffold220	101937	101989	53	*
Scaffold3059	24584	24658	75	*	Scaffold220	67131	67205	75	*
Scaffold3059	26668	26719	52	*	Scaffold220	69106	69157	52	*
Scaffold3059	82425	82487	63	*	Scaffold220	112452	112514	63	*
Scaffold3059	98873	98935	63	*	Scaffold220	133288	133350	63	*
Scaffold3059	24584	24658	75	*	Scaffold3461	70841	70915	75	*
Scaffold306	4643	4728	86	*	Scaffold322	687542	687627	86	*
Scaffold3062	37396	37461	66	*	Scaffold1441	96795	96860	66	*
Scaffold3065	91252	91311	60	*	Scaffold2014	27774	27833	60	*
Scaffold3065	91493	91558	66	*	Scaffold2014	27527	27592	66	*
Scaffold306578	1	83	83	*	Scaffold164	730339	730421	83	*
Scaffold3066	33422	33475	54	*	Scaffold1572	229091	229144	54	*
Scaffold3066	33444	33513	70	*	Scaffold339	351583	351652	70	*
Scaffold306633	240	292	53	*	Scaffold1206	93849	93901	53	*
Scaffold306633	125	177	53	*	Scaffold1206	93733	93785	53	*
Scaffold306633	242	310	69	*	Scaffold474	316132	316200	69	*
Scaffold306633	125	181	57	*	Scaffold696	198992	199048	57	*
Scaffold3068	62257	62313	57	*	Scaffold1696	273626	273682	57	*
Scaffold3068	41304	41355	52	*	Scaffold1696	297192	297243	52	*
Scaffold3069	102717	102802	86	*	Scaffold1213	154291	154376	86	*
Scaffold3069	77463	77516	54	*	Scaffold13	1009598	1009651	54	*
Scaffold3069	92525	92586	62	*	Scaffold13	1000334	1000395	62	*
Scaffold3069	74296	74347	52	*	Scaffold13	1012823	1012874	52	*
Scaffold3069	27607	27660	54	*	Scaffold142	993095	993148	54	*
Scaffold3069	28708	28758	51	*	Scaffold142	991997	992047	51	*
Scaffold306932	120	176	57	*	Scaffold1206	93970	94026	57	*
Scaffold306932	263	319	57	*	Scaffold1206	93827	93883	57	*
Scaffold307	32322	32450	129	*	Scaffold1763	123779	123907	129	*
Scaffold307	100758	100808	51	*	Scaffold1996	20708	20758	51	*
Scaffold307	100787	100847	61	*	Scaffold20315	536	596	61	*
Scaffold307	32410	32459	50	*	Scaffold3357	1597	1646	50	*
Scaffold307	121636	121685	50	*	Scaffold564	402287	402336	50	*
Scaffold307	58638	58692	55	*	Scaffold564	447903	447957	55	*
Scaffold307	88984	89053	70	*	Scaffold564	417880	417949	70	*
Scaffold307	47673	47725	53	*	Scaffold645	372934	372986	53	*
Scaffold307	46492	46547	56	*	Scaffold645	373727	373782	56	*
Scaffold307	54817	54909	93	*	Scaffold65	138837	138929	93	*
Scaffold307	54764	54815	52	*	Scaffold65	138931	138982	52	*
Scaffold307	121636	121685	50	*	Scaffold7973	2706	2755	50	*
Scaffold307046	353	407	55	*	Scaffold4579	1	55	55	*
Scaffold307321	6744	6793	50	*	Scaffold27542	178	227	50	*
Scaffold3076	337	400	64	*	Scaffold127	1110754	1110817	64	*
Scaffold3076	347	400	54	*	Scaffold1763	124017	124070	54	*
Scaffold3076	666	717	52	*	Scaffold1763	123695	123746	52	*
Scaffold3076	134	190	57	*	Scaffold228	554924	554980	57	*
Scaffold3076	21238	21290	53	*	Scaffold2280	3285	3337	53	*
Scaffold3076	132	197	66	*	Scaffold425	254876	254941	66	*
Scaffold307653	259	324	66	*	Scaffold5191	8247	8312	66	*
Scaffold3077	76673	76732	60	*	Scaffold338	829956	830015	60	*
Scaffold3077	83438	83507	70	*	Scaffold338	822765	822834	70	*
Scaffold3077	71560	71644	85	*	Scaffold338	836935	837019	85	*
Scaffold3077	42937	42987	51	*	Scaffold338	867805	867855	51	*
Scaffold3077	32950	33008	59	*	Scaffold338	901677	901735	59	*
Scaffold3077	32950	33008	59	*	Scaffold338	883672	883730	59	*
Scaffold3077	42859	42935	77	*	Scaffold338	867857	867933	77	*
Scaffold3078	43491	43546	56	*	Scaffold1763	123853	123908	56	*
Scaffold30808	2867	2935	69	*	Scaffold296	625507	625575	69	*
Scaffold3081	35098	35173	76	*	Scaffold38	469624	469699	76	*
Scaffold308402	570	631	62	*	Scaffold4111	19446	19507	62	*
Scaffold308402	200	260	61	*	Scaffold558	394142	394202	61	*
Scaffold308402	311	382	72	*	Scaffold558	394253	394324	72	*
Scaffold308440	148	205	58	*	Scaffold121	630706	630763	58	*
Scaffold308440	152	201	50	*	Scaffold2698	108545	108594	50	*
Scaffold308440	146	201	56	*	Scaffold316	77355	77410	56	*
Scaffold308440	149	201	53	*	Scaffold316	61115	61167	53	*
Scaffold308440	148	205	58	*	Scaffold3235	26857	26914	58	*
Scaffold308440	202	271	70	*	Scaffold345	913977	914046	70	*
Scaffold308440	150	205	56	*	Scaffold519	396192	396247	56	*
Scaffold308440	142	204	63	*	Scaffold817	192679	192741	63	*
Scaffold308452	548	604	57	*	Scaffold62	476184	476240	57	*
Scaffold3085	4935	4986	52	*	Scaffold138	184089	184140	52	*
Scaffold3089	93476	93536	61	*	Scaffold1049	85938	85998	61	*
Scaffold3089	86378	86429	52	*	Scaffold983	363678	363729	52	*
Scaffold3089	86378	86429	52	*	Scaffold983	408880	408931	52	*
Scaffold309046	328	394	67	*	Scaffold205	626932	626998	67	*
Scaffold309059	9	80	72	*	Scaffold159	192665	192736	72	*
Scaffold3091	52142	52191	50	*	Scaffold1158	113294	113343	50	*
Scaffold3094	70382	70454	73	*	Scaffold164	730268	730340	73	*
Scaffold3094	28383	28436	54	*	Scaffold585	164509	164562	54	*
Scaffold309452	6357	6409	53	*	Scaffold145	354707	354759	53	*
Scaffold3096	94730	94781	52	*	Scaffold1311	109075	109126	52	*
Scaffold3096	94814	94871	58	*	Scaffold1311	108985	109042	58	*
Scaffold3097	19397	19458	62	*	Scaffold2592	39955	40016	62	*
Scaffold3097	11799	11867	69	*	Scaffold2592	32232	32300	69	*
Scaffold3097	51124	51194	71	*	Scaffold2592	73268	73338	71	*
Scaffold3098	34767	34826	60	*	Scaffold803	30843	30902	60	*
Scaffold3098	72034	72083	50	*	Scaffold803	7063	7112	50	*
Scaffold309880	7542	7603	62	*	Scaffold320	169782	169843	62	*
Scaffold309880	4708	4763	56	*	Scaffold320	171949	172004	56	*
Scaffold309880	7771	7830	60	*	Scaffold320	169572	169631	60	*
Scaffold310	43384	43436	53	*	Scaffold10	1868656	1868708	53	*
Scaffold310	66707	66772	66	*	Scaffold10	1888736	1888801	66	*
Scaffold310	98022	98117	96	*	Scaffold10	1907723	1907818	96	*
Scaffold310	31179	31309	131	*	Scaffold10	1859372	1859502	131	*
Scaffold310	39842	39937	96	*	Scaffold10	1865319	1865414	96	*
Scaffold310	62090	62140	51	*	Scaffold10	1883706	1883756	51	*
Scaffold310	66906	66983	78	*	Scaffold10	1888938	1889015	78	*
Scaffold310	30398	30470	73	*	Scaffold10	1858353	1858425	73	*
Scaffold310	100948	101010	63	*	Scaffold10	1910711	1910773	63	*
Scaffold310	70724	70779	56	*	Scaffold10	1892649	1892704	56	*
Scaffold310	29419	29491	73	*	Scaffold10	1858353	1858425	73	*
Scaffold310	101012	101069	58	*	Scaffold10	1910775	1910832	58	*
Scaffold310	6093	6149	57	*	Scaffold10	1836643	1836699	57	*
Scaffold310	53832	53894	63	*	Scaffold10	1876030	1876092	63	*
Scaffold310	15274	15331	58	*	Scaffold10	1845847	1845904	58	*
Scaffold310	129774	129825	52	*	Scaffold10	1933512	1933563	52	*
Scaffold310	55738	55802	65	*	Scaffold10	1877918	1877982	65	*
Scaffold310	64913	64978	66	*	Scaffold10	1886797	1886862	66	*
Scaffold310	56613	56666	54	*	Scaffold10	1878906	1878959	54	*
Scaffold310	9867	9916	50	*	Scaffold10	1840130	1840179	50	*
Scaffold310	59900	60024	125	*	Scaffold10	1881698	1881822	125	*
Scaffold310	88897	88947	51	*	Scaffold10	1903356	1903406	51	*
Scaffold310	20808	20865	58	*	Scaffold10	1851579	1851636	58	*
Scaffold310	101111	101203	93	*	Scaffold10	1910874	1910966	93	*
Scaffold310	5847	5901	55	*	Scaffold10	1836392	1836446	55	*
Scaffold310	8597	8676	80	*	Scaffold10	1839155	1839234	80	*
Scaffold310	49525	49584	60	*	Scaffold10	1873250	1873309	60	*
Scaffold310	63659	63712	54	*	Scaffold10	1885723	1885776	54	*
Scaffold310	9940	9989	50	*	Scaffold10	1840203	1840252	50	*
Scaffold310	151694	151755	62	*	Scaffold470	293456	293517	62	*
Scaffold310	29419	29491	73	*	Scaffold8033	74	146	73	*
Scaffold310049	6307	6357	51	*	Scaffold3132	57155	57205	51	*
Scaffold31019	2072	2138	67	*	Scaffold55	1296157	1296223	67	*
Scaffold3104	31435	31486	52	*	Scaffold1446	122211	122262	52	*
Scaffold3104	28279	28337	59	*	Scaffold1446	131616	131674	59	*
Scaffold3104	23331	23383	53	*	Scaffold1446	140042	140094	53	*
Scaffold3104	29866	29958	93	*	Scaffold1446	123601	123693	93	*
Scaffold3104	31435	31486	52	*	Scaffold1668	156243	156294	52	*
Scaffold310476	409	463	55	*	Scaffold86	197571	197625	55	*
Scaffold310476	343	392	50	*	Scaffold86	197642	197691	50	*
Scaffold310540	44	95	52	*	Scaffold881	195572	195623	52	*
Scaffold31055	7832	7896	65	*	Scaffold18513	482	546	65	*
Scaffold3106	40100	40149	50	*	Scaffold313	577889	577938	50	*
Scaffold3107	12037	12086	50	*	Scaffold477	376890	376939	50	*
Scaffold3107	27044	27095	52	*	Scaffold477	365746	365797	52	*
Scaffold310824	302	352	51	*	Scaffold5224	7105	7155	51	*
Scaffold311	118990	119062	73	*	Scaffold77	938933	939005	73	*
Scaffold311	61869	61920	52	*	Scaffold77	878900	878951	52	*
Scaffold311	64245	64316	72	*	Scaffold77	881123	881194	72	*
Scaffold3113	30417	30469	53	*	Scaffold551	197392	197444	53	*
Scaffold3113	23273	23326	54	*	Scaffold551	201928	201981	54	*
Scaffold3113	23666	23721	56	*	Scaffold551	201527	201582	56	*
Scaffold3113	76985	77035	51	*	Scaffold551	164899	164949	51	*
Scaffold3113	90207	90258	52	*	Scaffold551	153931	153982	52	*
Scaffold3116	24057	24123	67	*	Scaffold96	335692	335758	67	*
Scaffold311612	14	76	63	*	Scaffold2768	2047	2109	63	*
Scaffold3117	17340	17439	100	*	Scaffold558	389793	389892	100	*
Scaffold3117	13771	13828	58	*	Scaffold749	140898	140955	58	*
Scaffold312	60658	60732	75	*	Scaffold198	603600	603674	75	*
Scaffold312	60806	60875	70	*	Scaffold198	603456	603525	70	*
Scaffold312	60813	60867	55	*	Scaffold407	44648	44702	55	*
Scaffold3125	87724	87779	56	*	Scaffold1527	43507	43562	56	*
Scaffold3125	87587	87651	65	*	Scaffold1527	43370	43434	65	*
Scaffold3125	21652	21741	90	*	Scaffold2501	52778	52867	90	*
Scaffold3125	21890	21950	61	*	Scaffold2501	53009	53069	61	*
Scaffold3125	87559	87621	63	*	Scaffold366	140014	140076	63	*
Scaffold3126	25731	25784	54	*	Scaffold1105	170045	170098	54	*
Scaffold3126	1	56	56	*	Scaffold134	777678	777733	56	*
Scaffold3126	1	56	56	*	Scaffold1604	120075	120130	56	*
Scaffold3126	3	61	59	*	Scaffold91	685486	685544	59	*
Scaffold312606	32	103	72	*	Scaffold749	140875	140946	72	*
Scaffold312719	80	146	67	*	Scaffold198	603626	603692	67	*
Scaffold312719	148	209	62	*	Scaffold198	603563	603624	62	*
Scaffold3129	9463	9523	61	*	Scaffold256	169077	169137	61	*
Scaffold3130	20542	20607	66	*	Scaffold2014	14745	14810	66	*
Scaffold313022	1363	1420	58	*	Scaffold1159	50232	50289	58	*
Scaffold313022	1368	1423	56	*	Scaffold11723	1273	1328	56	*
Scaffold313022	1368	1437	70	*	Scaffold322	326972	327041	70	*
Scaffold313022	1373	1431	59	*	Scaffold693	245652	245710	59	*
Scaffold313232	136	194	59	*	Scaffold2418	54019	54077	59	*
Scaffold313506	2	66	65	*	Scaffold3887	6807	6871	65	*
Scaffold313506	1	63	63	*	Scaffold597	160699	160761	63	*
Scaffold313506	1	58	58	*	Scaffold748	49545	49602	58	*
Scaffold313506	1	65	65	*	Scaffold75	440977	441041	65	*
Scaffold3139	29231	29289	59	*	Scaffold310	230592	230650	59	*
Scaffold3139	106474	106539	66	*	Scaffold494	242344	242409	66	*
Scaffold3139	7375	7441	67	*	Scaffold749	140889	140955	67	*
Scaffold3139	7520	7586	67	*	Scaffold749	140742	140808	67	*
Scaffold31391	6038	6093	56	*	Scaffold688	11392	11447	56	*
Scaffold313946	1	56	56	*	Scaffold68	894708	894763	56	*
Scaffold314007	187	277	91	*	Scaffold325	341516	341606	91	*
Scaffold314021	83	139	57	*	Scaffold5224	7003	7059	57	*
Scaffold3143	50160	50234	75	*	Scaffold2263	57371	57445	75	*
Scaffold31444	1	168	168	*	Scaffold360	111935	112102	168	*
Scaffold3146	25825	25874	50	*	Scaffold2336	95350	95399	50	*
Scaffold314603	121	214	94	*	Scaffold3112	32364	32457	94	*
Scaffold31464	2303	2361	59	*	Scaffold1105	169945	170003	59	*
Scaffold314764	274	324	51	*	Scaffold5191	8318	8368	51	*
Scaffold314764	152	219	68	*	Scaffold5191	8425	8492	68	*
Scaffold3148	1712	1766	55	*	Scaffold11	78851	78905	55	*
Scaffold3148	1705	1772	68	*	Scaffold119	671933	672000	68	*
Scaffold3148	1693	1772	80	*	Scaffold1207	322252	322331	80	*
Scaffold3148	1679	1753	75	*	Scaffold1223	208323	208397	75	*
Scaffold3148	1684	1753	70	*	Scaffold202	469045	469114	70	*
Scaffold3148	1703	1760	58	*	Scaffold3448	22942	22999	58	*
Scaffold3148	1675	1772	98	*	Scaffold4523	6605	6702	98	*
Scaffold3148	1676	1735	60	*	Scaffold539	224513	224572	60	*
Scaffold3148	1676	1772	97	*	Scaffold676	12208	12304	97	*
Scaffold3148	1672	1732	61	*	Scaffold71	65652	65712	61	*
Scaffold3150	5053	5156	104	*	Scaffold1302	132593	132696	104	*
Scaffold3150	41275	41352	78	*	Scaffold1415	90290	90367	78	*
Scaffold3150	41295	41351	57	*	Scaffold1649	106632	106688	57	*
Scaffold3150	7381	7455	75	*	Scaffold278	166297	166371	75	*
Scaffold3150	41254	41461	208	*	Scaffold5191	8260	8467	208	*
Scaffold3151	44507	44566	60	*	Scaffold142	769286	769345	60	*
Scaffold3151	54624	54680	57	*	Scaffold142	758050	758106	57	*
Scaffold3151	31044	31095	52	*	Scaffold142	781714	781765	52	*
Scaffold315168	79	152	74	*	Scaffold114	1137662	1137735	74	*
Scaffold315543	33	119	87	*	Scaffold69	694613	694699	87	*
Scaffold3156	73725	73775	51	*	Scaffold1896	103556	103606	51	*
Scaffold315624	688	740	53	*	Scaffold602	68016	68068	53	*
Scaffold3159	61821	61874	54	*	Scaffold1726	92460	92513	54	*
Scaffold3159	472	556	85	*	Scaffold1726	131075	131159	85	*
Scaffold3159	61821	61874	54	*	Scaffold1726	94100	94153	54	*
Scaffold315903	129	182	54	*	Scaffold2401	28774	28827	54	*
Scaffold31599	8595	8648	54	*	Scaffold993	188996	189049	54	*
Scaffold31599	10308	10361	54	*	Scaffold993	187818	187871	54	*
Scaffold316044	5	59	55	*	Scaffold1321	5092	5146	55	*
Scaffold3161	39946	39997	52	*	Scaffold1354	37633	37684	52	*
Scaffold3161	23292	23345	54	*	Scaffold1354	50035	50088	54	*
Scaffold3161	75028	75194	167	*	Scaffold1763	123704	123870	167	*
Scaffold3161	18811	18906	96	*	Scaffold198	603626	603721	96	*
Scaffold3161	52774	52828	55	*	Scaffold3833	9546	9600	55	*
Scaffold3161	18836	18916	81	*	Scaffold50	206044	206124	81	*
Scaffold3161	63267	63320	54	*	Scaffold79	375671	375724	54	*
Scaffold3161	18845	18898	54	*	Scaffold831	18540	18593	54	*
Scaffold31610	504	566	63	*	Scaffold303	240179	240241	63	*
Scaffold316209	27	79	53	*	Scaffold564	309995	310047	53	*
Scaffold316372	374	450	77	*	Scaffold1527	43123	43199	77	*
Scaffold316372	276	331	56	*	Scaffold1527	43241	43296	56	*
Scaffold316475	45	101	57	*	Scaffold107	251817	251873	57	*
Scaffold316475	35	86	52	*	Scaffold1293	87008	87059	52	*
Scaffold316475	45	95	51	*	Scaffold142	735883	735933	51	*
Scaffold316475	32	97	66	*	Scaffold154	600939	601004	66	*
Scaffold316475	37	95	59	*	Scaffold1609	72223	72281	59	*
Scaffold316475	43	94	52	*	Scaffold1640	111107	111158	52	*
Scaffold316475	32	96	65	*	Scaffold194	36853	36917	65	*
Scaffold316475	34	87	54	*	Scaffold197	112905	112958	54	*
Scaffold316475	64	117	54	*	Scaffold280	119759	119812	54	*
Scaffold316475	34	94	61	*	Scaffold3297	7572	7632	61	*
Scaffold316475	33	100	68	*	Scaffold336	122431	122498	68	*
Scaffold316475	34	83	50	*	Scaffold364	389826	389875	50	*
Scaffold316475	64	113	50	*	Scaffold418	219426	219475	50	*
Scaffold316475	47	115	69	*	Scaffold5	1005228	1005296	69	*
Scaffold316475	31	84	54	*	Scaffold517	347797	347850	54	*
Scaffold316475	48	97	50	*	Scaffold673	137692	137741	50	*
Scaffold316475	45	98	54	*	Scaffold753	393821	393874	54	*
Scaffold316475	8	85	78	*	Scaffold896	139051	139128	78	*
Scaffold3167	34925	35002	78	*	Scaffold688	11391	11468	78	*
Scaffold316883	26	89	64	*	Scaffold1015	148644	148707	64	*
Scaffold316883	5	92	88	*	Scaffold17042	989	1076	88	*
Scaffold316883	2	84	83	*	Scaffold591	366811	366893	83	*
Scaffold316883	4	96	93	*	Scaffold93	190707	190799	93	*
Scaffold316981	118	170	53	*	Scaffold913	110669	110721	53	*
Scaffold3170	523	587	65	*	Scaffold2354	65028	65092	65	*
Scaffold317036	88	137	50	*	Scaffold154	429277	429326	50	*
Scaffold31719	6050	6105	56	*	Scaffold165	382828	382883	56	*
Scaffold31719	4094	4149	56	*	Scaffold165	382828	382883	56	*
Scaffold317584	88	153	66	*	Scaffold114	39704	39769	66	*
Scaffold317584	90	156	67	*	Scaffold1239	56148	56214	67	*
Scaffold317584	79	142	64	*	Scaffold1706	70640	70703	64	*
Scaffold3177	325	389	65	*	Scaffold411	299337	299401	65	*
Scaffold317765	10	81	72	*	Scaffold389	687761	687832	72	*
Scaffold3179	94019	94076	58	*	Scaffold498	324118	324175	58	*
Scaffold3179	94019	94076	58	*	Scaffold498	318736	318793	58	*
Scaffold31791	1	82	82	*	Scaffold1912	6617	6698	82	*
Scaffold318	70228	70287	60	*	Scaffold8394	1139	1198	60	*
Scaffold3180	69609	69658	50	*	Scaffold1188	106046	106095	50	*
Scaffold3180	61238	61307	70	*	Scaffold3112	32327	32396	70	*
Scaffold318210	268	348	81	*	Scaffold397	286031	286111	81	*
Scaffold3183	5399	5456	58	*	Scaffold328	414841	414898	58	*
Scaffold3183	5396	5451	56	*	Scaffold95	1321534	1321589	56	*
Scaffold318304	89	152	64	*	Scaffold161	223628	223691	64	*
Scaffold318413	1	68	68	*	Scaffold164	730351	730418	68	*
Scaffold3185	25121	25170	50	*	Scaffold627	278570	278619	50	*
Scaffold318514	268	322	55	*	Scaffold110	895427	895481	55	*
Scaffold31854	142	196	55	*	Scaffold340	680406	680460	55	*
Scaffold3189	37036	37089	54	*	Scaffold1031	39357	39410	54	*
Scaffold31928	4817	4890	74	*	Scaffold17	468463	468536	74	*
Scaffold319299	10	67	58	*	Scaffold1871	113393	113450	58	*
Scaffold319361	105	158	54	*	Scaffold57	1487938	1487991	54	*
Scaffold3194	73390	73448	59	*	Scaffold1156	213293	213351	59	*
Scaffold319456	83	133	51	*	Scaffold529	376684	376734	51	*
Scaffold3195	14683	14737	55	*	Scaffold1206	94037	94091	55	*
Scaffold3195	43166	43223	58	*	Scaffold152	121047	121104	58	*
Scaffold3195	43289	43388	100	*	Scaffold360	111948	112047	100	*
Scaffold3195	43313	43371	59	*	Scaffold893	2851	2909	59	*
Scaffold319544	1	117	117	*	Scaffold2782	105399	105515	117	*
Scaffold31961	151	206	56	*	Scaffold1207	297861	297916	56	*
Scaffold3198	71238	71289	52	*	Scaffold289	16696	16747	52	*
Scaffold319859	91	145	55	*	Scaffold62	1071854	1071908	55	*
Scaffold320	83483	83546	64	*	Scaffold103	411026	411089	64	*
Scaffold320	169158	169207	50	*	Scaffold5191	7848	7897	50	*
Scaffold320	168942	168994	53	*	Scaffold5191	7622	7674	53	*
Scaffold320031	9	78	70	*	Scaffold310	230411	230480	70	*
Scaffold3202	14816	14866	51	*	Scaffold27542	126	176	51	*
Scaffold3203	37920	37969	50	*	Scaffold123	693050	693099	50	*
Scaffold3203	61321	61384	64	*	Scaffold1302	132419	132482	64	*
Scaffold3203	59119	59168	50	*	Scaffold4	1587735	1587784	50	*
Scaffold3203	58817	58881	65	*	Scaffold4	1588670	1588734	65	*
Scaffold3204	44622	44677	56	*	Scaffold1440	96568	96623	56	*
Scaffold3204	74716	74784	69	*	Scaffold1440	68044	68112	69	*
Scaffold3204	82387	82439	53	*	Scaffold1440	58297	58349	53	*
Scaffold3204	47798	47849	52	*	Scaffold1440	93434	93485	52	*
Scaffold3205	30223	30276	54	*	Scaffold23445	314	367	54	*
Scaffold3205	30223	30279	57	*	Scaffold317	451598	451654	57	*
Scaffold3205	30223	30282	60	*	Scaffold65	506242	506301	60	*
Scaffold320576	35	95	61	*	Scaffold100	4183	4243	61	*
Scaffold3206	10733	10821	89	*	Scaffold636	557931	558019	89	*
Scaffold3207	43039	43088	50	*	Scaffold198	498519	498568	50	*
Scaffold3207	43039	43088	50	*	Scaffold3917	3322	3371	50	*
Scaffold320771	1908	1965	58	*	Scaffold1397	57353	57410	58	*
Scaffold320777	224	275	52	*	Scaffold296	625524	625575	52	*
Scaffold321	38375	38447	73	*	Scaffold188	54613	54685	73	*
Scaffold321	48983	49040	58	*	Scaffold188	62600	62657	58	*
Scaffold321	40331	40403	73	*	Scaffold188	54613	54685	73	*
Scaffold321064	87	156	70	*	Scaffold73	10931	11000	70	*
Scaffold321077	394	452	59	*	Scaffold5656	171	229	59	*
Scaffold321155	23	115	93	*	Scaffold114	39512	39604	93	*
Scaffold321204	53	108	56	*	Scaffold413	8572	8627	56	*
Scaffold321298	169	223	55	*	Scaffold1069	135717	135771	55	*
Scaffold321298	153	206	54	*	Scaffold238	698925	698978	54	*
Scaffold321539	933	982	50	*	Scaffold69	712324	712373	50	*
Scaffold321744	452	503	52	*	Scaffold25913	341	392	52	*
Scaffold321744	453	508	56	*	Scaffold995	244215	244270	56	*
Scaffold3219	58947	59002	56	*	Scaffold1168	101490	101545	56	*
Scaffold3219	1758	1809	52	*	Scaffold605	365700	365751	52	*
Scaffold32207	1077	1129	53	*	Scaffold345	913992	914044	53	*
Scaffold322157	96	146	51	*	Scaffold246	323368	323418	51	*
Scaffold3223	44165	44316	152	*	Scaffold19357	271	422	152	*
Scaffold3223	44165	44273	109	*	Scaffold2760	34022	34130	109	*
Scaffold3223	44165	44311	147	*	Scaffold85	534439	534585	147	*
Scaffold32231	3337	3413	77	*	Scaffold1	933288	933364	77	*
Scaffold32231	3353	3414	62	*	Scaffold162	183459	183520	62	*
Scaffold32231	3344	3412	69	*	Scaffold2445	293170	293238	69	*
Scaffold32231	3349	3417	69	*	Scaffold275	510527	510595	69	*
Scaffold322434	31	91	61	*	Scaffold5731	1261	1321	61	*
Scaffold322492	43	92	50	*	Scaffold1223	64331	64380	50	*
Scaffold3225	109455	109504	50	*	Scaffold1125	277488	277537	50	*
Scaffold3225	109500	109549	50	*	Scaffold1350	111329	111378	50	*
Scaffold3225	109391	109441	51	*	Scaffold1412	88337	88387	51	*
Scaffold3225	112570	112623	54	*	Scaffold1609	15942	15995	54	*
Scaffold3225	112562	112611	50	*	Scaffold1746	5924	5973	50	*
Scaffold3225	109951	110011	61	*	Scaffold1998	39604	39664	61	*
Scaffold3225	111945	111994	50	*	Scaffold2280	2604	2653	50	*
Scaffold3225	110450	110506	57	*	Scaffold2280	3332	3388	57	*
Scaffold3225	112560	112619	60	*	Scaffold2280	445	504	60	*
Scaffold3225	113827	113876	50	*	Scaffold285	123102	123151	50	*
Scaffold3225	109446	109503	58	*	Scaffold400	440718	440775	58	*
Scaffold3225	109365	109416	52	*	Scaffold400	440637	440688	52	*
Scaffold3225	112779	112840	62	*	Scaffold529	376672	376733	62	*
Scaffold3225	112583	112637	55	*	Scaffold629	208337	208391	55	*
Scaffold3225	112194	112244	51	*	Scaffold674	388968	389018	51	*
Scaffold3225	54106	54160	55	*	Scaffold79	375188	375242	55	*
Scaffold322577	26	79	54	*	Scaffold101	207521	207574	54	*
Scaffold322577	25	79	55	*	Scaffold1461	209625	209679	55	*
Scaffold322577	26	79	54	*	Scaffold2709	34004	34057	54	*
Scaffold322577	26	82	57	*	Scaffold945	286473	286529	57	*
Scaffold3228	19350	19418	69	*	Scaffold1117	212420	212488	69	*
Scaffold3228	19459	19528	70	*	Scaffold1117	212310	212379	70	*
Scaffold3228	19241	19298	58	*	Scaffold1117	212540	212597	58	*
Scaffold3228	23549	23604	56	*	Scaffold8	389268	389323	56	*
Scaffold323	154729	154790	62	*	Scaffold119	404730	404791	62	*
Scaffold323	154729	154790	62	*	Scaffold119	408186	408247	62	*
Scaffold323	40571	40637	67	*	Scaffold69	694696	694762	67	*
Scaffold3232	39353	39435	83	*	Scaffold5191	8428	8510	83	*
Scaffold3232	39361	39410	50	*	Scaffold698	76918	76967	50	*
Scaffold32329	72	131	60	*	Scaffold2280	3249	3308	60	*
Scaffold32329	165	217	53	*	Scaffold2280	3343	3395	53	*
Scaffold3233	18920	18980	61	*	Scaffold1046	59937	59997	61	*
Scaffold3233	81445	81506	62	*	Scaffold1140	110470	110531	62	*
Scaffold3233	85565	85624	60	*	Scaffold1140	110470	110529	60	*
Scaffold3233	35846	35992	147	*	Scaffold1140	74695	74841	147	*
Scaffold3233	81445	81506	62	*	Scaffold1540	171976	172037	62	*
Scaffold3233	19226	19301	76	*	Scaffold3112	32489	32564	76	*
Scaffold3233	18876	18973	98	*	Scaffold3112	32351	32448	98	*
Scaffold3233	18957	19019	63	*	Scaffold332	71820	71882	63	*
Scaffold3235	92756	92845	90	*	Scaffold607	259458	259547	90	*
Scaffold3235	21620	21677	58	*	Scaffold607	309436	309493	58	*
Scaffold3239	16407	16456	50	*	Scaffold765	296271	296320	50	*
Scaffold324	126005	126058	54	*	Scaffold1213	139539	139592	54	*
Scaffold324	126005	126058	54	*	Scaffold3592	6682	6735	54	*
Scaffold3243	27715	27776	62	*	Scaffold18208	613	674	62	*
Scaffold3243	53768	53836	69	*	Scaffold28	585930	585998	69	*
Scaffold3245	45881	45936	56	*	Scaffold1717	43564	43619	56	*
Scaffold3245	45225	45274	50	*	Scaffold1717	43117	43166	50	*
Scaffold325	59506	59560	55	*	Scaffold2768	2138	2192	55	*
Scaffold325	58726	58777	52	*	Scaffold2768	1857	1908	52	*
Scaffold325	32247	32296	50	*	Scaffold911	152917	152966	50	*
Scaffold325	30108	30158	51	*	Scaffold911	155032	155082	51	*
Scaffold325	15811	15863	53	*	Scaffold911	163465	163517	53	*
Scaffold325	30017	30073	57	*	Scaffold911	155117	155173	57	*
Scaffold325	30193	30243	51	*	Scaffold911	154948	154998	51	*
Scaffold325	31154	31218	65	*	Scaffold911	153996	154060	65	*
Scaffold3258	15050	15111	62	*	Scaffold52	800008	800069	62	*
Scaffold326	126107	126156	50	*	Scaffold1051	71964	72013	50	*
Scaffold326	105196	105266	71	*	Scaffold526	208741	208811	71	*
Scaffold3260	1135	1206	72	*	Scaffold688	11391	11462	72	*
Scaffold32619	6064	6130	67	*	Scaffold63	182782	182848	67	*
Scaffold3263	54653	54714	62	*	Scaffold329	564143	564204	62	*
Scaffold3263	78027	78091	65	*	Scaffold329	578685	578749	65	*
Scaffold3263	53293	53353	61	*	Scaffold329	562662	562722	61	*
Scaffold32658	3301	3361	61	*	Scaffold2411	14442	14502	61	*
Scaffold32658	3301	3361	61	*	Scaffold2671	53979	54039	61	*
Scaffold327	25800	25857	58	*	Scaffold110	411765	411822	58	*
Scaffold327	25781	25864	84	*	Scaffold186	821081	821164	84	*
Scaffold327	25756	25813	58	*	Scaffold470	293548	293605	58	*
Scaffold3270	30031	30087	57	*	Scaffold218	564908	564964	57	*
Scaffold3270	30031	30088	58	*	Scaffold218	578699	578756	58	*
Scaffold32704	7490	7549	60	*	Scaffold99	418893	418952	60	*
Scaffold3274	79404	79454	51	*	Scaffold359	172072	172122	51	*
Scaffold3274	79408	79463	56	*	Scaffold80	683961	684016	56	*
Scaffold3274	78598	78647	50	*	Scaffold80	684158	684207	50	*
Scaffold3274	79484	79536	53	*	Scaffold80	683889	683941	53	*
Scaffold3274	78566	78626	61	*	Scaffold840	218307	218367	61	*
Scaffold32768	4440	4547	108	*	Scaffold198	603614	603721	108	*
Scaffold3277	62618	62693	76	*	Scaffold688	11390	11465	76	*
Scaffold3280	4392	4456	65	*	Scaffold632	457257	457321	65	*
Scaffold3281	17693	17743	51	*	Scaffold1441	83662	83712	51	*
Scaffold3281	17693	17744	52	*	Scaffold216	104146	104197	52	*
Scaffold32832	497	589	93	*	Scaffold1108	71230	71322	93	*
Scaffold32832	628	686	59	*	Scaffold1108	71132	71190	59	*
Scaffold32832	602	670	69	*	Scaffold152	671495	671563	69	*
Scaffold32832	511	579	69	*	Scaffold1544	63388	63456	69	*
Scaffold32832	602	660	59	*	Scaffold5815	1	59	59	*
Scaffold3288	54323	54383	61	*	Scaffold745	393937	393997	61	*
Scaffold3289	29164	29217	54	*	Scaffold347	39985	40038	54	*
Scaffold330	19951	20013	63	*	Scaffold296	625318	625380	63	*
Scaffold3300	5729	5787	59	*	Scaffold764	63187	63245	59	*
Scaffold3302	6001	6065	65	*	Scaffold73	10968	11032	65	*
Scaffold3305	18814	18874	61	*	Scaffold802	379702	379762	61	*
Scaffold33052	2151	2200	50	*	Scaffold18	332599	332648	50	*
Scaffold331	94046	94105	60	*	Scaffold177	452800	452859	60	*
Scaffold331	95327	95391	65	*	Scaffold177	454447	454511	65	*
Scaffold331	66095	66157	63	*	Scaffold177	437053	437115	63	*
Scaffold33131	1366	1432	67	*	Scaffold22412	178	244	67	*
Scaffold33131	1366	1452	87	*	Scaffold688	11420	11506	87	*
Scaffold3314	58687	58758	72	*	Scaffold113	356439	356510	72	*
Scaffold3314	7119	7179	61	*	Scaffold69	501236	501296	61	*
Scaffold332	48439	48518	80	*	Scaffold421	423868	423947	80	*
Scaffold332	48670	48719	50	*	Scaffold421	423673	423722	50	*
Scaffold33203	4575	4627	53	*	Scaffold305	508644	508696	53	*
Scaffold33304	3440	3489	50	*	Scaffold349	377391	377440	50	*
Scaffold33307	51	116	66	*	Scaffold2101	54171	54236	66	*
Scaffold33336	1080	1150	71	*	Scaffold1668	238942	239012	71	*
Scaffold33352	1646	1711	66	*	Scaffold186	285481	285546	66	*
Scaffold33366	7827	7877	51	*	Scaffold1763	124319	124369	51	*
Scaffold33366	7070	7188	119	*	Scaffold1763	123713	123831	119	*
Scaffold33366	7323	7373	51	*	Scaffold1763	123952	124002	51	*
Scaffold33366	7067	7145	79	*	Scaffold389	687763	687841	79	*
Scaffold33366	7132	7183	52	*	Scaffold4	1665850	1665901	52	*
Scaffold33366	21155	21205	51	*	Scaffold4024	1744	1794	51	*
Scaffold33366	21155	21205	51	*	Scaffold636	215259	215309	51	*
Scaffold33366	4843	4904	62	*	Scaffold636	234137	234198	62	*
Scaffold33366	14494	14545	52	*	Scaffold636	223539	223590	52	*
Scaffold334	23429	23491	63	*	Scaffold189	550548	550610	63	*
Scaffold334	3006	3064	59	*	Scaffold189	534449	534507	59	*
Scaffold334	22078	22164	87	*	Scaffold189	549117	549203	87	*
Scaffold334	23860	23922	63	*	Scaffold189	550969	551031	63	*
Scaffold334	53978	54038	61	*	Scaffold189	567469	567529	61	*
Scaffold334	53978	54038	61	*	Scaffold7709	31183	31243	61	*
Scaffold334	23429	23491	63	*	Scaffold7709	11891	11953	63	*
Scaffold334	22078	22164	87	*	Scaffold7709	10460	10546	87	*
Scaffold334	23860	23922	63	*	Scaffold7709	12312	12374	63	*
Scaffold3344	41406	41463	58	*	Scaffold1527	43370	43427	58	*
Scaffold3344	41465	41536	72	*	Scaffold1527	43429	43500	72	*
Scaffold3349	55906	55957	52	*	Scaffold13	871802	871853	52	*
Scaffold3349	56158	56225	68	*	Scaffold507	187846	187913	68	*
Scaffold3349	55898	55957	60	*	Scaffold87	903141	903200	60	*
Scaffold3349	56161	56225	65	*	Scaffold87	903046	903110	65	*
Scaffold33495	349	399	51	*	Scaffold1483	59003	59053	51	*
Scaffold33495	351	420	70	*	Scaffold1746	154826	154895	70	*
Scaffold33495	354	418	65	*	Scaffold2530	28824	28888	65	*
Scaffold33495	362	413	52	*	Scaffold3016	14592	14643	52	*
Scaffold33495	362	425	64	*	Scaffold321	87728	87791	64	*
Scaffold33495	362	421	60	*	Scaffold616	438048	438107	60	*
Scaffold33495	349	417	69	*	Scaffold82	425531	425599	69	*
Scaffold335	89774	89878	105	*	Scaffold50	215035	215139	105	*
Scaffold335	92731	92804	74	*	Scaffold50	212021	212094	74	*
Scaffold335	55782	55843	62	*	Scaffold50	243379	243440	62	*
Scaffold335	79390	79461	72	*	Scaffold50	227061	227132	72	*
Scaffold335	90840	90904	65	*	Scaffold50	214004	214068	65	*
Scaffold335	82551	82610	60	*	Scaffold50	224460	224519	60	*
Scaffold335	74662	74731	70	*	Scaffold50	229646	229715	70	*
Scaffold335	89673	89753	81	*	Scaffold50	215160	215240	81	*
Scaffold335	79464	79514	51	*	Scaffold50	227010	227060	51	*
Scaffold335	110956	111024	69	*	Scaffold50	198699	198767	69	*
Scaffold33523	2234	2300	67	*	Scaffold990	29025	29091	67	*
Scaffold3358	9559	9613	55	*	Scaffold1763	124315	124369	55	*
Scaffold3367	21597	21646	50	*	Scaffold1785	122222	122271	50	*
Scaffold337	136096	136155	60	*	Scaffold173	557	616	60	*
Scaffold337	136095	136150	56	*	Scaffold378	393270	393325	56	*
Scaffold33708	14927	14977	51	*	Scaffold2077	176738	176788	51	*
Scaffold3372	5999	6051	53	*	Scaffold1158	178520	178572	53	*
Scaffold3372	5997	6060	64	*	Scaffold406	553740	553803	64	*
Scaffold3372	6003	6057	55	*	Scaffold709	154240	154294	55	*
Scaffold3373	12341	12390	50	*	Scaffold899	365520	365569	50	*
Scaffold33745	520	580	61	*	Scaffold5191	7848	7908	61	*
Scaffold3379	4858	4931	74	*	Scaffold65	779104	779177	74	*
Scaffold3379	4802	4856	55	*	Scaffold65	779048	779102	55	*
Scaffold338	57364	57415	52	*	Scaffold816	65513	65564	52	*
Scaffold338	47828	47881	54	*	Scaffold816	59646	59699	54	*
Scaffold338	51161	51259	99	*	Scaffold816	63351	63449	99	*
Scaffold338	58687	58738	52	*	Scaffold816	65513	65564	52	*
Scaffold338	62963	63042	80	*	Scaffold816	67689	67768	80	*
Scaffold338	73982	74037	56	*	Scaffold816	75363	75418	56	*
Scaffold3383	18721	18785	65	*	Scaffold770	88945	89009	65	*
Scaffold3384	14419	14489	71	*	Scaffold7270	1580	1650	71	*
Scaffold3389	7951	8007	57	*	Scaffold29196	485	541	57	*
Scaffold339	51736	51792	57	*	Scaffold551	85255	85311	57	*
Scaffold3392	4412	4472	61	*	Scaffold1081	150083	150143	61	*
Scaffold3392	4473	4568	96	*	Scaffold1081	150145	150240	96	*
Scaffold3392	33116	33184	69	*	Scaffold504	526104	526172	69	*
Scaffold3393	43409	43496	88	*	Scaffold704	563289	563376	88	*
Scaffold3393	118338	118396	59	*	Scaffold704	627758	627816	59	*
Scaffold3393	30891	30949	59	*	Scaffold704	551878	551936	59	*
Scaffold3393	26455	26538	84	*	Scaffold704	547607	547690	84	*
Scaffold3393	106734	106788	55	*	Scaffold704	616465	616519	55	*
Scaffold3393	77715	77777	63	*	Scaffold704	588894	588956	63	*
Scaffold3393	31748	31846	99	*	Scaffold704	552556	552654	99	*
Scaffold3393	43238	43326	89	*	Scaffold704	563119	563207	89	*
Scaffold3393	87355	87443	89	*	Scaffold704	597955	598043	89	*
Scaffold3393	91368	91418	51	*	Scaffold704	602235	602285	51	*
Scaffold3393	107097	107228	132	*	Scaffold704	616818	616949	132	*
Scaffold3393	91648	91698	51	*	Scaffold704	602521	602571	51	*
Scaffold3393	31654	31707	54	*	Scaffold704	552461	552514	54	*
Scaffold3393	117130	117232	103	*	Scaffold704	626560	626662	103	*
Scaffold3393	92915	92990	76	*	Scaffold704	603784	603859	76	*
Scaffold3393	66796	66855	60	*	Scaffold704	583535	583594	60	*
Scaffold3393	64337	64389	53	*	Scaffold704	581549	581601	53	*
Scaffold3393	118050	118104	55	*	Scaffold704	627476	627530	55	*
Scaffold3393	123822	123872	51	*	Scaffold704	632665	632715	51	*
Scaffold3393	27089	27142	54	*	Scaffold704	548249	548302	54	*
Scaffold3393	81219	81270	52	*	Scaffold704	592298	592349	52	*
Scaffold3393	55802	55856	55	*	Scaffold704	572278	572332	55	*
Scaffold3393	134474	134532	59	*	Scaffold704	642659	642717	59	*
Scaffold3393	66916	66971	56	*	Scaffold704	583655	583710	56	*
Scaffold3393	107351	107417	67	*	Scaffold704	617071	617137	67	*
Scaffold3393	120891	120941	51	*	Scaffold704	630035	630085	51	*
Scaffold3393	64648	64717	70	*	Scaffold704	581859	581928	70	*
Scaffold3395	55343	55392	50	*	Scaffold354	120849	120898	50	*
Scaffold3395	55343	55392	50	*	Scaffold354	123338	123387	50	*
Scaffold3396	12274	12329	56	*	Scaffold1478	173064	173119	56	*
Scaffold3396	12274	12324	51	*	Scaffold577	133051	133101	51	*
Scaffold3397	4931	4980	50	*	Scaffold27542	178	227	50	*
Scaffold3399	28912	28989	78	*	Scaffold126	317600	317677	78	*
Scaffold3399	28914	28969	56	*	Scaffold1494	53351	53406	56	*
Scaffold3399	28919	28982	64	*	Scaffold156	29655	29718	64	*
Scaffold3399	28916	28994	79	*	Scaffold1725	275221	275299	79	*
Scaffold3399	28913	28989	77	*	Scaffold184	551903	551979	77	*
Scaffold3399	28914	28981	68	*	Scaffold1862	93398	93465	68	*
Scaffold3399	28917	28987	71	*	Scaffold18804	99	169	71	*
Scaffold3399	28913	28978	66	*	Scaffold22	32512	32577	66	*
Scaffold3399	28915	28974	60	*	Scaffold220	444942	445001	60	*
Scaffold3399	28911	28989	79	*	Scaffold2315	17175	17253	79	*
Scaffold3399	28919	28998	80	*	Scaffold2369	7755	7834	80	*
Scaffold3399	28908	28962	55	*	Scaffold2408	30435	30489	55	*
Scaffold3399	28911	28978	68	*	Scaffold259	561078	561145	68	*
Scaffold3399	28912	28982	71	*	Scaffold272	193036	193106	71	*
Scaffold3399	28912	28989	78	*	Scaffold2875	150862	150939	78	*
Scaffold3399	28919	28982	64	*	Scaffold351	711	774	64	*
Scaffold3399	28912	28989	78	*	Scaffold5174	4993	5070	78	*
Scaffold3399	28921	29005	85	*	Scaffold544	367558	367642	85	*
Scaffold3399	28921	28978	58	*	Scaffold544	354309	354366	58	*
Scaffold3399	28913	28982	70	*	Scaffold617	118054	118123	70	*
Scaffold3399	28910	28989	80	*	Scaffold633	318446	318525	80	*
Scaffold3399	28922	28984	63	*	Scaffold7	698271	698333	63	*
Scaffold3399	28937	29002	66	*	Scaffold917	186864	186929	66	*
Scaffold3399	28937	29007	71	*	Scaffold973	115315	115385	71	*
Scaffold3399	28909	28966	58	*	Scaffold984	186963	187020	58	*
Scaffold3402	39930	39996	67	*	Scaffold2032	73280	73346	67	*
Scaffold34056	11985	12051	67	*	Scaffold167	924135	924201	67	*
Scaffold3407	38099	38160	62	*	Scaffold21	266244	266305	62	*
Scaffold3407	37269	37387	119	*	Scaffold21	267015	267133	119	*
Scaffold3407	37653	37750	98	*	Scaffold21	266652	266749	98	*
Scaffold341	26366	26424	59	*	Scaffold14	694650	694708	59	*
Scaffold341	26368	26433	66	*	Scaffold152	593560	593625	66	*
Scaffold341	14625	14708	84	*	Scaffold198	603590	603673	84	*
Scaffold3410	91514	91569	56	*	Scaffold1081	150185	150240	56	*
Scaffold3410	91581	91651	71	*	Scaffold1081	150252	150322	71	*
Scaffold34115	196	255	60	*	Scaffold18	332093	332152	60	*
Scaffold3413	56142	56191	50	*	Scaffold198	603616	603665	50	*
Scaffold3413	56057	56128	72	*	Scaffold198	603679	603750	72	*
Scaffold3413	15472	15528	57	*	Scaffold555	80534	80590	57	*
Scaffold3415	43497	43557	61	*	Scaffold197	570436	570496	61	*
Scaffold3416	17483	17538	56	*	Scaffold79	375247	375302	56	*
Scaffold3416	17112	17175	64	*	Scaffold79	375671	375734	64	*
Scaffold34163	324	381	58	*	Scaffold1206	93972	94029	58	*
Scaffold3417	8838	8951	114	*	Scaffold688	11390	11503	114	*
Scaffold3421	11918	11973	56	*	Scaffold325	341537	341592	56	*
Scaffold3424	48697	48753	57	*	Scaffold29156	185	241	57	*
Scaffold3424	48696	48754	59	*	Scaffold98	463012	463070	59	*
Scaffold34275	168	224	57	*	Scaffold1696	273626	273682	57	*
Scaffold34275	168	224	57	*	Scaffold1696	282461	282517	57	*
Scaffold343	110413	110473	61	*	Scaffold5191	8869	8929	61	*
Scaffold343	158828	158886	59	*	Scaffold7058	3299	3357	59	*
Scaffold343	158828	158886	59	*	Scaffold7058	29393	29451	59	*
Scaffold343	279907	279957	51	*	Scaffold828	93362	93412	51	*
Scaffold343	262597	262650	54	*	Scaffold828	111349	111402	54	*
Scaffold343	284281	284341	61	*	Scaffold828	88589	88649	61	*
Scaffold343	73803	73875	73	*	Scaffold828	269704	269776	73	*
Scaffold343	34442	34491	50	*	Scaffold828	305910	305959	50	*
Scaffold343	220218	220290	73	*	Scaffold828	148769	148841	73	*
Scaffold343	247645	247719	75	*	Scaffold828	123669	123743	75	*
Scaffold343	193481	193545	65	*	Scaffold828	183146	183210	65	*
Scaffold343	261924	261988	65	*	Scaffold828	112007	112071	65	*
Scaffold343	111522	111581	60	*	Scaffold828	246465	246524	60	*
Scaffold343	277059	277127	69	*	Scaffold828	96654	96722	69	*
Scaffold343	158828	158886	59	*	Scaffold828	216067	216125	59	*
Scaffold343	194254	194304	51	*	Scaffold828	182485	182535	51	*
Scaffold343	261612	261666	55	*	Scaffold828	112323	112377	55	*
Scaffold343	34442	34491	50	*	Scaffold828	308333	308382	50	*
Scaffold343	42764	42830	67	*	Scaffold828	296363	296429	67	*
Scaffold343	203239	203295	57	*	Scaffold828	164192	164248	57	*
Scaffold343	253052	253101	50	*	Scaffold828	118279	118328	50	*
Scaffold343	44855	44906	52	*	Scaffold828	294680	294731	52	*
Scaffold343	276997	277057	61	*	Scaffold828	96724	96784	61	*
Scaffold343	65061	65126	66	*	Scaffold828	275807	275872	66	*
Scaffold343	284633	284699	67	*	Scaffold828	88225	88291	67	*
Scaffold343	257614	257664	51	*	Scaffold828	114755	114805	51	*
Scaffold343	232332	232389	58	*	Scaffold828	138741	138798	58	*
Scaffold343	43078	43193	116	*	Scaffold828	295998	296113	116	*
Scaffold343	236273	236343	71	*	Scaffold828	134825	134895	71	*
Scaffold343	49522	49571	50	*	Scaffold828	291788	291837	50	*
Scaffold343	295478	295542	65	*	Scaffold828	78005	78069	65	*
Scaffold343	226079	226147	69	*	Scaffold828	143567	143635	69	*
Scaffold34319	560	613	54	*	Scaffold2418	53782	53835	54	*
Scaffold3432	8639	8697	59	*	Scaffold102	509344	509402	59	*
Scaffold3432	8658	8709	52	*	Scaffold125	9470	9521	52	*
Scaffold3432	8640	8707	68	*	Scaffold5358	1126	1193	68	*
Scaffold3433	41794	41855	62	*	Scaffold674	177453	177514	62	*
Scaffold3433	42020	42090	71	*	Scaffold674	177683	177753	71	*
Scaffold3433	41872	41938	67	*	Scaffold674	177532	177598	67	*
Scaffold3433	12514	12578	65	*	Scaffold674	131986	132050	65	*
Scaffold34332	5223	5414	192	*	Scaffold198	603561	603752	192	*
Scaffold34332	5221	5290	70	*	Scaffold2576	15116	15185	70	*
Scaffold344	690	756	67	*	Scaffold474	186722	186788	67	*
Scaffold34414	6159	6213	55	*	Scaffold2483	102898	102952	55	*
Scaffold34414	10439	10519	81	*	Scaffold2483	107638	107718	81	*
Scaffold3445	44224	44274	51	*	Scaffold99	440527	440577	51	*
Scaffold34455	241	295	55	*	Scaffold165	441809	441863	55	*
Scaffold34455	4303	4355	53	*	Scaffold2280	2543	2595	53	*
Scaffold34455	182	253	72	*	Scaffold90	739760	739831	72	*
Scaffold3446	93670	93727	58	*	Scaffold7936	586	643	58	*
Scaffold3446	93670	93727	58	*	Scaffold931	225291	225348	58	*
Scaffold3446	68351	68403	53	*	Scaffold931	250241	250293	53	*
Scaffold3446	90878	90939	62	*	Scaffold931	227220	227281	62	*
Scaffold3446	86180	86229	50	*	Scaffold931	230729	230778	50	*
Scaffold3446	74050	74143	94	*	Scaffold931	243124	243217	94	*
Scaffold3446	63867	63916	50	*	Scaffold931	254379	254428	50	*
Scaffold3447	658	708	51	*	Scaffold1912	22244	22294	51	*
Scaffold3447	709	762	54	*	Scaffold881	179225	179278	54	*
Scaffold3448	185346	185400	55	*	Scaffold1170	241870	241924	55	*
Scaffold3448	108943	108993	51	*	Scaffold1170	308480	308530	51	*
Scaffold3448	145279	145372	94	*	Scaffold1170	273385	273478	94	*
Scaffold3448	184775	184836	62	*	Scaffold1170	242461	242522	62	*
Scaffold3448	114626	114692	67	*	Scaffold1170	302098	302164	67	*
Scaffold3448	100380	100429	50	*	Scaffold1170	328845	328894	50	*
Scaffold3448	101406	101456	51	*	Scaffold1170	316906	316956	51	*
Scaffold3448	108943	108993	51	*	Scaffold1170	319492	319542	51	*
Scaffold3448	133778	133915	138	*	Scaffold1170	283930	284067	138	*
Scaffold3448	151043	151106	64	*	Scaffold1170	266514	266577	64	*
Scaffold3448	172097	172163	67	*	Scaffold1170	255197	255263	67	*
Scaffold3448	185751	185830	80	*	Scaffold1170	241391	241470	80	*
Scaffold3448	124283	124338	56	*	Scaffold1170	293017	293072	56	*
Scaffold3448	158442	158491	50	*	Scaffold1170	259873	259922	50	*
Scaffold3448	158501	158555	55	*	Scaffold1170	259809	259863	55	*
Scaffold3448	173765	173817	53	*	Scaffold1170	254007	254059	53	*
Scaffold3448	114534	114585	52	*	Scaffold1170	302205	302256	52	*
Scaffold3448	138541	138621	81	*	Scaffold1170	279727	279807	81	*
Scaffold3448	150798	150849	52	*	Scaffold1170	266771	266822	52	*
Scaffold3448	139912	139976	65	*	Scaffold1170	278135	278199	65	*
Scaffold3448	159014	159131	118	*	Scaffold1170	259232	259349	118	*
Scaffold3448	147968	148060	93	*	Scaffold1170	269891	269983	93	*
Scaffold3448	134004	134056	53	*	Scaffold1170	283788	283840	53	*
Scaffold3448	194247	194303	57	*	Scaffold1170	232933	232989	57	*
Scaffold3448	117748	117817	70	*	Scaffold1170	299265	299334	70	*
Scaffold3448	146909	146972	64	*	Scaffold1170	271573	271636	64	*
Scaffold3448	115228	115290	63	*	Scaffold1170	301498	301560	63	*
Scaffold3448	173600	173666	67	*	Scaffold1170	254155	254221	67	*
Scaffold3448	187305	187366	62	*	Scaffold1170	239740	239801	62	*
Scaffold3448	115107	115200	94	*	Scaffold1170	301588	301681	94	*
Scaffold3448	101406	101456	51	*	Scaffold1170	327834	327884	51	*
Scaffold3448	134068	134125	58	*	Scaffold1170	283719	283776	58	*
Scaffold34492	2839	2895	57	*	Scaffold95	1438701	1438757	57	*
Scaffold345	45952	46016	65	*	Scaffold474	166104	166168	65	*
Scaffold3450	59292	59341	50	*	Scaffold18836	221	270	50	*
Scaffold3450	25958	26010	53	*	Scaffold561	93694	93746	53	*
Scaffold3450	59292	59341	50	*	Scaffold561	65450	65499	50	*
Scaffold3450	61950	62009	60	*	Scaffold561	63050	63109	60	*
Scaffold3450	64881	64954	74	*	Scaffold561	59962	60035	74	*
Scaffold3450	26303	26355	53	*	Scaffold561	93694	93746	53	*
Scaffold3450	64959	65016	58	*	Scaffold561	59900	59957	58	*
Scaffold34503	2866	2916	51	*	Scaffold1141	152508	152558	51	*
Scaffold34503	3036	3100	65	*	Scaffold1141	152325	152389	65	*
Scaffold3451	75240	75299	60	*	Scaffold1170	385911	385970	60	*
Scaffold3451	48968	49034	67	*	Scaffold1363	198152	198218	67	*
Scaffold3452	48874	48927	54	*	Scaffold1012	71068	71121	54	*
Scaffold3452	49680	49734	55	*	Scaffold1092	27085	27139	55	*
Scaffold3452	49190	49239	50	*	Scaffold1092	28080	28129	50	*
Scaffold3452	49572	49648	77	*	Scaffold1125	117332	117408	77	*
Scaffold3452	48838	48919	82	*	Scaffold1379	240648	240729	82	*
Scaffold3452	50753	50820	68	*	Scaffold1379	240130	240197	68	*
Scaffold3452	50782	50840	59	*	Scaffold14	887382	887440	59	*
Scaffold3452	49578	49668	91	*	Scaffold186	285472	285562	91	*
Scaffold3452	49521	49571	51	*	Scaffold194	782637	782687	51	*
Scaffold3452	50782	50836	55	*	Scaffold196	383162	383216	55	*
Scaffold3452	50181	50233	53	*	Scaffold2280	3513	3565	53	*
Scaffold3452	49579	49632	54	*	Scaffold2280	3854	3907	54	*
Scaffold3452	51493	51560	68	*	Scaffold2280	445	512	68	*
Scaffold3452	49506	49570	65	*	Scaffold2280	3322	3386	65	*
Scaffold3452	49091	49150	60	*	Scaffold2280	3486	3545	60	*
Scaffold3452	49592	49671	80	*	Scaffold2280	3229	3308	80	*
Scaffold3452	48818	48889	72	*	Scaffold285	355013	355084	72	*
Scaffold3452	51492	51559	68	*	Scaffold339	242146	242213	68	*
Scaffold3452	48803	48855	53	*	Scaffold485	244347	244399	53	*
Scaffold3452	51530	51583	54	*	Scaffold70	650753	650806	54	*
Scaffold3452	49618	49668	51	*	Scaffold71	41517	41567	51	*
Scaffold3452	49065	49126	62	*	Scaffold822	244923	244984	62	*
Scaffold3454	15188	15261	74	*	Scaffold522	210050	210123	74	*
Scaffold3454	2645	2709	65	*	Scaffold624	305906	305970	65	*
Scaffold3456	17021	17081	61	*	Scaffold14362	9022	9082	61	*
Scaffold3456	12676	12727	52	*	Scaffold14362	6215	6266	52	*
Scaffold3456	17021	17081	61	*	Scaffold14362	3531	3591	61	*
Scaffold3456	18729	18784	56	*	Scaffold14362	2148	2203	56	*
Scaffold3456	10303	10367	65	*	Scaffold438	166596	166660	65	*
Scaffold3456	12676	12727	52	*	Scaffold438	163120	163171	52	*
Scaffold3456	10380	10432	53	*	Scaffold438	166531	166583	53	*
Scaffold3456	5739	5798	60	*	Scaffold438	168773	168832	60	*
Scaffold34572	60	128	69	*	Scaffold78	588732	588800	69	*
Scaffold3458	16494	16544	51	*	Scaffold274	860515	860565	51	*
Scaffold34588	136	254	119	*	Scaffold5191	8392	8510	119	*
Scaffold34588	30	86	57	*	Scaffold5191	8560	8616	57	*
Scaffold346	76854	76919	66	*	Scaffold1	96628	96693	66	*
Scaffold346	76885	77002	118	*	Scaffold100	906690	906807	118	*
Scaffold346	76868	76945	78	*	Scaffold1067	299627	299704	78	*
Scaffold346	76944	77000	57	*	Scaffold107	816916	816972	57	*
Scaffold346	76882	76968	87	*	Scaffold1077	144784	144870	87	*
Scaffold346	76882	76968	87	*	Scaffold1077	148581	148667	87	*
Scaffold346	76846	76925	80	*	Scaffold1085	384037	384116	80	*
Scaffold346	76885	76979	95	*	Scaffold1092	38195	38289	95	*
Scaffold346	60152	60246	95	*	Scaffold114	39483	39577	95	*
Scaffold346	76887	76944	58	*	Scaffold1253	365925	365982	58	*
Scaffold346	76876	76942	67	*	Scaffold1278	47410	47476	67	*
Scaffold346	76878	76973	96	*	Scaffold130	960725	960820	96	*
Scaffold346	76895	76983	89	*	Scaffold1348	188058	188146	89	*
Scaffold346	76885	76978	94	*	Scaffold1370	219683	219776	94	*
Scaffold346	76918	76990	73	*	Scaffold144	18086	18158	73	*
Scaffold346	76885	76946	62	*	Scaffold1498	68647	68708	62	*
Scaffold346	76906	76990	85	*	Scaffold1545	418579	418663	85	*
Scaffold346	76886	76943	58	*	Scaffold155	260644	260701	58	*
Scaffold346	76885	76965	81	*	Scaffold158	476553	476633	81	*
Scaffold346	76890	76990	101	*	Scaffold159	97201	97301	101	*
Scaffold346	76885	76950	66	*	Scaffold1681	58820	58885	66	*
Scaffold346	76885	76979	95	*	Scaffold1683	40444	40538	95	*
Scaffold346	76885	76939	55	*	Scaffold1701	90282	90336	55	*
Scaffold346	76885	76990	106	*	Scaffold1705	167467	167572	106	*
Scaffold346	76878	76975	98	*	Scaffold1804	532	629	98	*
Scaffold346	76925	76990	66	*	Scaffold1952	78062	78127	66	*
Scaffold346	111014	111083	70	*	Scaffold2151	4702	4771	70	*
Scaffold346	76885	76990	106	*	Scaffold2240	54900	55005	106	*
Scaffold346	76885	76990	106	*	Scaffold2245	74803	74908	106	*
Scaffold346	76902	76980	79	*	Scaffold2320	48880	48958	79	*
Scaffold346	76915	76990	76	*	Scaffold2369	17431	17506	76	*
Scaffold346	76903	76980	78	*	Scaffold244	222553	222630	78	*
Scaffold346	76885	76990	106	*	Scaffold2490	45148	45253	106	*
Scaffold346	76866	76930	65	*	Scaffold25	797725	797789	65	*
Scaffold346	76866	76945	80	*	Scaffold25	771287	771366	80	*
Scaffold346	76850	76915	66	*	Scaffold2622	19710	19775	66	*
Scaffold346	40778	40863	86	*	Scaffold26497	251	336	86	*
Scaffold346	76859	76940	82	*	Scaffold2706	44115	44196	82	*
Scaffold346	76883	76989	107	*	Scaffold27534	397	503	107	*
Scaffold346	76893	76990	98	*	Scaffold29135	664	761	98	*
Scaffold346	76877	76956	80	*	Scaffold2916	77042	77121	80	*
Scaffold346	76897	76990	94	*	Scaffold296	653888	653981	94	*
Scaffold346	76896	76977	82	*	Scaffold2987	11734	11815	82	*
Scaffold346	76885	76951	67	*	Scaffold3013	7489	7555	67	*
Scaffold346	76907	76990	84	*	Scaffold303	538079	538162	84	*
Scaffold346	76888	76940	53	*	Scaffold311	638998	639050	53	*
Scaffold346	76913	76984	72	*	Scaffold3111	18831	18902	72	*
Scaffold346	76891	76990	100	*	Scaffold3320	24804	24903	100	*
Scaffold346	76925	76990	66	*	Scaffold3355	35790	35855	66	*
Scaffold346	76886	76937	52	*	Scaffold3397	23225	23276	52	*
Scaffold346	76854	76940	87	*	Scaffold35	8349	8435	87	*
Scaffold346	76885	76948	64	*	Scaffold350	291995	292058	64	*
Scaffold346	76885	76989	105	*	Scaffold369	557213	557317	105	*
Scaffold346	76868	76948	81	*	Scaffold4234	27757	27837	81	*
Scaffold346	76885	76958	74	*	Scaffold4290	27090	27163	74	*
Scaffold346	76881	76954	74	*	Scaffold431	128842	128915	74	*
Scaffold346	76896	76968	73	*	Scaffold447	177523	177595	73	*
Scaffold346	76885	76990	106	*	Scaffold469	158656	158761	106	*
Scaffold346	76914	76990	77	*	Scaffold469	154216	154292	77	*
Scaffold346	76925	76983	59	*	Scaffold487	303807	303865	59	*
Scaffold346	76878	76967	90	*	Scaffold488	33433	33522	90	*
Scaffold346	92676	92745	70	*	Scaffold54	331294	331363	70	*
Scaffold346	65115	65181	67	*	Scaffold54	303716	303782	67	*
Scaffold346	76932	76990	59	*	Scaffold544	308863	308921	59	*
Scaffold346	76929	77001	73	*	Scaffold5612	18115	18187	73	*
Scaffold346	76885	76946	62	*	Scaffold5612	22958	23019	62	*
Scaffold346	76898	76956	59	*	Scaffold582	16484	16542	59	*
Scaffold346	76885	76987	103	*	Scaffold616	23646	23748	103	*
Scaffold346	76885	77002	118	*	Scaffold627	351935	352052	118	*
Scaffold346	76907	76990	84	*	Scaffold637	330685	330768	84	*
Scaffold346	76910	76961	52	*	Scaffold740	264555	264606	52	*
Scaffold346	76885	76993	109	*	Scaffold785	253132	253240	109	*
Scaffold346	76885	76993	109	*	Scaffold82	435050	435158	109	*
Scaffold346	76902	76990	89	*	Scaffold82	712377	712465	89	*
Scaffold346	76861	76937	77	*	Scaffold84	920455	920531	77	*
Scaffold346	76854	76931	78	*	Scaffold849	22435	22512	78	*
Scaffold346	76886	76963	78	*	Scaffold8493	1790	1867	78	*
Scaffold346	76893	76961	69	*	Scaffold856	146065	146133	69	*
Scaffold346	76925	76990	66	*	Scaffold886	283110	283175	66	*
Scaffold346	76849	76904	56	*	Scaffold956	231577	231632	56	*
Scaffold346	76889	76998	110	*	Scaffold983	92425	92534	110	*
Scaffold346	76878	76962	85	*	Scaffold986	7461	7545	85	*
Scaffold3460	7534	7615	82	*	Scaffold3316	9956	10037	82	*
Scaffold34601	5222	5272	51	*	Scaffold383	627188	627238	51	*
Scaffold34616	37765	37860	96	*	Scaffold1477	53350	53445	96	*
Scaffold3462	39526	39594	69	*	Scaffold1043	231165	231233	69	*
Scaffold3462	39499	39552	54	*	Scaffold119	981170	981223	54	*
Scaffold3462	39510	39561	52	*	Scaffold21553	81	132	52	*
Scaffold3462	39510	39561	52	*	Scaffold250	148368	148419	52	*
Scaffold3465	47748	47797	50	*	Scaffold1763	123823	123872	50	*
Scaffold3465	47552	47613	62	*	Scaffold1763	124009	124070	62	*
Scaffold3469	45571	45644	74	*	Scaffold102	502198	502271	74	*
Scaffold347	126342	126400	59	*	Scaffold3115	42413	42471	59	*
Scaffold347	126383	126435	53	*	Scaffold470	293391	293443	53	*
Scaffold347	129852	129910	59	*	Scaffold68	578536	578594	59	*
Scaffold347	85241	85291	51	*	Scaffold68	618853	618903	51	*
Scaffold347	83091	83141	51	*	Scaffold68	618853	618903	51	*
Scaffold347	78764	78828	65	*	Scaffold68	625862	625926	65	*
Scaffold347	49448	49509	62	*	Scaffold68	656558	656619	62	*
Scaffold347	82622	82680	59	*	Scaffold68	618845	618903	59	*
Scaffold3470	74186	74238	53	*	Scaffold1933	45906	45958	53	*
Scaffold3473	75171	75231	61	*	Scaffold122	401269	401329	61	*
Scaffold3473	57613	57675	63	*	Scaffold122	384298	384360	63	*
Scaffold3473	22472	22521	50	*	Scaffold122	357408	357457	50	*
Scaffold3473	73182	73240	59	*	Scaffold122	398446	398504	59	*
Scaffold3473	75171	75231	61	*	Scaffold4715	25303	25363	61	*
Scaffold3473	57613	57675	63	*	Scaffold4715	8103	8165	63	*
Scaffold3473	73182	73240	59	*	Scaffold4715	22546	22604	59	*
Scaffold34755	130	188	59	*	Scaffold168	280944	281002	59	*
Scaffold34773	36	89	54	*	Scaffold396	444160	444213	54	*
Scaffold34853	3094	3143	50	*	Scaffold503	398455	398504	50	*
Scaffold3488	36403	36469	67	*	Scaffold225	610175	610241	67	*
Scaffold3488	36403	36467	65	*	Scaffold248	201142	201206	65	*
Scaffold3490	9772	9830	59	*	Scaffold424	266562	266620	59	*
Scaffold3490	38810	38860	51	*	Scaffold454	271741	271791	51	*
Scaffold35	34876	34926	51	*	Scaffold164	730348	730398	51	*
Scaffold35	70026	70102	77	*	Scaffold18	332698	332774	77	*
Scaffold35	233493	233548	56	*	Scaffold34	894379	894434	56	*
Scaffold35	226883	226933	51	*	Scaffold34	885263	885313	51	*
Scaffold35	50519	50574	56	*	Scaffold34	709600	709655	56	*
Scaffold35	8411	8466	56	*	Scaffold34	673984	674039	56	*
Scaffold35	6681	6736	56	*	Scaffold34	673984	674039	56	*
Scaffold35	19307	19368	62	*	Scaffold34	687549	687610	62	*
Scaffold35	7205	7254	50	*	Scaffold8539	30850	30899	50	*
Scaffold350	53834	53888	55	*	Scaffold113	356579	356633	55	*
Scaffold350	53745	53799	55	*	Scaffold113	356669	356723	55	*
Scaffold350	79636	79690	55	*	Scaffold138	448256	448310	55	*
Scaffold3500	82095	82159	65	*	Scaffold1472	23458	23522	65	*
Scaffold3500	10156	10234	79	*	Scaffold1763	123834	123912	79	*
Scaffold3500	10236	10320	85	*	Scaffold1763	123748	123832	85	*
Scaffold3500	10160	10224	65	*	Scaffold185	197992	198056	65	*
Scaffold3500	50074	50123	50	*	Scaffold4	1511724	1511773	50	*
Scaffold3500	50078	50129	52	*	Scaffold693	150393	150444	52	*
Scaffold35048	3754	3806	53	*	Scaffold17	209735	209787	53	*
Scaffold3506	46885	46955	71	*	Scaffold2782	115144	115214	71	*
Scaffold3506	46721	46837	117	*	Scaffold2782	114979	115095	117	*
Scaffold351	64496	64558	63	*	Scaffold41	504095	504157	63	*
Scaffold351	24814	24867	54	*	Scaffold41	457063	457116	54	*
Scaffold351	33710	33765	56	*	Scaffold41	474352	474407	56	*
Scaffold35125	3275	3325	51	*	Scaffold1472	23472	23522	51	*
Scaffold3513	23457	23506	50	*	Scaffold1924	82120	82169	50	*
Scaffold3515	23206	23268	63	*	Scaffold10	408251	408313	63	*
Scaffold3515	23196	23250	55	*	Scaffold1030	242738	242792	55	*
Scaffold3515	23184	23242	59	*	Scaffold131	937044	937102	59	*
Scaffold3515	23206	23268	63	*	Scaffold183	284459	284521	63	*
Scaffold3515	23181	23240	60	*	Scaffold187	820549	820608	60	*
Scaffold3515	23196	23250	55	*	Scaffold187	953226	953280	55	*
Scaffold3515	23185	23252	68	*	Scaffold234	573004	573071	68	*
Scaffold3515	23184	23240	57	*	Scaffold30	382232	382288	57	*
Scaffold3515	23184	23233	50	*	Scaffold382	142682	142731	50	*
Scaffold3515	23184	23241	58	*	Scaffold384	306442	306499	58	*
Scaffold3515	23198	23266	69	*	Scaffold647	74565	74633	69	*
Scaffold3515	23208	23266	59	*	Scaffold674	311005	311063	59	*
Scaffold3515	23185	23262	78	*	Scaffold68	589194	589271	78	*
Scaffold3515	23193	23252	60	*	Scaffold790	209490	209549	60	*
Scaffold3515	23185	23263	79	*	Scaffold946	92891	92969	79	*
Scaffold3516	25250	25303	54	*	Scaffold179	558535	558588	54	*
Scaffold3516	26567	26631	65	*	Scaffold2483	79115	79179	65	*
Scaffold3516	47662	47713	52	*	Scaffold2483	67722	67773	52	*
Scaffold3516	10655	10729	75	*	Scaffold2483	89657	89731	75	*
Scaffold3518	24156	24223	68	*	Scaffold79	468741	468808	68	*
Scaffold352	116830	116892	63	*	Scaffold1396	230095	230157	63	*
Scaffold352	47739	47803	65	*	Scaffold1396	267538	267602	65	*
Scaffold352	165858	165915	58	*	Scaffold1396	190402	190459	58	*
Scaffold352	168194	168244	51	*	Scaffold1396	188031	188081	51	*
Scaffold352	37513	37576	64	*	Scaffold1396	275669	275732	64	*
Scaffold352	41878	41927	50	*	Scaffold1396	271866	271915	50	*
Scaffold352	134120	134271	152	*	Scaffold1396	214238	214389	152	*
Scaffold352	42070	42120	51	*	Scaffold1396	271671	271721	51	*
Scaffold352	118400	118471	72	*	Scaffold1396	228274	228345	72	*
Scaffold352	160773	160831	59	*	Scaffold1396	194290	194348	59	*
Scaffold352	148559	148707	149	*	Scaffold1396	203545	203693	149	*
Scaffold352	84519	84575	57	*	Scaffold1396	251698	251754	57	*
Scaffold352	148754	148816	63	*	Scaffold1396	203428	203490	63	*
Scaffold352	42010	42067	58	*	Scaffold1396	271724	271781	58	*
Scaffold352	155816	155894	79	*	Scaffold1396	197625	197703	79	*
Scaffold352	66227	66296	70	*	Scaffold1396	261055	261124	70	*
Scaffold352	118665	118720	56	*	Scaffold1396	228024	228079	56	*
Scaffold352	87825	87898	74	*	Scaffold1396	248657	248730	74	*
Scaffold352	87986	88085	100	*	Scaffold1396	248474	248573	100	*
Scaffold352	116694	116779	86	*	Scaffold1396	230208	230293	86	*
Scaffold352	87215	87270	56	*	Scaffold1396	249302	249357	56	*
Scaffold352	66897	66952	56	*	Scaffold1396	260391	260446	56	*
Scaffold352	108994	109055	62	*	Scaffold1396	233916	233977	62	*
Scaffold352	88087	88140	54	*	Scaffold1396	248419	248472	54	*
Scaffold352	123266	123335	70	*	Scaffold1396	223194	223263	70	*
Scaffold352	137515	137573	59	*	Scaffold1396	211415	211473	59	*
Scaffold352	68698	68747	50	*	Scaffold1396	258599	258648	50	*
Scaffold352	86450	86549	100	*	Scaffold1396	250018	250117	100	*
Scaffold352	46440	46535	96	*	Scaffold1396	268260	268355	96	*
Scaffold352	72870	72962	93	*	Scaffold1396	255083	255175	93	*
Scaffold352	131481	131551	71	*	Scaffold1396	216832	216902	71	*
Scaffold352	86563	86615	53	*	Scaffold1396	249952	250004	53	*
Scaffold352	83326	83391	66	*	Scaffold1396	252772	252837	66	*
Scaffold352	120725	120849	125	*	Scaffold1396	225640	225764	125	*
Scaffold352	153741	153801	61	*	Scaffold1396	199318	199378	61	*
Scaffold352	86307	86360	54	*	Scaffold1396	250198	250251	54	*
Scaffold352	137297	137364	68	*	Scaffold1396	211624	211691	68	*
Scaffold352	49070	49124	55	*	Scaffold1396	266196	266250	55	*
Scaffold352	166727	166783	57	*	Scaffold1396	189680	189736	57	*
Scaffold352	113831	113935	105	*	Scaffold1396	232632	232736	105	*
Scaffold352	118836	118893	58	*	Scaffold1396	227851	227908	58	*
Scaffold352	47805	47861	57	*	Scaffold1396	267480	267536	57	*
Scaffold352	37581	37675	95	*	Scaffold1396	275570	275664	95	*
Scaffold352	133739	133803	65	*	Scaffold1396	214624	214688	65	*
Scaffold352	71786	71843	58	*	Scaffold1396	255915	255972	58	*
Scaffold352	155506	155602	97	*	Scaffold1396	197913	198009	97	*
Scaffold352	119534	119583	50	*	Scaffold1396	227051	227100	50	*
Scaffold352	50398	50455	58	*	Scaffold1396	264994	265051	58	*
Scaffold352	30321	30397	77	*	Scaffold970	4430	4506	77	*
Scaffold352	30399	30460	62	*	Scaffold970	4367	4428	62	*
Scaffold352	16725	16784	60	*	Scaffold970	11416	11475	60	*
Scaffold3526	44642	44708	67	*	Scaffold862	311612	311678	67	*
Scaffold3526	45186	45243	58	*	Scaffold862	311073	311130	58	*
Scaffold3526	3779	3833	55	*	Scaffold862	339540	339594	55	*
Scaffold3526	4803	4864	62	*	Scaffold862	338434	338495	62	*
Scaffold3526	44740	44796	57	*	Scaffold862	311524	311580	57	*
Scaffold3526	27296	27345	50	*	Scaffold862	323270	323319	50	*
Scaffold3526	3906	3979	74	*	Scaffold862	339395	339468	74	*
Scaffold3526	44267	44392	126	*	Scaffold862	311932	312057	126	*
Scaffold3526	5033	5194	162	*	Scaffold862	338095	338256	162	*
Scaffold353	183783	183835	53	*	Scaffold329	828067	828119	53	*
Scaffold3532	101996	102051	56	*	Scaffold140	790851	790906	56	*
Scaffold35350	4395	4465	71	*	Scaffold18	332701	332771	71	*
Scaffold3536	77650	77757	108	*	Scaffold1410	45019	45126	108	*
Scaffold35392	625	680	56	*	Scaffold283	664975	665030	56	*
Scaffold35392	604	674	71	*	Scaffold436	101006	101076	71	*
Scaffold354	113252	113318	67	*	Scaffold134	316588	316654	67	*
Scaffold354	113253	113302	50	*	Scaffold171	44920	44969	50	*
Scaffold354	158242	158291	50	*	Scaffold230	187893	187942	50	*
Scaffold354	151710	151767	58	*	Scaffold230	193271	193328	58	*
Scaffold354	151825	151880	56	*	Scaffold230	193158	193213	56	*
Scaffold354	168723	168773	51	*	Scaffold230	180433	180483	51	*
Scaffold354	175099	175157	59	*	Scaffold230	177843	177901	59	*
Scaffold354	187426	187498	73	*	Scaffold230	167266	167338	73	*
Scaffold354	182346	182413	68	*	Scaffold230	170660	170727	68	*
Scaffold35416	430	486	57	*	Scaffold1325	52970	53026	57	*
Scaffold35428	781	837	57	*	Scaffold325	341512	341568	57	*
Scaffold35438	17587	17651	65	*	Scaffold1269	103617	103681	65	*
Scaffold35438	12658	12732	75	*	Scaffold1269	108692	108766	75	*
Scaffold355	51700	51760	61	*	Scaffold185	120199	120259	61	*
Scaffold3550	37400	37451	52	*	Scaffold1407	62203	62254	52	*
Scaffold3550	43772	43824	53	*	Scaffold284	273554	273606	53	*
Scaffold3550	20554	20643	90	*	Scaffold551	383163	383252	90	*
Scaffold35502	2853	2902	50	*	Scaffold177	648872	648921	50	*
Scaffold3551	69075	69154	80	*	Scaffold27542	129	208	80	*
Scaffold3552	824	874	51	*	Scaffold633	196353	196403	51	*
Scaffold35531	7012	7069	58	*	Scaffold143	906348	906405	58	*
Scaffold35531	6802	6857	56	*	Scaffold143	906125	906180	56	*
Scaffold35531	6802	6857	56	*	Scaffold143	908532	908587	56	*
Scaffold35531	7012	7069	58	*	Scaffold143	908307	908364	58	*
Scaffold3554	80311	80366	56	*	Scaffold57	1086001	1086056	56	*
Scaffold35548	71	147	77	*	Scaffold5191	8461	8537	77	*
Scaffold35549	5563	5617	55	*	Scaffold1857	52968	53022	55	*
Scaffold35597	527	587	61	*	Scaffold1527	43370	43430	61	*
Scaffold35597	729	806	78	*	Scaffold1527	43571	43648	78	*
Scaffold35597	641	704	64	*	Scaffold1527	43483	43546	64	*
Scaffold35597	715	777	63	*	Scaffold480	249076	249138	63	*
Scaffold3562	60716	60786	71	*	Scaffold1053	298895	298965	71	*
Scaffold3562	11029	11087	59	*	Scaffold548	156261	156319	59	*
Scaffold3564	3658	3709	52	*	Scaffold1916	69996	70047	52	*
Scaffold35642	161	214	54	*	Scaffold962	88948	89001	54	*
Scaffold35643	9	58	50	*	Scaffold20186	527	576	50	*
Scaffold35648	1958	2040	83	*	Scaffold688	11396	11478	83	*
Scaffold3565	23877	23929	53	*	Scaffold54	720355	720407	53	*
Scaffold3565	25812	25887	76	*	Scaffold54	722392	722467	76	*
Scaffold3565	24624	24673	50	*	Scaffold54	721103	721152	50	*
Scaffold3565	23282	23331	50	*	Scaffold54	719713	719762	50	*
Scaffold357	150474	150525	52	*	Scaffold190	649167	649218	52	*
Scaffold357	92234	92293	60	*	Scaffold190	603932	603991	60	*
Scaffold357	117860	117914	55	*	Scaffold190	628249	628303	55	*
Scaffold357	155882	155949	68	*	Scaffold190	655089	655156	68	*
Scaffold357	105874	105931	58	*	Scaffold190	617742	617799	58	*
Scaffold357	74111	74168	58	*	Scaffold190	585984	586041	58	*
Scaffold357	149064	149123	60	*	Scaffold190	648089	648148	60	*
Scaffold357	105874	105931	58	*	Scaffold190	621337	621394	58	*
Scaffold357	155882	155949	68	*	Scaffold7054	14495	14562	68	*
Scaffold357	149064	149123	60	*	Scaffold7054	7865	7924	60	*
Scaffold357	150474	150525	52	*	Scaffold7054	9006	9057	52	*
Scaffold357	74111	74168	58	*	Scaffold9533	8848	8905	58	*
Scaffold3573	27514	27604	91	*	Scaffold1003	144173	144263	91	*
Scaffold3573	27517	27582	66	*	Scaffold1017	53623	53688	66	*
Scaffold3573	27548	27602	55	*	Scaffold1076	176043	176097	55	*
Scaffold3573	27515	27585	71	*	Scaffold1084	72545	72615	71	*
Scaffold3573	27515	27568	54	*	Scaffold1214	79911	79964	54	*
Scaffold3573	27516	27609	94	*	Scaffold1226	229977	230070	94	*
Scaffold3573	27514	27571	58	*	Scaffold1228	41	98	58	*
Scaffold3573	27576	27631	56	*	Scaffold1245	77460	77515	56	*
Scaffold3573	27561	27638	78	*	Scaffold1257	92752	92829	78	*
Scaffold3573	27554	27618	65	*	Scaffold127	20840	20904	65	*
Scaffold3573	27522	27584	63	*	Scaffold1376	88127	88189	63	*
Scaffold3573	27516	27600	85	*	Scaffold1397	72567	72651	85	*
Scaffold3573	27513	27595	83	*	Scaffold1402	52806	52888	83	*
Scaffold3573	27534	27591	58	*	Scaffold1477	4604	4661	58	*
Scaffold3573	27552	27613	62	*	Scaffold155	81487	81548	62	*
Scaffold3573	27514	27569	56	*	Scaffold164	214455	214510	56	*
Scaffold3573	27516	27580	65	*	Scaffold1730	97004	97068	65	*
Scaffold3573	27573	27624	52	*	Scaffold1877	9736	9787	52	*
Scaffold3573	27515	27596	82	*	Scaffold2020	34642	34723	82	*
Scaffold3573	27517	27624	108	*	Scaffold22	365749	365856	108	*
Scaffold3573	27519	27618	100	*	Scaffold225	543636	543735	100	*
Scaffold3573	27515	27578	64	*	Scaffold2329	41255	41318	64	*
Scaffold3573	27514	27575	62	*	Scaffold2491	2834	2895	62	*
Scaffold3573	27531	27621	91	*	Scaffold2605	32869	32959	91	*
Scaffold3573	27514	27573	60	*	Scaffold261	557008	557067	60	*
Scaffold3573	27516	27573	58	*	Scaffold26888	409	466	58	*
Scaffold3573	27518	27619	102	*	Scaffold3	1838313	1838414	102	*
Scaffold3573	27555	27627	73	*	Scaffold3003	51033	51105	73	*
Scaffold3573	27515	27618	104	*	Scaffold308	417016	417119	104	*
Scaffold3573	27551	27624	74	*	Scaffold3241	37264	37337	74	*
Scaffold3573	27520	27600	81	*	Scaffold3542	609	689	81	*
Scaffold3573	27515	27574	60	*	Scaffold3724	21172	21231	60	*
Scaffold3573	27556	27627	72	*	Scaffold38	1131928	1131999	72	*
Scaffold3573	27514	27580	67	*	Scaffold4512	35295	35361	67	*
Scaffold3573	27515	27588	74	*	Scaffold481	43018	43091	74	*
Scaffold3573	27525	27607	83	*	Scaffold494	368732	368814	83	*
Scaffold3573	27516	27599	84	*	Scaffold518	519669	519752	84	*
Scaffold3573	27516	27596	81	*	Scaffold518	522464	522544	81	*
Scaffold3573	27534	27620	87	*	Scaffold535	372896	372982	87	*
Scaffold3573	27515	27608	94	*	Scaffold577	191343	191436	94	*
Scaffold3573	27527	27609	83	*	Scaffold635	321646	321728	83	*
Scaffold3573	27513	27595	83	*	Scaffold639	309	391	83	*
Scaffold3573	27516	27580	65	*	Scaffold641	138151	138215	65	*
Scaffold3573	27514	27624	111	*	Scaffold670	36572	36682	111	*
Scaffold3573	27517	27585	69	*	Scaffold676	224091	224159	69	*
Scaffold3573	27517	27585	69	*	Scaffold68	1144686	1144754	69	*
Scaffold3573	27555	27627	73	*	Scaffold710	206383	206455	73	*
Scaffold3573	27558	27621	64	*	Scaffold72	127596	127659	64	*
Scaffold3573	27514	27606	93	*	Scaffold734	300928	301020	93	*
Scaffold3573	27516	27600	85	*	Scaffold753	64249	64333	85	*
Scaffold3573	27525	27613	89	*	Scaffold775	12057	12145	89	*
Scaffold3573	27532	27610	79	*	Scaffold828	36710	36788	79	*
Scaffold3573	27557	27615	59	*	Scaffold829	115548	115606	59	*
Scaffold35756	10092	10148	57	*	Scaffold315	215742	215798	57	*
Scaffold3581	5131	5183	53	*	Scaffold25	1219606	1219658	53	*
Scaffold3582	17500	17568	69	*	Scaffold2483	265318	265386	69	*
Scaffold3587	35180	35232	53	*	Scaffold18	683124	683176	53	*
Scaffold35870	3584	3638	55	*	Scaffold1108	70961	71015	55	*
Scaffold35873	4421	4539	119	*	Scaffold198	603688	603806	119	*
Scaffold3588	7181	7236	56	*	Scaffold1441	112389	112444	56	*
Scaffold3588	25792	25841	50	*	Scaffold22659	17	66	50	*
Scaffold3588	54044	54114	71	*	Scaffold27542	129	199	71	*
Scaffold3588	7200	7258	59	*	Scaffold79	375062	375120	59	*
Scaffold3588	10815	10866	52	*	Scaffold79	375671	375722	52	*
Scaffold3589	55992	56047	56	*	Scaffold30995	694	749	56	*
Scaffold359	37407	37493	87	*	Scaffold3316	10847	10933	87	*
Scaffold359	37650	37710	61	*	Scaffold3316	11069	11129	61	*
Scaffold3592	31406	31459	54	*	Scaffold175	613428	613481	54	*
Scaffold3593	37279	37328	50	*	Scaffold2449	61071	61120	50	*
Scaffold3593	27430	27504	75	*	Scaffold2449	53802	53876	75	*
Scaffold3593	120002	120054	53	*	Scaffold409	573833	573885	53	*
Scaffold3593	67329	67384	56	*	Scaffold409	622231	622286	56	*
Scaffold3597	54946	54997	52	*	Scaffold1472	23465	23516	52	*
Scaffold3597	55824	55875	52	*	Scaffold4	1040938	1040989	52	*
Scaffold3597	81400	81464	65	*	Scaffold4	1020502	1020566	65	*
Scaffold3597	79287	79351	65	*	Scaffold4	1020502	1020566	65	*
Scaffold35991	2342	2396	55	*	Scaffold1259	130731	130785	55	*
Scaffold36	173782	173858	77	*	Scaffold79	375763	375839	77	*
Scaffold36002	299	358	60	*	Scaffold110	751705	751764	60	*
Scaffold36014	10188	10240	53	*	Scaffold21	372731	372783	53	*
Scaffold3605	41803	41861	59	*	Scaffold135	63631	63689	59	*
Scaffold3605	42008	42068	61	*	Scaffold246	323374	323434	61	*
Scaffold3606	12936	13001	66	*	Scaffold241	583864	583929	66	*
Scaffold3606	38915	38978	64	*	Scaffold241	599492	599555	64	*
Scaffold3606	13061	13136	76	*	Scaffold241	583985	584060	76	*
Scaffold3606	5494	5543	50	*	Scaffold241	576044	576093	50	*
Scaffold36087	3385	3450	66	*	Scaffold114	1205933	1205998	66	*
Scaffold361	32819	32872	54	*	Scaffold899	194602	194655	54	*
Scaffold361	12388	12444	57	*	Scaffold936	204736	204792	57	*
Scaffold36128	488	543	56	*	Scaffold135	104	159	56	*
Scaffold3615	66108	66225	118	*	Scaffold5191	8383	8500	118	*
Scaffold3617	20107	20160	54	*	Scaffold534	79791	79844	54	*
Scaffold36174	2800	2867	68	*	Scaffold1763	123803	123870	68	*
Scaffold3618	34588	34674	87	*	Scaffold470	293456	293542	87	*
Scaffold3618	33984	34108	125	*	Scaffold470	293480	293604	125	*
Scaffold36213	12796	12972	177	*	Scaffold66	867373	867549	177	*
Scaffold36213	12547	12601	55	*	Scaffold66	867744	867798	55	*
Scaffold36213	15165	15218	54	*	Scaffold66	865093	865146	54	*
Scaffold36213	12321	12393	73	*	Scaffold66	867954	868026	73	*
Scaffold36213	12629	12741	113	*	Scaffold66	867604	867716	113	*
Scaffold36213	15386	15470	85	*	Scaffold66	864848	864932	85	*
Scaffold36213	12399	12452	54	*	Scaffold66	867894	867947	54	*
Scaffold36213	10201	10253	53	*	Scaffold66	870123	870175	53	*
Scaffold3623	20130	20179	50	*	Scaffold2064	129577	129626	50	*
Scaffold3623	31244	31293	50	*	Scaffold2064	129577	129626	50	*
Scaffold3627	69874	69977	104	*	Scaffold240	220036	220139	104	*
Scaffold363	88494	88547	54	*	Scaffold561	651908	651961	54	*
Scaffold363	61299	61355	57	*	Scaffold561	670447	670503	57	*
Scaffold363	56930	56988	59	*	Scaffold561	675440	675498	59	*
Scaffold363	59255	59316	62	*	Scaffold561	672775	672836	62	*
Scaffold363	61661	61711	51	*	Scaffold561	670099	670149	51	*
Scaffold363	62789	62841	53	*	Scaffold561	669064	669116	53	*
Scaffold3630	58534	58583	50	*	Scaffold130	636968	637017	50	*
Scaffold3633	42441	42498	58	*	Scaffold216	224435	224492	58	*
Scaffold36350	53	110	58	*	Scaffold894	85334	85391	58	*
Scaffold36366	2263	2319	57	*	Scaffold103	504977	505033	57	*
Scaffold3638	100985	101055	71	*	Scaffold1075	353164	353234	71	*
Scaffold3638	94030	94083	54	*	Scaffold1075	348835	348888	54	*
Scaffold3638	90903	90967	65	*	Scaffold1075	345514	345578	65	*
Scaffold3638	88415	88467	53	*	Scaffold1075	343214	343266	53	*
Scaffold3638	88201	88254	54	*	Scaffold1075	342997	343050	54	*
Scaffold3638	89584	89633	50	*	Scaffold1075	344366	344415	50	*
Scaffold3638	51638	51700	63	*	Scaffold113	306267	306329	63	*
Scaffold3638	89584	89645	62	*	Scaffold113	267522	267583	62	*
Scaffold3638	100985	101055	71	*	Scaffold113	258346	258416	71	*
Scaffold3638	88415	88467	53	*	Scaffold113	268605	268657	53	*
Scaffold3638	88201	88254	54	*	Scaffold113	268821	268874	54	*
Scaffold3638	54975	55026	52	*	Scaffold113	302785	302836	52	*
Scaffold3638	94030	94083	54	*	Scaffold113	262781	262834	54	*
Scaffold3638	54702	54762	61	*	Scaffold113	303043	303103	61	*
Scaffold3638	83019	83068	50	*	Scaffold113	275505	275554	50	*
Scaffold3638	19996	20045	50	*	Scaffold113	339712	339761	50	*
Scaffold3638	37048	37104	57	*	Scaffold113	317309	317365	57	*
Scaffold3638	58883	58937	55	*	Scaffold113	299172	299226	55	*
Scaffold3638	69333	69422	90	*	Scaffold113	286351	286440	90	*
Scaffold3638	102834	102897	64	*	Scaffold113	256093	256156	64	*
Scaffold3638	72791	72846	56	*	Scaffold113	282777	282832	56	*
Scaffold3638	59309	59358	50	*	Scaffold113	298795	298844	50	*
Scaffold3638	33862	33911	50	*	Scaffold113	321584	321633	50	*
Scaffold3638	83104	83156	53	*	Scaffold113	275417	275469	53	*
Scaffold3638	114445	114503	59	*	Scaffold113	243248	243306	59	*
Scaffold3638	59544	59609	66	*	Scaffold113	298553	298618	66	*
Scaffold3638	90903	90967	65	*	Scaffold113	266172	266236	65	*
Scaffold3638	71448	71501	54	*	Scaffold113	283941	283994	54	*
Scaffold3638	105031	105090	60	*	Scaffold113	253921	253980	60	*
Scaffold3638	69333	69420	88	*	Scaffold1605	7110	7197	88	*
Scaffold3638	71448	71501	54	*	Scaffold1605	9077	9130	54	*
Scaffold3638	41162	41214	53	*	Scaffold2280	3241	3293	53	*
Scaffold3638	114441	114503	63	*	Scaffold8580	8173	8235	63	*
Scaffold3638	83019	83068	50	*	Scaffold8580	789	838	50	*
Scaffold3638	83104	83156	53	*	Scaffold8580	701	753	53	*
Scaffold3638	114452	114503	52	*	Scaffold8580	5949	6000	52	*
Scaffold364	30292	30344	53	*	Scaffold1201	103662	103714	53	*
Scaffold364	114412	114500	89	*	Scaffold139	494340	494428	89	*
Scaffold364	118845	118901	57	*	Scaffold139	490421	490477	57	*
Scaffold364	15336	15391	56	*	Scaffold413	8518	8573	56	*
Scaffold364	19400	19565	166	*	Scaffold5191	8266	8431	166	*
Scaffold364	131101	131171	71	*	Scaffold983	515765	515835	71	*
Scaffold36411	7242	7306	65	*	Scaffold2991	8914	8978	65	*
Scaffold36476	11183	11237	55	*	Scaffold145	768500	768554	55	*
Scaffold36476	11193	11248	56	*	Scaffold157	772624	772679	56	*
Scaffold36476	11165	11225	61	*	Scaffold3092	15654	15714	61	*
Scaffold36476	11193	11250	58	*	Scaffold3200	29146	29203	58	*
Scaffold36476	11167	11238	72	*	Scaffold44	997962	998033	72	*
Scaffold36476	11191	11246	56	*	Scaffold61	836607	836662	56	*
Scaffold3651	3690	3743	54	*	Scaffold21	454964	455017	54	*
Scaffold3651	11169	11252	84	*	Scaffold21	446038	446121	84	*
Scaffold3651	3690	3743	54	*	Scaffold21	458318	458371	54	*
Scaffold3652	58489	58547	59	*	Scaffold1890	10012	10070	59	*
Scaffold3656	11928	12110	183	*	Scaffold2782	1850	2032	183	*
Scaffold3656	10031	10119	89	*	Scaffold2782	996	1084	89	*
Scaffold3656	11571	11621	51	*	Scaffold2782	1511	1561	51	*
Scaffold3656	12123	12198	76	*	Scaffold2782	2045	2120	76	*
Scaffold3656	13233	13294	62	*	Scaffold2782	3144	3205	62	*
Scaffold3656	8982	9039	58	*	Scaffold2782	605	662	58	*
Scaffold3656	14748	14810	63	*	Scaffold2782	4731	4793	63	*
Scaffold3656	10504	10676	173	*	Scaffold2782	1475	1647	173	*
Scaffold3656	12988	13178	191	*	Scaffold2782	2900	3090	191	*
Scaffold3656	14578	14630	53	*	Scaffold2782	4578	4630	53	*
Scaffold3656	8321	8374	54	*	Scaffold2782	11	64	54	*
Scaffold3656	14148	14208	61	*	Scaffold2782	4151	4211	61	*
Scaffold3656	8776	8830	55	*	Scaffold2782	435	489	55	*
Scaffold3656	9048	9097	50	*	Scaffold2782	672	721	50	*
Scaffold3656	12895	12986	92	*	Scaffold2782	2807	2898	92	*
Scaffold3656	13494	13562	69	*	Scaffold2782	3404	3472	69	*
Scaffold3656	13296	13430	135	*	Scaffold2782	3206	3340	135	*
Scaffold3656	14054	14122	69	*	Scaffold2782	4057	4125	69	*
Scaffold3656	8545	8621	77	*	Scaffold2782	233	309	77	*
Scaffold3656	14324	14437	114	*	Scaffold2782	4326	4439	114	*
Scaffold3656	11061	11149	89	*	Scaffold2782	996	1084	89	*
Scaffold3656	13579	13685	107	*	Scaffold2782	3489	3595	107	*
Scaffold3656	13939	13996	58	*	Scaffold2782	3891	3948	58	*
Scaffold3656	14509	14562	54	*	Scaffold2782	4510	4563	54	*
Scaffold3656	10121	10213	93	*	Scaffold2782	1085	1177	93	*
Scaffold3656	11781	11870	90	*	Scaffold2782	1703	1792	90	*
Scaffold3656	13775	13828	54	*	Scaffold2782	3685	3738	54	*
Scaffold3657	64186	64235	50	*	Scaffold1015	228374	228423	50	*
Scaffold3657	67213	67264	52	*	Scaffold1015	231504	231555	52	*
Scaffold3657	4502	4552	51	*	Scaffold511	465812	465862	51	*
Scaffold36574	1971	2023	53	*	Scaffold1167	69311	69363	53	*
Scaffold36574	1893	1951	59	*	Scaffold119	418968	419026	59	*
Scaffold36574	1944	2011	68	*	Scaffold1625	143387	143454	68	*
Scaffold36574	1894	2030	137	*	Scaffold194	54746	54882	137	*
Scaffold36574	1980	2029	50	*	Scaffold41	534796	534845	50	*
Scaffold36574	1944	2011	68	*	Scaffold55	725736	725803	68	*
Scaffold36574	1956	2017	62	*	Scaffold974	50944	51005	62	*
Scaffold3660	47223	47281	59	*	Scaffold205	406929	406987	59	*
Scaffold3662	16001	16059	59	*	Scaffold256	547470	547528	59	*
Scaffold3662	16001	16059	59	*	Scaffold29	587100	587158	59	*
Scaffold3662	16116	16182	67	*	Scaffold641	315882	315948	67	*
Scaffold3666	33102	33151	50	*	Scaffold1978	49084	49133	50	*
Scaffold3666	10982	11055	74	*	Scaffold59	724679	724752	74	*
Scaffold3667	64125	64187	63	*	Scaffold157	627740	627802	63	*
Scaffold3671	25290	25363	74	*	Scaffold360	111970	112043	74	*
Scaffold3673	6483	6537	55	*	Scaffold408	576976	577030	55	*
Scaffold3677	4458	4541	84	*	Scaffold225	456404	456487	84	*
Scaffold3679	53316	53374	59	*	Scaffold95	1187110	1187168	59	*
Scaffold3684	5507	5642	136	*	Scaffold198	603685	603820	136	*
Scaffold36870	1338	1412	75	*	Scaffold764	166216	166290	75	*
Scaffold369	164930	164979	50	*	Scaffold423	291215	291264	50	*
Scaffold369	164934	164993	60	*	Scaffold56	117327	117386	60	*
Scaffold3691	12742	12791	50	*	Scaffold1323	47849	47898	50	*
Scaffold3692	57863	57923	61	*	Scaffold5191	8267	8327	61	*
Scaffold3692	57965	58082	118	*	Scaffold5191	8369	8486	118	*
Scaffold3695	26673	26737	65	*	Scaffold4647	47101	47165	65	*
Scaffold3697	24106	24168	63	*	Scaffold103	504968	505030	63	*
Scaffold3698	9197	9249	53	*	Scaffold40	361077	361129	53	*
Scaffold3699	30322	30385	64	*	Scaffold497	261473	261536	64	*
Scaffold3699	38737	38788	52	*	Scaffold497	266506	266557	52	*
Scaffold3699	37269	37364	96	*	Scaffold497	264763	264858	96	*
Scaffold3699	8044	8101	58	*	Scaffold497	249383	249440	58	*
Scaffold3700	24217	24274	58	*	Scaffold114	877425	877482	58	*
Scaffold37109	666	721	56	*	Scaffold30995	694	749	56	*
Scaffold37121	184	250	67	*	Scaffold2093	6796	6862	67	*
Scaffold37134	690	790	101	*	Scaffold1243	116043	116143	101	*
Scaffold37134	713	792	80	*	Scaffold1302	97526	97605	80	*
Scaffold37134	710	787	78	*	Scaffold1424	52457	52534	78	*
Scaffold37134	712	781	70	*	Scaffold1623	48117	48186	70	*
Scaffold37134	690	766	77	*	Scaffold1718	73322	73398	77	*
Scaffold37134	703	772	70	*	Scaffold1932	102593	102662	70	*
Scaffold37134	690	742	53	*	Scaffold1973	68774	68826	53	*
Scaffold37134	717	803	87	*	Scaffold2035	27116	27202	87	*
Scaffold37134	728	778	51	*	Scaffold2159	251	301	51	*
Scaffold37134	702	752	51	*	Scaffold218	368781	368831	51	*
Scaffold37134	683	768	86	*	Scaffold2573	14	99	86	*
Scaffold37134	702	784	83	*	Scaffold260	376970	377052	83	*
Scaffold37134	702	796	95	*	Scaffold3024	15759	15853	95	*
Scaffold37134	683	754	72	*	Scaffold31	576716	576787	72	*
Scaffold37134	702	751	50	*	Scaffold448	24682	24731	50	*
Scaffold37134	690	745	56	*	Scaffold49	156683	156738	56	*
Scaffold37134	701	763	63	*	Scaffold547	398511	398573	63	*
Scaffold37134	710	787	78	*	Scaffold566	210714	210791	78	*
Scaffold37134	690	767	78	*	Scaffold67	119377	119454	78	*
Scaffold37134	743	796	54	*	Scaffold675	4058	4111	54	*
Scaffold37134	690	747	58	*	Scaffold6798	1860	1917	58	*
Scaffold37134	704	758	55	*	Scaffold743	71413	71467	55	*
Scaffold37134	694	775	82	*	Scaffold841	68137	68218	82	*
Scaffold37134	708	802	95	*	Scaffold85	677018	677112	95	*
Scaffold37134	702	760	59	*	Scaffold999	185781	185839	59	*
Scaffold3717	21199	21263	65	*	Scaffold360	112025	112089	65	*
Scaffold3718	74642	74724	83	*	Scaffold1527	43449	43531	83	*
Scaffold372	66527	66583	57	*	Scaffold314	434227	434283	57	*
Scaffold372	139409	139462	54	*	Scaffold314	507354	507407	54	*
Scaffold372	139196	139257	62	*	Scaffold314	507133	507194	62	*
Scaffold372	91869	91934	66	*	Scaffold314	451549	451614	66	*
Scaffold372	53585	53637	53	*	Scaffold314	423798	423850	53	*
Scaffold37211	635	687	53	*	Scaffold813	89521	89573	53	*
Scaffold37212	1384	1435	52	*	Scaffold110	691109	691160	52	*
Scaffold3724	9952	10008	57	*	Scaffold318	74420	74476	57	*
Scaffold3726	11876	11927	52	*	Scaffold365	282264	282315	52	*
Scaffold37283	2664	2726	63	*	Scaffold41	504095	504157	63	*
Scaffold373	67768	67842	75	*	Scaffold80	684082	684156	75	*
Scaffold373	67844	67893	50	*	Scaffold80	684158	684207	50	*
Scaffold3730	54482	54547	66	*	Scaffold1373	199613	199678	66	*
Scaffold3730	37460	37509	50	*	Scaffold1373	214896	214945	50	*
Scaffold3735	27939	28011	73	*	Scaffold353	281337	281409	73	*
Scaffold3736	20621	20670	50	*	Scaffold628	304024	304073	50	*
Scaffold374	31732	31785	54	*	Scaffold881	339862	339915	54	*
Scaffold3741	21946	22020	75	*	Scaffold1527	43574	43648	75	*
Scaffold3742	70716	70767	52	*	Scaffold18	332438	332489	52	*
Scaffold3742	70752	70818	67	*	Scaffold1907	103063	103129	67	*
Scaffold3742	21421	21495	75	*	Scaffold311	133748	133822	75	*
Scaffold3742	70749	70808	60	*	Scaffold587	218223	218282	60	*
Scaffold3742	70764	70813	50	*	Scaffold61	1163962	1164011	50	*
Scaffold3743	102855	102910	56	*	Scaffold2309	58305	58360	56	*
Scaffold3743	102865	102916	52	*	Scaffold3028	59697	59748	52	*
Scaffold3743	102852	102908	57	*	Scaffold467	575892	575948	57	*
Scaffold3743	102847	102908	62	*	Scaffold876	433833	433894	62	*
Scaffold37435	64	119	56	*	Scaffold926	387132	387187	56	*
Scaffold37435	137	214	78	*	Scaffold926	387204	387281	78	*
Scaffold37438	2728	2804	77	*	Scaffold238	296691	296767	77	*
Scaffold37440	753	802	50	*	Scaffold2280	3238	3287	50	*
Scaffold3745	11295	11346	52	*	Scaffold383	110064	110115	52	*
Scaffold375	100200	100250	51	*	Scaffold18	332980	333030	51	*
Scaffold375	100252	100302	51	*	Scaffold18	332928	332978	51	*
Scaffold375	122947	123010	64	*	Scaffold78	551078	551141	64	*
Scaffold375	109223	109275	53	*	Scaffold78	561246	561298	53	*
Scaffold375	94559	94684	126	*	Scaffold78	576085	576210	126	*
Scaffold375	80983	81035	53	*	Scaffold78	587234	587286	53	*
Scaffold375	107849	107934	86	*	Scaffold78	562705	562790	86	*
Scaffold375	81146	81207	62	*	Scaffold79	375671	375732	62	*
Scaffold37508	2796	2853	58	*	Scaffold3	80776	80833	58	*
Scaffold3755	50775	50837	63	*	Scaffold113	356588	356650	63	*
Scaffold3755	22417	22468	52	*	Scaffold2097	75119	75170	52	*
Scaffold3755	45912	45970	59	*	Scaffold2097	48098	48156	59	*
Scaffold376	16925	16976	52	*	Scaffold139	131428	131479	52	*
Scaffold376	16864	16922	59	*	Scaffold139	131364	131422	59	*
Scaffold3762	32538	32591	54	*	Scaffold1410	175241	175294	54	*
Scaffold3762	81702	81751	50	*	Scaffold1410	228523	228572	50	*
Scaffold3762	48307	48365	59	*	Scaffold1410	192410	192468	59	*
Scaffold3762	19103	19155	53	*	Scaffold1410	155333	155385	53	*
Scaffold3762	49609	49685	77	*	Scaffold850	177186	177262	77	*
Scaffold3762	48307	48365	59	*	Scaffold850	175692	175750	59	*
Scaffold3764	10092	10150	59	*	Scaffold18	332716	332774	59	*
Scaffold3765	19338	19398	61	*	Scaffold232	293443	293503	61	*
Scaffold3765	20210	20296	87	*	Scaffold232	293417	293503	87	*
Scaffold3765	20210	20296	87	*	Scaffold7945	18646	18732	87	*
Scaffold377	53821	53890	70	*	Scaffold113	356576	356645	70	*
Scaffold3773	4347	4399	53	*	Scaffold17654	1776	1828	53	*
Scaffold3774	28480	28533	54	*	Scaffold202	349865	349918	54	*
Scaffold3775	99445	99512	68	*	Scaffold2	1265316	1265383	68	*
Scaffold3775	31321	31408	88	*	Scaffold544	369094	369181	88	*
Scaffold3775	31321	31408	88	*	Scaffold544	355873	355960	88	*
Scaffold378	57517	57576	60	*	Scaffold10072	7132	7191	60	*
Scaffold378	57539	57590	52	*	Scaffold1015	384713	384764	52	*
Scaffold378	57510	57574	65	*	Scaffold160	438865	438929	65	*
Scaffold378	57535	57589	55	*	Scaffold17	994159	994213	55	*
Scaffold378	57507	57576	70	*	Scaffold1931	69130	69199	70	*
Scaffold378	103453	103533	81	*	Scaffold198	95784	95864	81	*
Scaffold378	57507	57572	66	*	Scaffold204	833352	833417	66	*
Scaffold378	57511	57577	67	*	Scaffold212	446331	446397	67	*
Scaffold378	57514	57568	55	*	Scaffold219	728539	728593	55	*
Scaffold378	57508	57565	58	*	Scaffold2366	90763	90820	58	*
Scaffold378	57521	57589	69	*	Scaffold242	260888	260956	69	*
Scaffold378	83835	83884	50	*	Scaffold253	154324	154373	50	*
Scaffold378	218852	218931	80	*	Scaffold296	625314	625393	80	*
Scaffold378	218862	218918	57	*	Scaffold3113	38111	38167	57	*
Scaffold378	57507	57589	83	*	Scaffold468	634599	634681	83	*
Scaffold378	221915	221985	71	*	Scaffold5191	8311	8381	71	*
Scaffold378	221813	221913	101	*	Scaffold5191	8383	8483	101	*
Scaffold378	57504	57567	64	*	Scaffold55	462772	462835	64	*
Scaffold378	57505	57570	66	*	Scaffold613	248652	248717	66	*
Scaffold378	33835	33889	55	*	Scaffold636	404560	404614	55	*
Scaffold378	162979	163054	76	*	Scaffold636	492696	492771	76	*
Scaffold378	92582	92647	66	*	Scaffold636	450035	450100	66	*
Scaffold378	16808	16858	51	*	Scaffold636	385857	385907	51	*
Scaffold378	81780	81833	54	*	Scaffold636	441348	441401	54	*
Scaffold378	42768	42839	72	*	Scaffold636	412949	413020	72	*
Scaffold378	102918	102981	64	*	Scaffold636	460586	460649	64	*
Scaffold378	7497	7548	52	*	Scaffold636	375341	375392	52	*
Scaffold378	53010	53068	59	*	Scaffold636	421465	421523	59	*
Scaffold378	30108	30168	61	*	Scaffold636	400575	400635	61	*
Scaffold378	12191	12254	64	*	Scaffold636	380484	380547	64	*
Scaffold378	3850	3912	63	*	Scaffold636	371728	371790	63	*
Scaffold3782	72112	72161	50	*	Scaffold3316	10956	11005	50	*
Scaffold37821	2777	2854	78	*	Scaffold116	668604	668681	78	*
Scaffold37825	798	855	58	*	Scaffold196	383607	383664	58	*
Scaffold3783	102226	102277	52	*	Scaffold172	249414	249465	52	*
Scaffold3783	102153	102214	62	*	Scaffold18	332161	332222	62	*
Scaffold3783	19729	19785	57	*	Scaffold547	263356	263412	57	*
Scaffold3783	55951	56000	50	*	Scaffold547	236341	236390	50	*
Scaffold3783	48392	48441	50	*	Scaffold547	244139	244188	50	*
Scaffold3785	50954	51005	52	*	Scaffold3787	46740	46791	52	*
Scaffold3785	11097	11146	50	*	Scaffold409	568254	568303	50	*
Scaffold3785	50954	51005	52	*	Scaffold409	545161	545212	52	*
Scaffold3785	12878	12927	50	*	Scaffold409	568254	568303	50	*
Scaffold3785	4475	4527	53	*	Scaffold409	573833	573885	53	*
Scaffold3787	10796	10845	50	*	Scaffold148	172614	172663	50	*
Scaffold3787	10810	10862	53	*	Scaffold50	707758	707810	53	*
Scaffold379	172032	172110	79	*	Scaffold1181	138787	138865	79	*
Scaffold3790	67144	67202	59	*	Scaffold103	350576	350634	59	*
Scaffold3790	64791	64846	56	*	Scaffold1495	108355	108410	56	*
Scaffold3790	85348	85399	52	*	Scaffold77	225971	226022	52	*
Scaffold3793	22516	22576	61	*	Scaffold2547	77041	77101	61	*
Scaffold3793	50179	50234	56	*	Scaffold2782	97740	97795	56	*
Scaffold3793	22528	22577	50	*	Scaffold770	88843	88892	50	*
Scaffold3794	56925	56976	52	*	Scaffold4885	2636	2687	52	*
Scaffold37945	123	207	85	*	Scaffold2782	138774	138858	85	*
Scaffold37945	423	508	86	*	Scaffold2782	139073	139158	86	*
Scaffold37945	3327	3461	135	*	Scaffold2782	141617	141751	135	*
Scaffold37945	1627	1694	68	*	Scaffold2782	140266	140333	68	*
Scaffold37945	209	266	58	*	Scaffold2782	138859	138916	58	*
Scaffold37945	49	121	73	*	Scaffold2782	138700	138772	73	*
Scaffold37945	2524	2607	84	*	Scaffold2782	134452	134535	84	*
Scaffold37945	311	362	52	*	Scaffold2782	138961	139012	52	*
Scaffold37945	613	679	67	*	Scaffold2782	139265	139331	67	*
Scaffold3795	25506	25555	50	*	Scaffold1452	226952	227001	50	*
Scaffold3795	25506	25555	50	*	Scaffold1452	224299	224348	50	*
Scaffold37969	3070	3151	82	*	Scaffold127	14177	14258	82	*
Scaffold37981	1	61	61	*	Scaffold996	76061	76121	61	*
Scaffold38	212416	212475	60	*	Scaffold145	744372	744431	60	*
Scaffold38	212427	212482	56	*	Scaffold2719	46570	46625	56	*
Scaffold38	212418	212476	59	*	Scaffold4071	19660	19718	59	*
Scaffold38	212415	212472	58	*	Scaffold482	528129	528186	58	*
Scaffold38	57792	57845	54	*	Scaffold862	232473	232526	54	*
Scaffold38	66774	66834	61	*	Scaffold862	205125	205185	61	*
Scaffold38	57695	57745	51	*	Scaffold862	232573	232623	51	*
Scaffold38098	274	354	81	*	Scaffold130	33185	33265	81	*
Scaffold38098	526	575	50	*	Scaffold130	33428	33477	50	*
Scaffold38098	469	524	56	*	Scaffold130	33371	33426	56	*
Scaffold38098	82	198	117	*	Scaffold130	33003	33119	117	*
Scaffold38098	82	190	109	*	Scaffold89	860235	860343	109	*
Scaffold38098	269	354	86	*	Scaffold89	860071	860156	86	*
Scaffold38098	526	575	50	*	Scaffold89	857354	857403	50	*
Scaffold38098	461	524	64	*	Scaffold89	859917	859980	64	*
Scaffold38098	82	201	120	*	Scaffold89	857712	857831	120	*
Scaffold38098	526	575	50	*	Scaffold89	859866	859915	50	*
Scaffold38098	295	354	60	*	Scaffold89	857559	857618	60	*
Scaffold38098	461	524	64	*	Scaffold89	857405	857468	64	*
Scaffold3810	21245	21296	52	*	Scaffold86	777300	777351	52	*
Scaffold38101	2748	2799	52	*	Scaffold610	95919	95970	52	*
Scaffold3813	7625	7681	57	*	Scaffold529	85729	85785	57	*
Scaffold3813	7629	7681	53	*	Scaffold558	389758	389810	53	*
Scaffold3814	69431	69485	55	*	Scaffold758	26623	26677	55	*
Scaffold38142	2971	3024	54	*	Scaffold477	136269	136322	54	*
Scaffold3815	65225	65277	53	*	Scaffold362	243790	243842	53	*
Scaffold38177	156	216	61	*	Scaffold174	121340	121400	61	*
Scaffold38183	13302	13370	69	*	Scaffold80	684069	684137	69	*
Scaffold3819	49831	49881	51	*	Scaffold2895	57974	58024	51	*
Scaffold3819	49832	49883	52	*	Scaffold67	370665	370716	52	*
Scaffold382	11661	11720	60	*	Scaffold2952	81210	81269	60	*
Scaffold382	26170	26232	63	*	Scaffold2952	92207	92269	63	*
Scaffold3821	42565	42638	74	*	Scaffold3218	20853	20926	74	*
Scaffold3821	96828	96899	72	*	Scaffold5	917864	917935	72	*
Scaffold3821	34160	34267	108	*	Scaffold5	862707	862814	108	*
Scaffold3821	79281	79357	77	*	Scaffold5	932917	932993	77	*
Scaffold3821	6330	6390	61	*	Scaffold5	989298	989358	61	*
Scaffold3821	26635	26702	68	*	Scaffold5	971096	971163	68	*
Scaffold3821	111880	111971	92	*	Scaffold5	900868	900959	92	*
Scaffold3821	37821	37890	70	*	Scaffold5	961099	961168	70	*
Scaffold3821	95996	96050	55	*	Scaffold5	918737	918791	55	*
Scaffold3821	34160	34267	108	*	Scaffold5	964421	964528	108	*
Scaffold3821	99558	99616	59	*	Scaffold5	914228	914286	59	*
Scaffold3821	95095	95230	136	*	Scaffold5	919546	919681	136	*
Scaffold3821	90128	90181	54	*	Scaffold5	923639	923692	54	*
Scaffold3821	34323	34415	93	*	Scaffold5	964273	964365	93	*
Scaffold3821	38653	38710	58	*	Scaffold5	961099	961156	58	*
Scaffold3821	89988	90083	96	*	Scaffold5	923737	923832	96	*
Scaffold3821	13699	13759	61	*	Scaffold5	982884	982944	61	*
Scaffold3821	109938	110055	118	*	Scaffold5	902885	903002	118	*
Scaffold3821	48764	48816	53	*	Scaffold5	953394	953446	53	*
Scaffold3821	78264	78338	75	*	Scaffold5	933932	934006	75	*
Scaffold3821	96742	96792	51	*	Scaffold5	917971	918021	51	*
Scaffold3821	109357	109425	69	*	Scaffold5	903468	903536	69	*
Scaffold3821	61752	61848	97	*	Scaffold5	940801	940897	97	*
Scaffold3821	113032	113081	50	*	Scaffold5	899569	899618	50	*
Scaffold3821	103064	103116	53	*	Scaffold5	910064	910116	53	*
Scaffold3821	78662	78744	83	*	Scaffold5	933528	933610	83	*
Scaffold3826	8374	8435	62	*	Scaffold568	424813	424874	62	*
Scaffold3826	7425	7485	61	*	Scaffold568	423765	423825	61	*
Scaffold3828	3486	3547	62	*	Scaffold932	115685	115746	62	*
Scaffold3829	28800	28857	58	*	Scaffold1297	193436	193493	58	*
Scaffold3829	20047	20115	69	*	Scaffold1297	200613	200681	69	*
Scaffold3829	91335	91453	119	*	Scaffold1297	127204	127322	119	*
Scaffold3829	42045	42098	54	*	Scaffold1297	180046	180099	54	*
Scaffold3829	72044	72094	51	*	Scaffold1297	150484	150534	51	*
Scaffold3829	42579	42632	54	*	Scaffold1297	179348	179401	54	*
Scaffold3829	84986	85037	52	*	Scaffold1297	136884	136935	52	*
Scaffold3829	91803	91855	53	*	Scaffold1297	126799	126851	53	*
Scaffold3829	90727	90980	254	*	Scaffold1297	127680	127933	254	*
Scaffold3829	32076	32147	72	*	Scaffold1297	190062	190133	72	*
Scaffold3829	42427	42500	74	*	Scaffold1297	179479	179552	74	*
Scaffold3829	82545	82595	51	*	Scaffold1297	139840	139890	51	*
Scaffold3829	24364	24430	67	*	Scaffold1297	197148	197214	67	*
Scaffold3829	80396	80448	53	*	Scaffold1297	141510	141562	53	*
Scaffold3829	42785	42856	72	*	Scaffold1297	179124	179195	72	*
Scaffold3829	95175	95231	57	*	Scaffold1297	122927	122983	57	*
Scaffold3829	51905	51955	51	*	Scaffold1297	168189	168239	51	*
Scaffold3829	91056	91137	82	*	Scaffold1297	127520	127601	82	*
Scaffold3829	42858	42928	71	*	Scaffold1297	179052	179122	71	*
Scaffold3829	51821	51877	57	*	Scaffold1297	168267	168323	57	*
Scaffold3829	57123	57222	100	*	Scaffold1297	162929	163028	100	*
Scaffold3829	95104	95155	52	*	Scaffold1297	123003	123054	52	*
Scaffold3829	20047	20115	69	*	Scaffold2480	33436	33504	69	*
Scaffold383	70795	70846	52	*	Scaffold134	511616	511667	52	*
Scaffold3831	24014	24073	60	*	Scaffold1482	20757	20816	60	*
Scaffold3831	31515	31724	210	*	Scaffold5191	8261	8470	210	*
Scaffold3832	32541	32596	56	*	Scaffold279	328253	328308	56	*
Scaffold3834	66215	66269	55	*	Scaffold2782	4683	4737	55	*
Scaffold3834	49696	49746	51	*	Scaffold2782	24228	24278	51	*
Scaffold3834	56276	56342	67	*	Scaffold2782	17630	17696	67	*
Scaffold3834	54250	54309	60	*	Scaffold2782	19693	19752	60	*
Scaffold3834	34897	34957	61	*	Scaffold2782	34498	34558	61	*
Scaffold3834	52536	52614	79	*	Scaffold2782	21391	21469	79	*
Scaffold3834	68002	68059	58	*	Scaffold2782	2807	2864	58	*
Scaffold3834	52739	52798	60	*	Scaffold2782	21207	21266	60	*
Scaffold3834	60765	60856	92	*	Scaffold2782	9939	10030	92	*
Scaffold3834	52453	52534	82	*	Scaffold2782	21471	21552	82	*
Scaffold3834	42624	42813	190	*	Scaffold2782	30119	30308	190	*
Scaffold3834	50250	50328	79	*	Scaffold2782	23671	23749	79	*
Scaffold3834	47033	47084	52	*	Scaffold2782	27076	27127	52	*
Scaffold3834	31623	31704	82	*	Scaffold2782	37887	37968	82	*
Scaffold3834	58327	58426	100	*	Scaffold2782	15523	15622	100	*
Scaffold3834	40805	40963	159	*	Scaffold2782	30150	30308	159	*
Scaffold3834	65536	65639	104	*	Scaffold2782	5266	5369	104	*
Scaffold3834	57384	57436	53	*	Scaffold2782	16525	16577	53	*
Scaffold3834	37062	37254	193	*	Scaffold2782	32270	32462	193	*
Scaffold3834	31172	31318	147	*	Scaffold2782	38276	38422	147	*
Scaffold3834	56855	56939	85	*	Scaffold2782	17028	17112	85	*
Scaffold3834	51672	51723	52	*	Scaffold2782	22282	22333	52	*
Scaffold3834	65233	65297	65	*	Scaffold2782	5605	5669	65	*
Scaffold3834	55991	56114	124	*	Scaffold2782	17870	17993	124	*
Scaffold3834	61874	61979	106	*	Scaffold2782	8863	8968	106	*
Scaffold3834	52800	52849	50	*	Scaffold2782	21156	21205	50	*
Scaffold3834	32787	32875	89	*	Scaffold2782	36719	36807	89	*
Scaffold3834	66013	66110	98	*	Scaffold2782	4795	4892	98	*
Scaffold3834	53922	53984	63	*	Scaffold2782	20018	20080	63	*
Scaffold3834	67235	67379	145	*	Scaffold2782	3497	3641	145	*
Scaffold3834	61123	61223	101	*	Scaffold2782	9574	9674	101	*
Scaffold3834	48588	48648	61	*	Scaffold2782	25333	25393	61	*
Scaffold3834	32733	32785	53	*	Scaffold2782	36809	36861	53	*
Scaffold3834	35155	35235	81	*	Scaffold2782	34219	34299	81	*
Scaffold3834	46050	46135	86	*	Scaffold2782	28043	28128	86	*
Scaffold3834	52946	53056	111	*	Scaffold2782	20949	21059	111	*
Scaffold3834	33249	33325	77	*	Scaffold2782	36257	36333	77	*
Scaffold3834	53452	53504	53	*	Scaffold2782	20501	20553	53	*
Scaffold3834	50760	50912	153	*	Scaffold2782	23088	23240	153	*
Scaffold3834	29617	29689	73	*	Scaffold2782	40034	40106	73	*
Scaffold3834	54540	54608	69	*	Scaffold2782	19394	19462	69	*
Scaffold3834	46458	46556	99	*	Scaffold2782	27626	27724	99	*
Scaffold3834	55312	55367	56	*	Scaffold2782	18627	18682	56	*
Scaffold3834	40310	40365	56	*	Scaffold2782	29633	29688	56	*
Scaffold3834	63597	63965	369	*	Scaffold2782	6886	7254	369	*
Scaffold3834	41225	41276	52	*	Scaffold2782	30572	30623	52	*
Scaffold3834	29873	30089	217	*	Scaffold2782	39630	39846	217	*
Scaffold3834	35433	35582	150	*	Scaffold2782	33872	34021	150	*
Scaffold3834	58975	59140	166	*	Scaffold2782	10960	11125	166	*
Scaffold3834	63967	64028	62	*	Scaffold2782	6823	6884	62	*
Scaffold3834	34982	35037	56	*	Scaffold2782	34418	34473	56	*
Scaffold3834	31119	31170	52	*	Scaffold2782	38424	38475	52	*
Scaffold3834	30609	30682	74	*	Scaffold2782	38912	38985	74	*
Scaffold3834	33359	33432	74	*	Scaffold2782	36150	36223	74	*
Scaffold3834	26719	26904	186	*	Scaffold2782	42524	42709	186	*
Scaffold3834	66553	66630	78	*	Scaffold2782	4333	4410	78	*
Scaffold3834	57113	57187	75	*	Scaffold2782	16780	16854	75	*
Scaffold3834	44454	44831	378	*	Scaffold2782	28302	28679	378	*
Scaffold3834	61683	61825	143	*	Scaffold2782	8967	9109	143	*
Scaffold3834	37403	37540	138	*	Scaffold2782	31984	32121	138	*
Scaffold3834	34102	34156	55	*	Scaffold2782	35264	35318	55	*
Scaffold3834	69889	70026	138	*	Scaffold2782	1705	1792	88	*
Scaffold3834	67110	67184	75	*	Scaffold2782	3692	3766	75	*
Scaffold3834	56432	56493	62	*	Scaffold2782	17474	17535	62	*
Scaffold3834	35839	35913	75	*	Scaffold2782	33541	33615	75	*
Scaffold3834	62605	62903	299	*	Scaffold2782	7949	8247	299	*
Scaffold3834	30396	30458	63	*	Scaffold2782	39133	39195	63	*
Scaffold3834	49337	49390	54	*	Scaffold2782	24579	24632	54	*
Scaffold3834	45878	45948	71	*	Scaffold2782	28230	28300	71	*
Scaffold3834	56343	56429	87	*	Scaffold2782	17538	17624	87	*
Scaffold3834	46558	46616	59	*	Scaffold2782	27566	27624	59	*
Scaffold3834	38483	38714	232	*	Scaffold2782	31610	31841	232	*
Scaffold3834	45005	45090	86	*	Scaffold2782	28043	28128	86	*
Scaffold3834	31820	31903	84	*	Scaffold2782	37688	37771	84	*
Scaffold3834	43915	44041	127	*	Scaffold2782	28898	29024	127	*
Scaffold3834	62401	62603	203	*	Scaffold2782	8249	8451	203	*
Scaffold3834	66964	67027	64	*	Scaffold2782	3891	3954	64	*
Scaffold3834	39525	39652	128	*	Scaffold2782	28854	28981	128	*
Scaffold3834	56749	56817	69	*	Scaffold2782	17159	17227	69	*
Scaffold3834	42973	43024	52	*	Scaffold2782	29907	29958	52	*
Scaffold3834	26911	27634	724	*	Scaffold2782	41800	42523	724	*
Scaffold3834	70048	70097	50	*	Scaffold2782	1655	1704	50	*
Scaffold3834	66162	66214	53	*	Scaffold2782	4741	4793	53	*
Scaffold3834	45696	45876	181	*	Scaffold2782	28302	28482	181	*
Scaffold3834	33434	33536	103	*	Scaffold2782	35851	35953	103	*
Scaffold3834	31320	31596	277	*	Scaffold2782	37998	38274	277	*
Scaffold3834	61401	61474	74	*	Scaffold2782	9328	9401	74	*
Scaffold3834	34531	34693	163	*	Scaffold2782	34736	34898	163	*
Scaffold3834	54994	55050	57	*	Scaffold2782	18945	19001	57	*
Scaffold3834	54769	54844	76	*	Scaffold2782	19164	19239	76	*
Scaffold3834	51031	51092	62	*	Scaffold2782	22909	22970	62	*
Scaffold3834	35743	35837	95	*	Scaffold2782	33617	33711	95	*
Scaffold3834	64030	64339	310	*	Scaffold2782	6512	6821	310	*
Scaffold3834	49427	49558	132	*	Scaffold2782	24411	24542	132	*
Scaffold3834	53699	53765	67	*	Scaffold2782	20237	20303	67	*
Scaffold3834	52192	52375	184	*	Scaffold2782	21630	21813	184	*
Scaffold3834	26588	26718	131	*	Scaffold2782	42714	42844	131	*
Scaffold3834	52857	52944	88	*	Scaffold2782	21061	21148	88	*
Scaffold3834	59947	60111	165	*	Scaffold2782	10687	10851	165	*
Scaffold3834	56570	56747	178	*	Scaffold2782	17229	17406	178	*
Scaffold3834	44833	45003	171	*	Scaffold2782	28130	28300	171	*
Scaffold3834	34265	34324	60	*	Scaffold2782	35097	35156	60	*
Scaffold3834	42310	42361	52	*	Scaffold2782	30572	30623	52	*
Scaffold3834	58428	58496	69	*	Scaffold2782	15453	15521	69	*
Scaffold3834	60944	61035	92	*	Scaffold2782	9762	9853	92	*
Scaffold3834	62267	62399	133	*	Scaffold2782	8452	8584	133	*
Scaffold3834	36188	36267	80	*	Scaffold2782	33183	33262	80	*
Scaffold3834	57642	57821	180	*	Scaffold2782	16140	16319	180	*
Scaffold3834	50329	50398	70	*	Scaffold2782	23600	23669	70	*
Scaffold3834	42165	42308	144	*	Scaffold2782	30625	30768	144	*
Scaffold3834	54635	54690	56	*	Scaffold2782	19312	19367	56	*
Scaffold3834	41278	41422	145	*	Scaffold2782	30625	30769	145	*
Scaffold3834	23213	23269	57	*	Scaffold2782	44711	44767	57	*
Scaffold3834	47086	47140	55	*	Scaffold2782	27020	27074	55	*
Scaffold3834	45092	45290	199	*	Scaffold2782	27843	28041	199	*
Scaffold3834	54023	54123	101	*	Scaffold2782	19879	19979	101	*
Scaffold3834	38858	38908	51	*	Scaffold2782	31415	31465	51	*
Scaffold3834	66389	66439	51	*	Scaffold2782	4526	4576	51	*
Scaffold3834	38797	38856	60	*	Scaffold2782	31467	31526	60	*
Scaffold3834	66753	66837	85	*	Scaffold2782	4127	4211	85	*
Scaffold3834	65703	65763	61	*	Scaffold2782	5142	5202	61	*
Scaffold3834	51838	51951	114	*	Scaffold2782	22054	22167	114	*
Scaffold3834	33186	33247	62	*	Scaffold2782	36335	36396	62	*
Scaffold3834	30186	30315	130	*	Scaffold2782	39273	39402	130	*
Scaffold3834	35584	35741	158	*	Scaffold2782	33713	33870	158	*
Scaffold3834	29725	29871	147	*	Scaffold2782	39848	39994	147	*
Scaffold3834	31940	32067	128	*	Scaffold2782	37527	37654	128	*
Scaffold3834	57188	57327	140	*	Scaffold2782	16634	16773	140	*
Scaffold3834	50479	50562	84	*	Scaffold2782	23437	23520	84	*
Scaffold3834	51953	52069	117	*	Scaffold2782	21936	22052	117	*
Scaffold3834	61289	61350	62	*	Scaffold2782	9447	9508	62	*
Scaffold3834	42904	42971	68	*	Scaffold2782	29960	30027	68	*
Scaffold3834	33434	33504	71	*	Scaffold2782	36078	36148	71	*
Scaffold3834	67756	67938	183	*	Scaffold2782	2928	3110	183	*
Scaffold3834	36269	36347	79	*	Scaffold2782	33103	33181	79	*
Scaffold3834	51106	51176	71	*	Scaffold2782	22824	22894	71	*
Scaffold3834	36686	36808	123	*	Scaffold2782	32716	32838	123	*
Scaffold3834	37304	37376	73	*	Scaffold2782	32148	32220	73	*
Scaffold3834	55131	55193	63	*	Scaffold2782	18801	18863	63	*
Scaffold3834	34191	34263	73	*	Scaffold2782	35158	35230	73	*
Scaffold3834	62078	62179	102	*	Scaffold2782	8672	8773	102	*
Scaffold3834	61038	61121	84	*	Scaffold2782	9676	9759	84	*
Scaffold3834	40565	40616	52	*	Scaffold2782	29907	29958	52	*
Scaffold3834	60112	60219	108	*	Scaffold2782	10578	10685	108	*
Scaffold3834	64963	65039	77	*	Scaffold2782	5865	5941	77	*
Scaffold3834	29459	29615	157	*	Scaffold2782	40108	40264	157	*
Scaffold3834	61588	61640	53	*	Scaffold2782	9150	9202	53	*
Scaffold3834	66284	66377	94	*	Scaffold2782	4588	4681	94	*
Scaffold3834	60221	60713	493	*	Scaffold2782	10084	10576	493	*
Scaffold3834	40618	40738	121	*	Scaffold2782	29960	30080	121	*
Scaffold3834	32419	32561	143	*	Scaffold2782	37033	37175	143	*
Scaffold3834	46137	46335	199	*	Scaffold2782	27843	28041	199	*
Scaffold3834	49891	49973	83	*	Scaffold2782	23999	24081	83	*
Scaffold3834	51466	51529	64	*	Scaffold2782	22473	22536	64	*
Scaffold3834	30805	31003	199	*	Scaffold2782	38591	38789	199	*
Scaffold3834	68139	68218	80	*	Scaffold2782	2634	2713	80	*
Scaffold3834	65804	66011	208	*	Scaffold2782	4894	5101	208	*
Scaffold3834	45991	46048	58	*	Scaffold2782	28130	28187	58	*
Scaffold3834	25154	25695	542	*	Scaffold2782	43737	44278	542	*
Scaffold3834	31754	31818	65	*	Scaffold2782	37773	37837	65	*
Scaffold3834	32601	32670	70	*	Scaffold2782	36924	36993	70	*
Scaffold3834	58243	58308	66	*	Scaffold2782	15640	15705	66	*
Scaffold3834	67651	67708	58	*	Scaffold2782	3158	3215	58	*
Scaffold3834	57492	57640	149	*	Scaffold2782	16321	16469	149	*
Scaffold3834	33974	34057	84	*	Scaffold2782	35361	35444	84	*
Scaffold3834	36975	37060	86	*	Scaffold2782	32464	32549	86	*
Scaffold3834	58639	58699	61	*	Scaffold2782	15250	15310	61	*
Scaffold3834	56958	57014	57	*	Scaffold2782	16953	17009	57	*
Scaffold3834	49614	49665	52	*	Scaffold2782	24309	24360	52	*
Scaffold3834	27395	27450	56	*	Scaffold2782	64641	64696	56	*
Scaffold3834	64716	64818	103	*	Scaffold2782	6084	6186	103	*
Scaffold3834	62181	62265	85	*	Scaffold2782	8586	8670	85	*
Scaffold3834	61229	61287	59	*	Scaffold2782	9510	9568	59	*
Scaffold3834	47212	47269	58	*	Scaffold2782	26886	26943	58	*
Scaffold3834	25697	26586	890	*	Scaffold2782	42846	43735	890	*
Scaffold3834	63045	63596	552	*	Scaffold2782	7256	7807	552	*
Scaffold3834	40430	40504	75	*	Scaffold2782	29765	29839	75	*
Scaffold3834	50020	50139	120	*	Scaffold2782	23834	23953	120	*
Scaffold3834	57016	57111	96	*	Scaffold2782	16856	16951	96	*
Scaffold3834	35237	35431	195	*	Scaffold2782	34023	34217	195	*
Scaffold3834	59838	59945	108	*	Scaffold2782	10852	10959	108	*
Scaffold3834	34346	34398	53	*	Scaffold2782	35023	35075	53	*
Scaffold3834	64368	64429	62	*	Scaffold2782	6422	6483	62	*
Scaffold3834	52071	52136	66	*	Scaffold2782	21869	21934	66	*
Scaffold3834	56201	56274	74	*	Scaffold2782	17698	17771	74	*
Scaffold3834	43088	43152	65	*	Scaffold2782	29775	29839	65	*
Scaffold3834	67537	67630	94	*	Scaffold2782	3247	3340	94	*
Scaffold3834	55439	55507	69	*	Scaffold2782	18488	18556	69	*
Scaffold3834	33063	33123	61	*	Scaffold2782	36459	36519	61	*
Scaffold3834	42851	42902	52	*	Scaffold2782	30029	30080	52	*
Scaffold3834	62912	62986	75	*	Scaffold2782	7866	7940	75	*
Scaffold3834	58717	58769	53	*	Scaffold2782	15180	15232	53	*
Scaffold3834	35092	35149	58	*	Scaffold2782	34305	34362	58	*
Scaffold3834	58498	58637	140	*	Scaffold2782	15312	15451	140	*
Scaffold3834	36810	36910	101	*	Scaffold2782	32614	32714	101	*
Scaffold3834	43230	43338	109	*	Scaffold2782	29580	29688	109	*
Scaffold3834	52616	52737	122	*	Scaffold2782	21268	21389	122	*
Scaffold3834	41841	41938	98	*	Scaffold2782	30769	30866	98	*
Scaffold3834	45291	45694	404	*	Scaffold2782	28483	28886	404	*
Scaffold3835	7438	7488	51	*	Scaffold64	487792	487842	51	*
Scaffold3838	27828	27877	50	*	Scaffold249	765996	766045	50	*
Scaffold384	131913	132017	105	*	Scaffold356	107346	107450	105	*
Scaffold384	134139	134204	66	*	Scaffold356	109624	109689	66	*
Scaffold384	150807	150901	95	*	Scaffold356	133388	133482	95	*
Scaffold384	133363	133416	54	*	Scaffold356	108845	108898	54	*
Scaffold384	116704	116759	56	*	Scaffold356	89446	89501	56	*
Scaffold384	91094	91209	116	*	Scaffold356	67699	67814	116	*
Scaffold384	130362	130427	66	*	Scaffold356	105609	105674	66	*
Scaffold384	168333	168390	58	*	Scaffold356	155297	155354	58	*
Scaffold384	135437	135492	56	*	Scaffold356	110944	110999	56	*
Scaffold38440	5606	5692	87	*	Scaffold418	221864	221950	87	*
Scaffold38440	2909	2990	82	*	Scaffold418	219611	219692	82	*
Scaffold38440	5606	5692	87	*	Scaffold418	216142	216228	87	*
Scaffold38441	7819	7871	53	*	Scaffold911	80264	80316	53	*
Scaffold3846	52532	52596	65	*	Scaffold1564	246021	246085	65	*
Scaffold3846	29454	29506	53	*	Scaffold1616	146079	146131	53	*
Scaffold385	20821	20880	60	*	Scaffold455	256761	256820	60	*
Scaffold385	9348	9402	55	*	Scaffold455	268275	268329	55	*
Scaffold3855	65880	65950	71	*	Scaffold1223	64295	64365	71	*
Scaffold3855	100436	100492	57	*	Scaffold73	642913	642969	57	*
Scaffold3860	50740	50799	60	*	Scaffold630	504920	504979	60	*
Scaffold3860	18108	18308	201	*	Scaffold630	537268	537468	201	*
Scaffold3860	142194	142279	86	*	Scaffold630	438269	438354	86	*
Scaffold3860	2191	2243	53	*	Scaffold630	550909	550961	53	*
Scaffold3860	16882	16934	53	*	Scaffold630	538574	538626	53	*
Scaffold3860	158334	158434	101	*	Scaffold630	422678	422778	101	*
Scaffold3860	29380	29451	72	*	Scaffold630	527609	527680	72	*
Scaffold3860	5506	5560	55	*	Scaffold630	546730	546784	55	*
Scaffold3863	42300	42355	56	*	Scaffold142	84400	84455	56	*
Scaffold3865	23261	23327	67	*	Scaffold2891	18897	18963	67	*
Scaffold3865	19062	19140	79	*	Scaffold2891	21485	21563	79	*
Scaffold3871	21813	21870	58	*	Scaffold1396	194020	194077	58	*
Scaffold3871	21846	21901	56	*	Scaffold288	502859	502914	56	*
Scaffold3871	21684	21740	57	*	Scaffold288	503323	503379	57	*
Scaffold3872	60093	60162	70	*	Scaffold1871	69583	69652	70	*
Scaffold3873	25671	25732	62	*	Scaffold517	346049	346110	62	*
Scaffold3878	33071	33126	56	*	Scaffold1081	55262	55317	56	*
Scaffold38784	2912	2964	53	*	Scaffold2768	1744	1796	53	*
Scaffold3879	18234	18310	77	*	Scaffold2032	73268	73344	77	*
Scaffold3879	18238	18295	58	*	Scaffold2619	52151	52208	58	*
Scaffold3879	18245	18307	63	*	Scaffold3560	10441	10503	63	*
Scaffold3881	45099	45157	59	*	Scaffold693	245652	245710	59	*
Scaffold3888	54523	54581	59	*	Scaffold1871	154578	154636	59	*
Scaffold3889	7674	7725	52	*	Scaffold164	275793	275844	52	*
Scaffold389	47656	47707	52	*	Scaffold4864	12240	12291	52	*
Scaffold38903	333	386	54	*	Scaffold325	341528	341581	54	*
Scaffold38966	22443	22546	104	*	Scaffold143	1059657	1059760	104	*
Scaffold38966	17531	17621	91	*	Scaffold143	1064622	1064712	91	*
Scaffold38966	13194	13255	62	*	Scaffold143	1069001	1069062	62	*
Scaffold38966	24649	24698	50	*	Scaffold143	1058499	1058548	50	*
Scaffold38966	17834	17892	59	*	Scaffold143	1064358	1064416	59	*
Scaffold38966	21678	21743	66	*	Scaffold143	1060446	1060511	66	*
Scaffold38966	13600	13715	116	*	Scaffold143	1068546	1068661	116	*
Scaffold38966	7439	7488	50	*	Scaffold143	1072069	1072118	50	*
Scaffold38966	12695	12749	55	*	Scaffold143	1069502	1069556	55	*
Scaffold38966	21429	21496	68	*	Scaffold143	1060696	1060763	68	*
Scaffold38966	18739	18790	52	*	Scaffold143	1063502	1063553	52	*
Scaffold38966	18454	18507	54	*	Scaffold143	1063763	1063816	54	*
Scaffold38966	20998	21048	51	*	Scaffold143	1061163	1061213	51	*
Scaffold38966	17894	17945	52	*	Scaffold143	1064305	1064356	52	*
Scaffold38966	21982	22036	55	*	Scaffold143	1060154	1060208	55	*
Scaffold38966	7559	7719	161	*	Scaffold143	1071838	1071998	161	*
Scaffold3897	33006	33078	73	*	Scaffold54	1058979	1059051	73	*
Scaffold3897	26501	26578	78	*	Scaffold54	1055694	1055771	78	*
Scaffold3897	131625	131674	50	*	Scaffold54	1143012	1143061	50	*
Scaffold3897	28080	28130	51	*	Scaffold54	1056788	1056838	51	*
Scaffold3897	128831	128889	59	*	Scaffold54	1140080	1140138	59	*
Scaffold3897	112875	112946	72	*	Scaffold54	1124881	1124952	72	*
Scaffold3897	46977	47026	50	*	Scaffold54	1070888	1070937	50	*
Scaffold3897	112794	112873	80	*	Scaffold54	1124800	1124879	80	*
Scaffold3897	119833	119913	81	*	Scaffold54	1131413	1131493	81	*
Scaffold3897	113144	113200	57	*	Scaffold54	1125150	1125206	57	*
Scaffold3897	114676	114751	76	*	Scaffold54	1126571	1126646	76	*
Scaffold3897	34796	34851	56	*	Scaffold54	1061443	1061498	56	*
Scaffold3897	110158	110209	52	*	Scaffold54	1121644	1121695	52	*
Scaffold3897	127047	127097	51	*	Scaffold54	1138486	1138536	51	*
Scaffold3897	147701	147752	52	*	Scaffold54	1156323	1156374	52	*
Scaffold3898	38787	38982	196	*	Scaffold654	430660	430855	196	*
Scaffold3898	34886	34941	56	*	Scaffold654	434932	434987	56	*
Scaffold3898	35135	35195	61	*	Scaffold654	434684	434744	61	*
Scaffold3898	39073	39148	76	*	Scaffold654	430494	430569	76	*
Scaffold39	149327	149386	60	*	Scaffold1060	167681	167740	60	*
Scaffold39	149327	149386	60	*	Scaffold1110	185746	185805	60	*
Scaffold39	135209	135271	63	*	Scaffold1527	43438	43500	63	*
Scaffold39	135273	135338	66	*	Scaffold1527	43502	43567	66	*
Scaffold39	20604	20665	62	*	Scaffold18	332727	332788	62	*
Scaffold39	33473	33524	52	*	Scaffold1918	118823	118874	52	*
Scaffold39	9844	9905	62	*	Scaffold1918	137079	137140	62	*
Scaffold39	9169	9240	72	*	Scaffold1918	137751	137822	72	*
Scaffold39	12702	12754	53	*	Scaffold1918	133388	133440	53	*
Scaffold39	149288	149386	99	*	Scaffold2123	45502	45600	99	*
Scaffold39	149323	149378	56	*	Scaffold34	880507	880562	56	*
Scaffold39	149288	149386	99	*	Scaffold370	391500	391598	99	*
Scaffold39	149335	149386	52	*	Scaffold429	379018	379069	52	*
Scaffold39	149319	149386	68	*	Scaffold501	521373	521440	68	*
Scaffold39	79468	79519	52	*	Scaffold682	36193	36244	52	*
Scaffold39	117710	117778	69	*	Scaffold682	76980	77048	69	*
Scaffold39	93536	93592	57	*	Scaffold682	48516	48572	57	*
Scaffold39	48368	48425	58	*	Scaffold682	12394	12451	58	*
Scaffold39	156774	156851	78	*	Scaffold682	103481	103558	78	*
Scaffold39	44095	44148	54	*	Scaffold682	9990	10043	54	*
Scaffold39	64754	64820	67	*	Scaffold682	27397	27463	67	*
Scaffold39	93536	93590	55	*	Scaffold682	54616	54670	55	*
Scaffold39	102145	102211	67	*	Scaffold682	62197	62263	67	*
Scaffold39	83939	83995	57	*	Scaffold682	39672	39728	57	*
Scaffold39	70994	71044	51	*	Scaffold682	32763	32813	51	*
Scaffold39	94931	94994	64	*	Scaffold682	50218	50281	64	*
Scaffold39	79556	79622	67	*	Scaffold682	36283	36349	67	*
Scaffold39	102253	102317	65	*	Scaffold682	62305	62369	65	*
Scaffold39	37424	37482	59	*	Scaffold7	103137	103195	59	*
Scaffold39	149335	149386	52	*	Scaffold725	365951	366002	52	*
Scaffold39	161846	161900	55	*	Scaffold762	84360	84414	55	*
Scaffold39	100529	100580	52	*	Scaffold815	97358	97409	52	*
Scaffold39	135463	135517	55	*	Scaffold949	205641	205695	55	*
Scaffold39	149335	149386	52	*	Scaffold967	112776	112827	52	*
Scaffold39	149288	149381	94	*	Scaffold979	32411	32504	94	*
Scaffold3901	36062	36111	50	*	Scaffold1150	336244	336293	50	*
Scaffold3901	30979	31062	84	*	Scaffold1763	123530	123613	84	*
Scaffold3901	62902	62952	51	*	Scaffold18	332518	332568	51	*
Scaffold3907	2215	2273	59	*	Scaffold7098	18786	18844	59	*
Scaffold3908	48050	48156	107	*	Scaffold558	394144	394250	107	*
Scaffold3909	22003	22115	113	*	Scaffold558	389780	389892	113	*
Scaffold3909	22008	22064	57	*	Scaffold564	99408	99464	57	*
Scaffold39100	3445	3520	76	*	Scaffold2735	32547	32622	76	*
Scaffold39100	6524	6581	58	*	Scaffold477	136813	136870	58	*
Scaffold3915	24311	24380	70	*	Scaffold1354	154326	154395	70	*
Scaffold3915	10212	10262	51	*	Scaffold1354	142066	142116	51	*
Scaffold3915	19312	19363	52	*	Scaffold1354	147754	147805	52	*
Scaffold3921	6407	6459	53	*	Scaffold256	547480	547532	53	*
Scaffold3928	47012	47073	62	*	Scaffold2	658485	658546	62	*
Scaffold3928	47011	47070	60	*	Scaffold73	713543	713602	60	*
Scaffold3930	54520	54574	55	*	Scaffold1053	298528	298582	55	*
Scaffold3930	54518	54574	57	*	Scaffold170	685407	685463	57	*
Scaffold3930	46333	46419	87	*	Scaffold40	831951	832037	87	*
Scaffold3930	54516	54572	57	*	Scaffold4054	5760	5816	57	*
Scaffold39300	461	511	51	*	Scaffold241	77986	78036	51	*
Scaffold3936	17530	17586	57	*	Scaffold124	541508	541564	57	*
Scaffold3936	58628	58679	52	*	Scaffold1717	43179	43230	52	*
Scaffold3937	37871	37922	52	*	Scaffold1396	406426	406477	52	*
Scaffold3937	37113	37175	63	*	Scaffold1396	405794	405856	63	*
Scaffold3937	32561	32613	53	*	Scaffold1396	403184	403236	53	*
Scaffold3937	6196	6267	72	*	Scaffold1396	391255	391326	72	*
Scaffold3937	34158	34226	69	*	Scaffold1396	404615	404683	69	*
Scaffold394	15817	15866	50	*	Scaffold50	664003	664052	50	*
Scaffold3942	25657	25707	51	*	Scaffold223	40884	40934	51	*
Scaffold3942	25454	25554	101	*	Scaffold3112	32299	32399	101	*
Scaffold3942	27546	27603	58	*	Scaffold3112	32789	32846	58	*
Scaffold39455	389	442	54	*	Scaffold113	356589	356642	54	*
Scaffold3946	75533	75596	64	*	Scaffold1370	155	218	64	*
Scaffold3946	60376	60427	52	*	Scaffold56	652343	652394	52	*
Scaffold3946	60281	60349	69	*	Scaffold56	652421	652489	69	*
Scaffold395	52963	53012	50	*	Scaffold688	11453	11502	50	*
Scaffold395	52901	52961	61	*	Scaffold688	11391	11451	61	*
Scaffold3951	38947	38998	52	*	Scaffold418	150570	150621	52	*
Scaffold3951	20356	20407	52	*	Scaffold418	133895	133946	52	*
Scaffold3951	64544	64627	84	*	Scaffold418	177741	177824	84	*
Scaffold3951	20606	20656	51	*	Scaffold418	134141	134191	51	*
Scaffold3951	56872	56936	65	*	Scaffold418	169055	169119	65	*
Scaffold3951	5880	5929	50	*	Scaffold418	123582	123631	50	*
Scaffold3951	57370	57483	114	*	Scaffold418	169560	169673	114	*
Scaffold3951	20873	20937	65	*	Scaffold418	134404	134468	65	*
Scaffold3951	57247	57320	74	*	Scaffold418	169437	169510	74	*
Scaffold3951	20457	20538	82	*	Scaffold418	133992	134073	82	*
Scaffold3951	20102	20163	62	*	Scaffold418	133641	133702	62	*
Scaffold3951	216	265	50	*	Scaffold418	119414	119463	50	*
Scaffold3951	35744	35800	57	*	Scaffold418	144205	144261	57	*
Scaffold3951	20812	20871	60	*	Scaffold418	134343	134402	60	*
Scaffold3951	43611	43684	74	*	Scaffold418	155367	155440	74	*
Scaffold3952	43675	43727	53	*	Scaffold148	65661	65713	53	*
Scaffold3952	43675	43727	53	*	Scaffold148	71980	72032	53	*
Scaffold3952	14632	14699	68	*	Scaffold2172	57468	57535	68	*
Scaffold3956	34457	34511	55	*	Scaffold57	211158	211212	55	*
Scaffold3956	35663	35723	61	*	Scaffold57	203451	203511	61	*
Scaffold3956	52555	52607	53	*	Scaffold57	186390	186442	53	*
Scaffold3956	35663	35723	61	*	Scaffold57	210221	210281	61	*
Scaffold39625	3233	3322	90	*	Scaffold198	603740	603829	90	*
Scaffold39667	2516	2581	66	*	Scaffold130	86801	86866	66	*
Scaffold39667	2532	2586	55	*	Scaffold1737	176430	176484	55	*
Scaffold39667	2519	2583	65	*	Scaffold215	556972	557036	65	*
Scaffold39667	2510	2567	58	*	Scaffold261	313031	313088	58	*
Scaffold39667	2525	2577	53	*	Scaffold336	225592	225644	53	*
Scaffold39667	2530	2586	57	*	Scaffold3767	19960	20016	57	*
Scaffold39667	2514	2580	67	*	Scaffold4009	92545	92611	67	*
Scaffold39667	2523	2584	62	*	Scaffold86	1115681	1115742	62	*
Scaffold39667	2522	2581	60	*	Scaffold97	582364	582423	60	*
Scaffold3968	65104	65159	56	*	Scaffold9	1117234	1117289	56	*
Scaffold3969	46634	46696	63	*	Scaffold256	247404	247466	63	*
Scaffold3973	27669	27746	78	*	Scaffold240	220062	220139	78	*
Scaffold39739	1416	1482	67	*	Scaffold882	279561	279627	67	*
Scaffold3974	80448	80518	71	*	Scaffold57	520696	520766	71	*
Scaffold3974	43243	43294	52	*	Scaffold57	554936	554987	52	*
Scaffold3974	22253	22315	63	*	Scaffold57	570764	570826	63	*
Scaffold3974	41080	41130	51	*	Scaffold57	556806	556856	51	*
Scaffold3974	64421	64480	60	*	Scaffold57	535684	535743	60	*
Scaffold3974	74366	74433	68	*	Scaffold57	525978	526045	68	*
Scaffold3977	60194	60243	50	*	Scaffold2280	3498	3547	50	*
Scaffold3981	33712	33765	54	*	Scaffold136	825091	825144	54	*
Scaffold3981	33677	33730	54	*	Scaffold1548	291738	291791	54	*
Scaffold3981	33805	33855	51	*	Scaffold1803	107035	107085	51	*
Scaffold3981	40573	40622	50	*	Scaffold53	95398	95447	50	*
Scaffold3981	33808	33871	64	*	Scaffold597	160633	160696	64	*
Scaffold3983	53921	53971	51	*	Scaffold566	435527	435577	51	*
Scaffold39839	399	450	52	*	Scaffold90	739656	739707	52	*
Scaffold39862	2499	2556	58	*	Scaffold18	769284	769341	58	*
Scaffold39862	2499	2556	58	*	Scaffold586	328903	328960	58	*
Scaffold39862	2504	2556	53	*	Scaffold907	239693	239745	53	*
Scaffold39865	421	477	57	*	Scaffold1495	118337	118393	57	*
Scaffold3987	19325	19380	56	*	Scaffold1763	123823	123878	56	*
Scaffold3987	19385	19440	56	*	Scaffold5066	5944	5999	56	*
Scaffold39914	43	95	53	*	Scaffold198	603470	603522	53	*
Scaffold3996	12644	12693	50	*	Scaffold1527	43172	43221	50	*
Scaffold39966	2858	2909	52	*	Scaffold470	293444	293495	52	*
Scaffold3999	10304	10377	74	*	Scaffold1223	64386	64459	74	*
Scaffold4003	67989	68041	53	*	Scaffold959	62916	62968	53	*
Scaffold4005	73288	73358	71	*	Scaffold18	332035	332105	71	*
Scaffold4011	39626	39678	53	*	Scaffold1206	93849	93901	53	*
Scaffold4011	39491	39554	64	*	Scaffold1206	93970	94033	64	*
Scaffold40158	8843	8897	55	*	Scaffold253	146716	146770	55	*
Scaffold4024	13668	13733	66	*	Scaffold218	599531	599596	66	*
Scaffold40267	2683	2738	56	*	Scaffold2004	128946	129001	56	*
Scaffold403	55438	55496	59	*	Scaffold881	195597	195655	59	*
Scaffold4031	27517	27580	64	*	Scaffold1129	43999	44062	64	*
Scaffold4031	27505	27580	76	*	Scaffold1136	118566	118641	76	*
Scaffold4031	27523	27583	61	*	Scaffold1219	153340	153400	61	*
Scaffold4031	27511	27578	68	*	Scaffold1446	298397	298464	68	*
Scaffold4031	27502	27563	62	*	Scaffold171	189623	189684	62	*
Scaffold4031	27503	27573	71	*	Scaffold18	695247	695317	71	*
Scaffold4031	27521	27576	56	*	Scaffold19	1064877	1064932	56	*
Scaffold4031	27501	27572	72	*	Scaffold192	394754	394825	72	*
Scaffold4031	27515	27581	67	*	Scaffold223	123377	123443	67	*
Scaffold4031	27507	27575	69	*	Scaffold228	482092	482160	69	*
Scaffold4031	27502	27567	66	*	Scaffold2469	54826	54891	66	*
Scaffold4031	27514	27576	63	*	Scaffold2637	142429	142491	63	*
Scaffold4031	27506	27580	75	*	Scaffold31122	211	285	75	*
Scaffold4031	27503	27564	62	*	Scaffold3241	60057	60118	62	*
Scaffold4031	27521	27583	63	*	Scaffold569	96025	96087	63	*
Scaffold4031	27509	27571	63	*	Scaffold79	547476	547538	63	*
Scaffold4031	27525	27580	56	*	Scaffold8522	34037	34092	56	*
Scaffold4031	27521	27579	59	*	Scaffold885	60956	61014	59	*
Scaffold4035	37912	37961	50	*	Scaffold1031	39517	39566	50	*
Scaffold40354	1	57	57	*	Scaffold1396	332936	332992	57	*
Scaffold4036	5520	5570	51	*	Scaffold511	493262	493312	51	*
Scaffold4036	3740	3792	53	*	Scaffold511	494542	494594	53	*
Scaffold40410	835	905	71	*	Scaffold1539	94016	94086	71	*
Scaffold40410	880	933	54	*	Scaffold28216	935	988	54	*
Scaffold4043	39277	39332	56	*	Scaffold4992	18659	18714	56	*
Scaffold4046	38652	38704	53	*	Scaffold731	125016	125068	53	*
Scaffold4051	58557	58621	65	*	Scaffold5773	879	943	65	*
Scaffold4053	56945	57005	61	*	Scaffold899	119197	119257	61	*
Scaffold4053	56689	56747	59	*	Scaffold899	118940	118998	59	*
Scaffold4053	47550	47603	54	*	Scaffold899	110000	110053	54	*
Scaffold4053	47476	47527	52	*	Scaffold899	109926	109977	52	*
Scaffold4053	50763	50830	68	*	Scaffold899	112134	112201	68	*
Scaffold4053	64377	64437	61	*	Scaffold899	124447	124507	61	*
Scaffold4053	81995	82054	60	*	Scaffold899	141170	141229	60	*
Scaffold4054	41551	41609	59	*	Scaffold3329	33108	33166	59	*
Scaffold4058	67208	67261	54	*	Scaffold1232	246022	246075	54	*
Scaffold40598	2474	2543	70	*	Scaffold1763	124009	124078	70	*
Scaffold40598	2259	2312	54	*	Scaffold1763	124251	124304	54	*
Scaffold40598	2483	2552	70	*	Scaffold194	453487	453556	70	*
Scaffold4061	15107	15174	68	*	Scaffold142	1073340	1073407	68	*
Scaffold4061	15009	15064	56	*	Scaffold142	1073452	1073507	56	*
Scaffold4063	46260	46313	54	*	Scaffold332	125385	125438	54	*
Scaffold4063	47644	47718	75	*	Scaffold564	309312	309386	75	*
Scaffold4063	46166	46220	55	*	Scaffold564	309993	310047	55	*
Scaffold4065	24855	24989	135	*	Scaffold73	10852	10986	135	*
Scaffold4069	69361	69422	62	*	Scaffold2193	44020	44081	62	*
Scaffold40724	2346	2427	82	*	Scaffold4	1362850	1362931	82	*
Scaffold40752	3345	3414	70	*	Scaffold1093	50271	50340	70	*
Scaffold40752	3436	3488	53	*	Scaffold1118	191637	191689	53	*
Scaffold40752	3342	3421	80	*	Scaffold113	599288	599367	80	*
Scaffold40752	3344	3416	73	*	Scaffold1542	99742	99814	73	*
Scaffold40752	3419	3480	62	*	Scaffold162	301427	301488	62	*
Scaffold40752	3438	3494	57	*	Scaffold193	490650	490706	57	*
Scaffold40752	3426	3489	64	*	Scaffold1951	37642	37705	64	*
Scaffold40752	3311	3417	107	*	Scaffold1951	37714	37820	107	*
Scaffold40752	3430	3485	56	*	Scaffold2003	45847	45902	56	*
Scaffold40752	3352	3409	58	*	Scaffold21	990496	990553	58	*
Scaffold40752	3435	3496	62	*	Scaffold2269	116993	117054	62	*
Scaffold40752	3369	3424	56	*	Scaffold22934	843	898	56	*
Scaffold40752	3365	3417	53	*	Scaffold2746	59241	59293	53	*
Scaffold40752	3349	3420	72	*	Scaffold2895	57967	58038	72	*
Scaffold40752	3336	3418	83	*	Scaffold3225	21282	21364	83	*
Scaffold40752	3426	3482	57	*	Scaffold34	1184131	1184187	57	*
Scaffold40752	3325	3415	91	*	Scaffold433	92329	92419	91	*
Scaffold40752	3419	3470	52	*	Scaffold56	1066869	1066920	52	*
Scaffold40752	3338	3417	80	*	Scaffold649	397182	397261	80	*
Scaffold40752	3346	3398	53	*	Scaffold6529	1410	1462	53	*
Scaffold40752	3424	3488	65	*	Scaffold697	422699	422763	65	*
Scaffold40752	3365	3417	53	*	Scaffold793	96463	96515	53	*
Scaffold40752	3359	3417	59	*	Scaffold8936	7745	7803	59	*
Scaffold40752	3347	3420	74	*	Scaffold960	210681	210754	74	*
Scaffold40774	13455	13504	50	*	Scaffold585	164715	164764	50	*
Scaffold40774	13360	13412	53	*	Scaffold585	164823	164875	53	*
Scaffold4078	65846	65898	53	*	Scaffold467	84037	84089	53	*
Scaffold4078	65759	65829	71	*	Scaffold467	84112	84182	71	*
Scaffold4078	67797	67874	78	*	Scaffold467	87427	87504	78	*
Scaffold4078	65846	65898	53	*	Scaffold84	323497	323549	53	*
Scaffold4078	51183	51232	50	*	Scaffold84	307918	307967	50	*
Scaffold4078	24474	24527	54	*	Scaffold84	285711	285764	54	*
Scaffold4078	15911	15966	56	*	Scaffold84	275593	275648	56	*
Scaffold4078	24544	24601	58	*	Scaffold84	285781	285838	58	*
Scaffold4078	65759	65829	71	*	Scaffold84	323404	323474	71	*
Scaffold4078	45909	45980	72	*	Scaffold84	303438	303509	72	*
Scaffold4078	54564	54614	51	*	Scaffold84	312233	312283	51	*
Scaffold408	116231	116280	50	*	Scaffold1276	108690	108739	50	*
Scaffold408	5764	5819	56	*	Scaffold292	362267	362322	56	*
Scaffold408	11396	11456	61	*	Scaffold292	366160	366220	61	*
Scaffold4084	30149	30201	53	*	Scaffold887	217457	217509	53	*
Scaffold4084	29922	30005	84	*	Scaffold887	217652	217735	84	*
Scaffold4084	29922	30005	84	*	Scaffold920	165100	165183	84	*
Scaffold4085	40954	41009	56	*	Scaffold292	657341	657396	56	*
Scaffold4085	40954	41018	65	*	Scaffold5501	76554	76618	65	*
Scaffold4090	89060	89134	75	*	Scaffold299	123309	123383	75	*
Scaffold4090	58330	58390	61	*	Scaffold299	97361	97421	61	*
Scaffold4090	40087	40141	55	*	Scaffold299	84580	84634	55	*
Scaffold4090	40146	40195	50	*	Scaffold299	84639	84688	50	*
Scaffold4090	92265	92345	81	*	Scaffold299	125779	125859	81	*
Scaffold4090	76262	76317	56	*	Scaffold299	113231	113286	56	*
Scaffold4090	76406	76458	53	*	Scaffold299	113375	113427	53	*
Scaffold4090	65541	65607	67	*	Scaffold299	103667	103733	67	*
Scaffold4091	51305	51361	57	*	Scaffold1159	50231	50287	57	*
Scaffold4095	28089	28139	51	*	Scaffold140	340737	340787	51	*
Scaffold40952	666	719	54	*	Scaffold1223	64214	64267	54	*
Scaffold40985	34	92	59	*	Scaffold64	430979	431037	59	*
Scaffold4099	23544	23606	63	*	Scaffold184	686094	686156	63	*
Scaffold41	69253	69306	54	*	Scaffold1603	110591	110644	54	*
Scaffold41	69317	69367	51	*	Scaffold2153	11675	11725	51	*
Scaffold41	69229	69278	50	*	Scaffold256	725267	725316	50	*
Scaffold41	69326	69382	57	*	Scaffold310	230590	230646	57	*
Scaffold41	84458	84535	78	*	Scaffold548	186158	186235	78	*
Scaffold41	83277	83354	78	*	Scaffold548	186158	186235	78	*
Scaffold410	4510	4579	70	*	Scaffold661	78098	78167	70	*
Scaffold4100	17614	17681	68	*	Scaffold1358	118183	118250	68	*
Scaffold4100	17768	17822	55	*	Scaffold1358	118337	118391	55	*
Scaffold4100	17405	17472	68	*	Scaffold1358	117979	118046	68	*
Scaffold4100	12683	12733	51	*	Scaffold1358	112584	112634	51	*
Scaffold4100	12832	12890	59	*	Scaffold1358	112732	112790	59	*
Scaffold4100	17695	17764	70	*	Scaffold1358	118264	118333	70	*
Scaffold4100	43037	43092	56	*	Scaffold1358	142211	142266	56	*
Scaffold4100	19125	19203	79	*	Scaffold1358	119186	119264	79	*
Scaffold4103	33679	33750	72	*	Scaffold182	347182	347253	72	*
Scaffold41058	9150	9201	52	*	Scaffold1125	197516	197567	52	*
Scaffold411	39128	39182	55	*	Scaffold1072	51642	51696	55	*
Scaffold411	39122	39179	58	*	Scaffold1441	265945	266002	58	*
Scaffold4110	14847	14897	51	*	Scaffold5	800112	800162	51	*
Scaffold4111	142607	142677	71	*	Scaffold143	1197780	1197850	71	*
Scaffold4111	145617	145685	69	*	Scaffold143	1201906	1201974	69	*
Scaffold4111	68952	69001	50	*	Scaffold143	1135595	1135644	50	*
Scaffold4111	146607	146663	57	*	Scaffold143	1202912	1202968	57	*
Scaffold4111	142543	142605	63	*	Scaffold143	1197716	1197778	63	*
Scaffold4111	143214	143267	54	*	Scaffold143	1198411	1198464	54	*
Scaffold4111	131187	131259	73	*	Scaffold143	1187684	1187756	73	*
Scaffold4111	72810	72865	56	*	Scaffold143	1140384	1140439	56	*
Scaffold4111	13598	13653	56	*	Scaffold143	1088498	1088553	56	*
Scaffold4111	24197	24280	84	*	Scaffold143	1097360	1097443	84	*
Scaffold4111	147920	147980	61	*	Scaffold143	1204268	1204328	61	*
Scaffold4111	51433	51494	62	*	Scaffold143	1123021	1123082	62	*
Scaffold4111	146319	146384	66	*	Scaffold143	1202627	1202692	66	*
Scaffold4111	59661	59718	58	*	Scaffold143	1128801	1128858	58	*
Scaffold4111	112416	112474	59	*	Scaffold143	1171816	1171874	59	*
Scaffold4111	160920	160998	79	*	Scaffold143	1216218	1216296	79	*
Scaffold4111	46234	46301	68	*	Scaffold143	1117537	1117604	68	*
Scaffold4111	146455	146562	108	*	Scaffold143	1202760	1202867	108	*
Scaffold4111	160719	160800	82	*	Scaffold143	1216016	1216097	82	*
Scaffold4111	143955	144066	112	*	Scaffold143	1199145	1199256	112	*
Scaffold4111	146682	146740	59	*	Scaffold143	1202988	1203046	59	*
Scaffold4111	66712	66765	54	*	Scaffold143	1133353	1133406	54	*
Scaffold4111	147769	147865	97	*	Scaffold143	1204115	1204211	97	*
Scaffold4111	73031	73145	115	*	Scaffold143	1140605	1140719	115	*
Scaffold4111	13897	13956	60	*	Scaffold143	1088796	1088855	60	*
Scaffold4111	114764	114840	77	*	Scaffold143	1174280	1174356	77	*
Scaffold4111	147990	148081	92	*	Scaffold143	1204339	1204430	92	*
Scaffold4111	66808	66917	110	*	Scaffold143	1133449	1133558	110	*
Scaffold4111	146914	146965	52	*	Scaffold143	1203224	1203275	52	*
Scaffold4111	67051	67102	52	*	Scaffold143	1133687	1133738	52	*
Scaffold4111	150325	150383	59	*	Scaffold143	1207772	1207830	59	*
Scaffold4111	115100	115160	61	*	Scaffold143	1174614	1174674	61	*
Scaffold4111	72908	72977	70	*	Scaffold143	1140482	1140551	70	*
Scaffold4111	142769	142925	157	*	Scaffold143	1197941	1198097	157	*
Scaffold4111	147281	147332	52	*	Scaffold143	1203601	1203652	52	*
Scaffold4111	123573	123636	64	*	Scaffold143	1183409	1183472	64	*
Scaffold4111	111116	111229	114	*	Scaffold143	1170424	1170537	114	*
Scaffold4111	165739	165804	66	*	Scaffold143	1221252	1221317	66	*
Scaffold4111	147123	147172	50	*	Scaffold143	1203433	1203482	50	*
Scaffold4111	51706	51774	69	*	Scaffold143	1123290	1123358	69	*
Scaffold4111	93385	93441	57	*	Scaffold143	1156674	1156730	57	*
Scaffold4111	147334	147421	88	*	Scaffold143	1203654	1203741	88	*
Scaffold4111	37582	37640	59	*	Scaffold22659	83	141	59	*
Scaffold4111	182299	182350	52	*	Scaffold77	391376	391427	52	*
Scaffold4112	91371	91425	55	*	Scaffold2312	56909	56963	55	*
Scaffold41130	1623	1692	70	*	Scaffold1259	130724	130793	70	*
Scaffold41130	1490	1539	50	*	Scaffold470	293606	293655	50	*
Scaffold41130	1393	1446	54	*	Scaffold470	293537	293590	54	*
Scaffold41130	1603	1685	83	*	Scaffold470	293463	293545	83	*
Scaffold4114	36810	36863	54	*	Scaffold822	242814	242867	54	*
Scaffold41150	23220	23284	65	*	Scaffold1527	43276	43340	65	*
Scaffold412	124258	124307	50	*	Scaffold103	505107	505156	50	*
Scaffold412	124191	124261	71	*	Scaffold14027	55	125	71	*
Scaffold412	124264	124314	51	*	Scaffold14027	128	178	51	*
Scaffold412	124238	124299	62	*	Scaffold2066	53393	53454	62	*
Scaffold412	124232	124305	74	*	Scaffold2993	7705	7778	74	*
Scaffold412	124263	124313	51	*	Scaffold3	2039532	2039582	51	*
Scaffold412	124252	124316	65	*	Scaffold34	279317	279381	65	*
Scaffold412	124256	124310	55	*	Scaffold5191	8560	8614	55	*
Scaffold412	124426	124483	58	*	Scaffold5191	8387	8444	58	*
Scaffold412	124347	124417	71	*	Scaffold5191	8453	8523	71	*
Scaffold412	124179	124249	71	*	Scaffold5191	8795	8865	71	*
Scaffold412	124301	124350	50	*	Scaffold5277	21947	21996	50	*
Scaffold412	124172	124221	50	*	Scaffold548	249389	249438	50	*
Scaffold412	124308	124358	51	*	Scaffold616	449267	449317	51	*
Scaffold412	124232	124305	74	*	Scaffold621	186375	186448	74	*
Scaffold412	124277	124338	62	*	Scaffold67	71962	72023	62	*
Scaffold412	124178	124228	51	*	Scaffold759	43581	43631	51	*
Scaffold412	124292	124345	54	*	Scaffold759	43707	43760	54	*
Scaffold4120	68123	68175	53	*	Scaffold113	356564	356616	53	*
Scaffold4120	68034	68087	54	*	Scaffold113	356475	356528	54	*
Scaffold4125	43911	43960	50	*	Scaffold62	1234839	1234888	50	*
Scaffold4125	49092	49160	69	*	Scaffold62	1238578	1238646	69	*
Scaffold4125	61299	61354	56	*	Scaffold62	1243983	1244038	56	*
Scaffold4125	45887	45946	60	*	Scaffold62	1236622	1236681	60	*
Scaffold4125	38776	38854	79	*	Scaffold62	1231685	1231763	79	*
Scaffold4125	38565	38634	70	*	Scaffold62	1231470	1231539	70	*
Scaffold4125	43281	43385	105	*	Scaffold62	1234199	1234303	105	*
Scaffold4125	50018	50105	88	*	Scaffold62	1239296	1239383	88	*
Scaffold41258	111	176	66	*	Scaffold946	286418	286483	66	*
Scaffold4126	28454	28510	57	*	Scaffold348	36451	36507	57	*
Scaffold4127	70178	70227	50	*	Scaffold863	172177	172226	50	*
Scaffold41280	6191	6283	93	*	Scaffold507	187818	187910	93	*
Scaffold41288	5299	5363	65	*	Scaffold102	566265	566329	65	*
Scaffold41288	6577	6638	62	*	Scaffold271	337482	337543	62	*
Scaffold41288	6460	6525	66	*	Scaffold271	337595	337660	66	*
Scaffold41288	6780	6836	57	*	Scaffold271	337284	337340	57	*
Scaffold41288	7898	7952	55	*	Scaffold3014	21336	21390	55	*
Scaffold41288	3506	3555	50	*	Scaffold4000	27884	27933	50	*
Scaffold41288	4718	4794	77	*	Scaffold4000	32913	32989	77	*
Scaffold41288	4379	4436	58	*	Scaffold4000	32576	32633	58	*
Scaffold41288	6433	6548	116	*	Scaffold4000	34628	34743	116	*
Scaffold41288	4438	4504	67	*	Scaffold4000	28816	28882	67	*
Scaffold41288	4379	4436	58	*	Scaffold4000	28757	28814	58	*
Scaffold41288	4438	4504	67	*	Scaffold4000	32635	32701	67	*
Scaffold41288	4604	4656	53	*	Scaffold4000	32795	32847	53	*
Scaffold41288	3596	3645	50	*	Scaffold4000	27974	28023	50	*
Scaffold41288	3415	3490	76	*	Scaffold4000	31612	31687	76	*
Scaffold41288	3680	3739	60	*	Scaffold4000	28058	28117	60	*
Scaffold41288	7898	7952	55	*	Scaffold4000	36090	36144	55	*
Scaffold41288	4604	4656	53	*	Scaffold4000	28976	29028	53	*
Scaffold41288	3981	4041	61	*	Scaffold4000	32178	32238	61	*
Scaffold41288	5491	5552	62	*	Scaffold4000	33686	33747	62	*
Scaffold41288	8348	8415	68	*	Scaffold4000	29999	30066	68	*
Scaffold41288	3624	3677	54	*	Scaffold4000	31821	31874	54	*
Scaffold41288	5596	5648	53	*	Scaffold4000	33791	33843	53	*
Scaffold41288	3860	3933	74	*	Scaffold4000	28238	28311	74	*
Scaffold41288	5300	5375	76	*	Scaffold4000	33495	33570	76	*
Scaffold41288	6577	6638	62	*	Scaffold942	244230	244291	62	*
Scaffold41288	6460	6525	66	*	Scaffold942	244113	244178	66	*
Scaffold41288	4699	4794	96	*	Scaffold942	239723	239818	96	*
Scaffold41288	4438	4504	67	*	Scaffold942	239468	239534	67	*
Scaffold41288	5302	5375	74	*	Scaffold942	240326	240399	74	*
Scaffold41288	6780	6836	57	*	Scaffold942	244433	244489	57	*
Scaffold41288	8348	8415	68	*	Scaffold942	244938	245005	68	*
Scaffold4132	2072	2133	62	*	Scaffold8391	3965	4026	62	*
Scaffold4132	6248	6309	62	*	Scaffold8391	3965	4026	62	*
Scaffold4133	31100	31171	72	*	Scaffold10	1374370	1374441	72	*
Scaffold4133	30905	31081	177	*	Scaffold10	1374452	1374628	177	*
Scaffold4133	30933	31081	149	*	Scaffold114	877324	877472	149	*
Scaffold4133	31108	31187	80	*	Scaffold143	681738	681817	80	*
Scaffold4133	30960	31081	122	*	Scaffold1449	100856	100977	122	*
Scaffold4133	31112	31184	73	*	Scaffold1512	185150	185222	73	*
Scaffold4133	31021	31081	61	*	Scaffold167	497199	497259	61	*
Scaffold4133	30911	30970	60	*	Scaffold167	497310	497369	60	*
Scaffold4133	31118	31173	56	*	Scaffold1707	64761	64816	56	*
Scaffold4133	30950	31080	131	*	Scaffold1707	64597	64727	131	*
Scaffold4133	31103	31169	67	*	Scaffold2024	129819	129885	67	*
Scaffold4133	31102	31170	69	*	Scaffold222	460577	460645	69	*
Scaffold4133	31023	31081	59	*	Scaffold2372	64746	64804	59	*
Scaffold4133	30955	31004	50	*	Scaffold2372	64678	64727	50	*
Scaffold4133	31102	31184	83	*	Scaffold244	216838	216920	83	*
Scaffold4133	31100	31186	87	*	Scaffold423	90894	90980	87	*
Scaffold4133	30963	31081	119	*	Scaffold468	634601	634719	119	*
Scaffold4133	31100	31186	87	*	Scaffold47	268999	269085	87	*
Scaffold4133	31123	31188	66	*	Scaffold531	8044	8109	66	*
Scaffold4133	31104	31166	63	*	Scaffold59	441731	441793	63	*
Scaffold4133	30955	31078	124	*	Scaffold77	514871	514994	124	*
Scaffold4133	30955	31077	123	*	Scaffold79	410055	410177	123	*
Scaffold4133	31100	31185	86	*	Scaffold837	80583	80668	86	*
Scaffold4133	31100	31173	74	*	Scaffold931	288641	288714	74	*
Scaffold4133	30927	31081	155	*	Scaffold931	288476	288630	155	*
Scaffold41337	13080	13168	89	*	Scaffold636	138970	139058	89	*
Scaffold41337	39038	39111	74	*	Scaffold636	114354	114427	74	*
Scaffold41351	167	216	50	*	Scaffold583	380973	381022	50	*
Scaffold4136	39252	39302	51	*	Scaffold926	387135	387185	51	*
Scaffold4137	34758	34810	53	*	Scaffold385	140073	140125	53	*
Scaffold41437	8	58	51	*	Scaffold688	281121	281171	51	*
Scaffold41437	146	205	60	*	Scaffold688	281261	281320	60	*
Scaffold41437	59	118	60	*	Scaffold688	281173	281232	60	*
Scaffold41475	135	195	61	*	Scaffold4	876485	876545	61	*
Scaffold415	141730	141798	69	*	Scaffold1207	292694	292762	69	*
Scaffold415	131621	131693	73	*	Scaffold1207	288555	288627	73	*
Scaffold415	103981	104043	63	*	Scaffold1207	270651	270713	63	*
Scaffold415	98092	98148	57	*	Scaffold1207	268098	268154	57	*
Scaffold415	129961	130038	78	*	Scaffold1207	287856	287933	78	*
Scaffold4153	38445	38518	74	*	Scaffold528	272372	272445	74	*
Scaffold4153	9956	10018	63	*	Scaffold694	275091	275153	63	*
Scaffold4153	9956	10018	63	*	Scaffold774	316721	316783	63	*
Scaffold4154	25429	25480	52	*	Scaffold126	150645	150696	52	*
Scaffold4154	25427	25518	92	*	Scaffold198	603733	603824	92	*
Scaffold4154	25315	25419	105	*	Scaffold198	603621	603725	105	*
Scaffold4154	25362	25421	60	*	Scaffold28177	180	239	60	*
Scaffold4154	84153	84217	65	*	Scaffold71	41608	41672	65	*
Scaffold41555	2803	2859	57	*	Scaffold320	226913	226969	57	*
Scaffold4156	47193	47272	80	*	Scaffold413	8581	8660	80	*
Scaffold41561	652	701	50	*	Scaffold477	136702	136751	50	*
Scaffold416	35840	35892	53	*	Scaffold175	279016	279068	53	*
Scaffold4161	33178	33229	52	*	Scaffold18	332338	332389	52	*
Scaffold4161	35227	35280	54	*	Scaffold18	332710	332763	54	*
Scaffold4161	35533	35586	54	*	Scaffold640	516109	516162	54	*
Scaffold4162	42932	42994	63	*	Scaffold212	485517	485579	63	*
Scaffold4164	18039	18096	58	*	Scaffold3316	11182	11239	58	*
Scaffold41678	2607	2656	50	*	Scaffold296	625769	625818	50	*
Scaffold417	93104	93167	64	*	Scaffold38	94649	94712	64	*
Scaffold417	172336	172386	51	*	Scaffold38	159999	160049	51	*
Scaffold417	161822	161884	63	*	Scaffold38	150384	150446	63	*
Scaffold41700	1602	1651	50	*	Scaffold12	971676	971725	50	*
Scaffold4171	53285	53373	89	*	Scaffold636	557931	558019	89	*
Scaffold4172	8111	8174	64	*	Scaffold2084	106701	106764	64	*
Scaffold4172	5186	5259	74	*	Scaffold375	602744	602817	74	*
Scaffold4172	37499	37558	60	*	Scaffold375	635178	635237	60	*
Scaffold4172	8111	8174	64	*	Scaffold375	609743	609806	64	*
Scaffold4178	16012	16065	54	*	Scaffold846	242268	242321	54	*
Scaffold41782	10556	10606	51	*	Scaffold931	194037	194087	51	*
Scaffold41794	1775	1829	55	*	Scaffold142	56386	56440	55	*
Scaffold41799	269	332	64	*	Scaffold11	108270	108333	64	*
Scaffold41799	261	327	67	*	Scaffold140	790807	790873	67	*
Scaffold418	103836	103917	82	*	Scaffold164	720520	720601	82	*
Scaffold418	103963	104019	57	*	Scaffold164	720419	720475	57	*
Scaffold418	99662	99737	76	*	Scaffold164	723366	723441	76	*
Scaffold418	50985	51040	56	*	Scaffold401	568477	568532	56	*
Scaffold418	30652	30729	78	*	Scaffold401	586276	586353	78	*
Scaffold418	48798	48853	56	*	Scaffold401	568477	568532	56	*
Scaffold418	69128	69198	71	*	Scaffold401	549125	549195	71	*
Scaffold418	70502	70567	66	*	Scaffold401	548048	548113	66	*
Scaffold418	99662	99737	76	*	Scaffold401	513629	513704	76	*
Scaffold418	89897	89950	54	*	Scaffold401	523957	524010	54	*
Scaffold418	18193	18254	62	*	Scaffold558	389831	389892	62	*
Scaffold4182	44884	44945	62	*	Scaffold52	1160855	1160916	62	*
Scaffold4182	44880	44944	65	*	Scaffold788	272611	272675	65	*
Scaffold4187	36203	36252	50	*	Scaffold504	489601	489650	50	*
Scaffold41886	27	82	56	*	Scaffold477	136807	136862	56	*
Scaffold41887	1929	1983	55	*	Scaffold946	265605	265659	55	*
Scaffold4190	8807	8859	53	*	Scaffold778	45023	45075	53	*
Scaffold4192	28091	28142	52	*	Scaffold1923	65804	65855	52	*
Scaffold4192	27977	28026	50	*	Scaffold1923	65920	65969	50	*
Scaffold4192	29647	29699	53	*	Scaffold376	86108	86160	53	*
Scaffold4197	70280	70329	50	*	Scaffold391	537232	537281	50	*
Scaffold4197	59004	59070	67	*	Scaffold391	527668	527734	67	*
Scaffold4198	3265	3323	59	*	Scaffold2798	8758	8816	59	*
Scaffold42	44171	44249	79	*	Scaffold1015	61239	61317	79	*
Scaffold42	13008	13060	53	*	Scaffold739	159536	159588	53	*
Scaffold42	72222	72293	72	*	Scaffold879	173513	173584	72	*
Scaffold42	72296	72346	51	*	Scaffold879	173585	173635	51	*
Scaffold42	157415	157469	55	*	Scaffold901	208284	208338	55	*
Scaffold42019	219	280	62	*	Scaffold1829	93808	93869	62	*
Scaffold42032	2058	2111	54	*	Scaffold90	308805	308858	54	*
Scaffold42064	2679	2740	62	*	Scaffold1527	43436	43497	62	*
Scaffold4208	73561	73621	61	*	Scaffold248	201156	201216	61	*
Scaffold4208	73571	73624	54	*	Scaffold468	873071	873124	54	*
Scaffold4209	59564	59615	52	*	Scaffold25542	686	737	52	*
Scaffold4209	92766	92822	57	*	Scaffold7	1706199	1706255	57	*
Scaffold4209	90266	90320	55	*	Scaffold7	1707677	1707731	55	*
Scaffold4209	42051	42117	67	*	Scaffold7	1744547	1744613	67	*
Scaffold4209	20944	20993	50	*	Scaffold7	1765609	1765658	50	*
Scaffold4209	28978	29037	60	*	Scaffold7	1755470	1755529	60	*
Scaffold4209	59564	59615	52	*	Scaffold7	1732757	1732808	52	*
Scaffold4209	68738	68788	51	*	Scaffold7	1727769	1727819	51	*
Scaffold42103	1456	1509	54	*	Scaffold1527	43357	43410	54	*
Scaffold4212	33329	33401	73	*	Scaffold1125	117340	117412	73	*
Scaffold4212	38902	38957	56	*	Scaffold959	62887	62942	56	*
Scaffold4213	184	241	58	*	Scaffold65	439746	439803	58	*
Scaffold4215	50977	51028	52	*	Scaffold1195	84846	84897	52	*
Scaffold4215	75232	75293	62	*	Scaffold57	1523803	1523864	62	*
Scaffold4215	84412	84480	69	*	Scaffold57	1516744	1516812	69	*
Scaffold4215	44060	44175	116	*	Scaffold57	1548941	1549056	116	*
Scaffold4215	100995	101050	56	*	Scaffold57	1496239	1496294	56	*
Scaffold4215	77580	77632	53	*	Scaffold57	1522368	1522420	53	*
Scaffold4215	77287	77357	71	*	Scaffold57	1522637	1522707	71	*
Scaffold4215	77496	77572	77	*	Scaffold57	1522428	1522504	77	*
Scaffold4215	79341	79391	51	*	Scaffold57	1519950	1520000	51	*
Scaffold4215	43437	43509	73	*	Scaffold57	1549610	1549682	73	*
Scaffold4215	44238	44302	65	*	Scaffold57	1548810	1548874	65	*
Scaffold4215	80800	80851	52	*	Scaffold57	1519061	1519112	52	*
Scaffold4215	117166	117242	77	*	Scaffold57	1480792	1480868	77	*
Scaffold4215	52658	52712	55	*	Scaffold57	1541895	1541949	55	*
Scaffold4215	60703	60809	107	*	Scaffold57	1532899	1533005	107	*
Scaffold4215	122984	123033	50	*	Scaffold57	1474737	1474786	50	*
Scaffold4215	87031	87099	69	*	Scaffold57	1515320	1515388	69	*
Scaffold4215	48321	48375	55	*	Scaffold57	1545334	1545388	55	*
Scaffold4215	100904	100982	79	*	Scaffold57	1496308	1496386	79	*
Scaffold4215	56285	56348	64	*	Scaffold57	1538488	1538551	64	*
Scaffold4215	84515	84566	52	*	Scaffold57	1516658	1516709	52	*
Scaffold42186	5295	5346	52	*	Scaffold311	448494	448545	52	*
Scaffold42186	5348	5400	53	*	Scaffold311	448440	448492	53	*
Scaffold4219	411	467	57	*	Scaffold3316	10945	11001	57	*
Scaffold42256	10	59	50	*	Scaffold1030	379914	379963	50	*
Scaffold42260	1164	1240	77	*	Scaffold7	378324	378400	77	*
Scaffold4227	15533	15599	67	*	Scaffold327	621237	621303	67	*
Scaffold4227	2	56	55	*	Scaffold327	630663	630717	55	*
Scaffold4227	9406	9456	51	*	Scaffold327	625996	626046	51	*
Scaffold423	127310	127364	55	*	Scaffold288	502907	502961	55	*
Scaffold4230	87068	87119	52	*	Scaffold95	279515	279566	52	*
Scaffold4233	20679	20728	50	*	Scaffold572	202946	202995	50	*
Scaffold4239	16897	16949	53	*	Scaffold74	826991	827043	53	*
Scaffold424	74133	74193	61	*	Scaffold1224	225479	225539	61	*
Scaffold424	70609	70672	64	*	Scaffold1224	228268	228331	64	*
Scaffold424	72523	72583	61	*	Scaffold1224	225479	225539	61	*
Scaffold4240	30473	30535	63	*	Scaffold9	1596339	1596401	63	*
Scaffold42406	9232	9306	75	*	Scaffold325	341513	341587	75	*
Scaffold42413	3265	3330	66	*	Scaffold691	178014	178079	66	*
Scaffold42415	2133	2185	53	*	Scaffold4443	5583	5635	53	*
Scaffold4243	54425	54492	68	*	Scaffold813	77539	77606	68	*
Scaffold4243	92374	92424	51	*	Scaffold813	45109	45159	51	*
Scaffold4243	43823	43881	59	*	Scaffold813	84603	84661	59	*
Scaffold4243	13106	13181	76	*	Scaffold813	113205	113280	76	*
Scaffold4243	32333	32385	53	*	Scaffold813	89521	89573	53	*
Scaffold4243	59144	59200	57	*	Scaffold813	73221	73277	57	*
Scaffold4243	51869	51921	53	*	Scaffold813	79140	79192	53	*
Scaffold4243	52981	53033	53	*	Scaffold813	79140	79192	53	*
Scaffold4243	45021	45079	59	*	Scaffold813	84603	84661	59	*
Scaffold4244	53585	53641	57	*	Scaffold113	356542	356598	57	*
Scaffold4244	53668	53729	62	*	Scaffold113	356454	356515	62	*
Scaffold4244	15	82	68	*	Scaffold79	468725	468792	68	*
Scaffold4249	2904	2955	52	*	Scaffold402	435008	435059	52	*
Scaffold425	140684	140746	63	*	Scaffold113	356530	356592	63	*
Scaffold425	26542	26622	81	*	Scaffold113	356578	356658	81	*
Scaffold425	26633	26686	54	*	Scaffold113	356669	356722	54	*
Scaffold425	140766	140836	71	*	Scaffold113	356440	356510	71	*
Scaffold425	95156	95206	51	*	Scaffold1358	64260	64310	51	*
Scaffold425	125790	125839	50	*	Scaffold1358	44157	44206	50	*
Scaffold425	126131	126232	102	*	Scaffold1358	43764	43865	102	*
Scaffold425	153736	153831	96	*	Scaffold1358	9822	9917	96	*
Scaffold425	73289	73354	66	*	Scaffold1358	79925	79990	66	*
Scaffold425	126247	126307	61	*	Scaffold1358	43688	43748	61	*
Scaffold425	121365	121414	50	*	Scaffold1358	48506	48555	50	*
Scaffold425	68926	68975	50	*	Scaffold1358	84273	84322	50	*
Scaffold425	50928	50999	72	*	Scaffold1358	99206	99277	72	*
Scaffold425	76424	76487	64	*	Scaffold1358	77697	77760	64	*
Scaffold425	131138	131196	59	*	Scaffold1358	41237	41295	59	*
Scaffold425	125506	125567	62	*	Scaffold1358	44428	44489	62	*
Scaffold425	125423	125477	55	*	Scaffold1358	44518	44572	55	*
Scaffold425	124883	125005	123	*	Scaffold1358	44983	45105	123	*
Scaffold425	125314	125364	51	*	Scaffold1358	44631	44681	51	*
Scaffold425	129798	129856	59	*	Scaffold1358	41237	41295	59	*
Scaffold425	124547	124599	53	*	Scaffold1358	45388	45440	53	*
Scaffold425	125569	125633	65	*	Scaffold1358	44362	44426	65	*
Scaffold425	58020	58081	62	*	Scaffold1358	91731	91792	62	*
Scaffold425	123766	123815	50	*	Scaffold1358	46169	46218	50	*
Scaffold425	25434	25528	95	*	Scaffold3923	23918	24012	95	*
Scaffold425	23217	23324	108	*	Scaffold3923	23917	24024	108	*
Scaffold4256	7705	7806	102	*	Scaffold113	356527	356628	102	*
Scaffold4256	7615	7676	62	*	Scaffold113	356437	356498	62	*
Scaffold4258	19937	19989	53	*	Scaffold332	413050	413102	53	*
Scaffold4259	20307	20362	56	*	Scaffold1139	106722	106777	56	*
Scaffold4259	46697	46749	53	*	Scaffold12303	171	223	53	*
Scaffold4259	46934	46995	62	*	Scaffold1819	38355	38416	62	*
Scaffold4259	46701	46756	56	*	Scaffold1819	38023	38078	56	*
Scaffold4259	46875	46926	52	*	Scaffold1819	38296	38347	52	*
Scaffold4259	46706	46777	72	*	Scaffold1878	446	517	72	*
Scaffold4259	46817	46885	69	*	Scaffold1878	557	625	69	*
Scaffold4259	20367	20416	50	*	Scaffold2126	14000	14049	50	*
Scaffold4259	46786	46864	79	*	Scaffold2280	3310	3388	79	*
Scaffold4259	46865	46933	69	*	Scaffold2280	3238	3306	69	*
Scaffold4259	46792	46859	68	*	Scaffold2354	73810	73877	68	*
Scaffold4259	46897	46950	54	*	Scaffold2368	107126	107179	54	*
Scaffold4259	46696	46780	85	*	Scaffold25	1179309	1179393	85	*
Scaffold4259	46773	46960	188	*	Scaffold360	111928	112115	188	*
Scaffold4259	46844	46893	50	*	Scaffold418	231619	231668	50	*
Scaffold4259	46904	46962	59	*	Scaffold418	231550	231608	59	*
Scaffold4259	46769	46833	65	*	Scaffold418	231679	231743	65	*
Scaffold4259	46739	46874	136	*	Scaffold517	346049	346184	136	*
Scaffold4259	46742	46827	86	*	Scaffold546	10278	10363	86	*
Scaffold4259	46703	46805	103	*	Scaffold636	164888	164990	103	*
Scaffold4259	46816	46869	54	*	Scaffold636	165001	165054	54	*
Scaffold4259	46720	46828	109	*	Scaffold69	694650	694758	109	*
Scaffold4259	46830	46884	55	*	Scaffold69	694594	694648	55	*
Scaffold4259	8985	9055	71	*	Scaffold749	140886	140956	71	*
Scaffold4259	46900	46949	50	*	Scaffold879	105977	106026	50	*
Scaffold4259	46775	46844	70	*	Scaffold879	106082	106151	70	*
Scaffold4259	46932	47000	69	*	Scaffold900	293587	293655	69	*
Scaffold4259	46816	46865	50	*	Scaffold94	364057	364106	50	*
Scaffold4259	46736	46788	53	*	Scaffold94	364134	364186	53	*
Scaffold426	178252	178317	66	*	Scaffold100	912737	912802	66	*
Scaffold426	178127	178182	56	*	Scaffold1130	6398	6453	56	*
Scaffold426	178387	178439	53	*	Scaffold1286	17361	17413	53	*
Scaffold426	178374	178439	66	*	Scaffold1300	9024	9089	66	*
Scaffold426	178320	178372	53	*	Scaffold1300	9091	9143	53	*
Scaffold426	178283	178333	51	*	Scaffold139	161491	161541	51	*
Scaffold426	178098	178166	69	*	Scaffold1472	23454	23522	69	*
Scaffold426	178290	178346	57	*	Scaffold1472	23645	23701	57	*
Scaffold426	178747	178798	52	*	Scaffold18	332999	333050	52	*
Scaffold426	178362	178426	65	*	Scaffold18	332710	332774	65	*
Scaffold426	178124	178182	59	*	Scaffold250	132564	132622	59	*
Scaffold426	178283	178342	60	*	Scaffold250	132399	132458	60	*
Scaffold426	178121	178173	53	*	Scaffold372	574796	574848	53	*
Scaffold426	178144	178196	53	*	Scaffold481	493523	493575	53	*
Scaffold426	178372	178429	58	*	Scaffold882	312858	312915	58	*
Scaffold426	178305	178369	65	*	Scaffold882	312918	312982	65	*
Scaffold42601	40	100	61	*	Scaffold1366	91770	91830	61	*
Scaffold4261	5738	5803	66	*	Scaffold601	331489	331554	66	*
Scaffold4265	25898	25950	53	*	Scaffold550	349541	349593	53	*
Scaffold4266	119259	119310	52	*	Scaffold100	4081	4132	52	*
Scaffold4266	61504	61555	52	*	Scaffold113	501872	501923	52	*
Scaffold4266	92095	92146	52	*	Scaffold113	474855	474906	52	*
Scaffold4266	69608	69662	55	*	Scaffold113	494787	494841	55	*
Scaffold4266	73601	73653	53	*	Scaffold113	491021	491073	53	*
Scaffold4266	10616	10669	54	*	Scaffold113	542107	542160	54	*
Scaffold4266	48919	48976	58	*	Scaffold113	511618	511675	58	*
Scaffold4266	103368	103462	95	*	Scaffold113	463180	463274	95	*
Scaffold4266	82557	82611	55	*	Scaffold113	483295	483349	55	*
Scaffold4266	64702	64755	54	*	Scaffold113	498535	498588	54	*
Scaffold4266	82506	82555	50	*	Scaffold113	483351	483400	50	*
Scaffold4266	26749	26801	53	*	Scaffold113	528562	528614	53	*
Scaffold4266	82088	82180	93	*	Scaffold113	483717	483809	93	*
Scaffold4266	89663	89715	53	*	Scaffold113	477227	477279	53	*
Scaffold4266	77965	78046	82	*	Scaffold113	487733	487814	82	*
Scaffold4266	38172	38235	64	*	Scaffold113	518553	518616	64	*
Scaffold4266	84984	85063	80	*	Scaffold113	481197	481276	80	*
Scaffold4266	34542	34626	85	*	Scaffold113	521834	521918	85	*
Scaffold4266	71242	71292	51	*	Scaffold113	493505	493555	51	*
Scaffold4266	23085	23146	62	*	Scaffold113	531192	531253	62	*
Scaffold4266	4467	4525	59	*	Scaffold113	549087	549145	59	*
Scaffold4266	43079	43135	57	*	Scaffold113	514754	514810	57	*
Scaffold4266	132788	132840	53	*	Scaffold153	565523	565575	53	*
Scaffold4266	57335	57434	100	*	Scaffold4315	8130	8229	100	*
Scaffold4266	2534	2587	54	*	Scaffold477	136269	136322	54	*
Scaffold4266	26291	26353	63	*	Scaffold57	1359413	1359475	63	*
Scaffold4266	22298	22347	50	*	Scaffold730	205500	205549	50	*
Scaffold42676	5040	5105	66	*	Scaffold172	54792	54857	66	*
Scaffold42676	5038	5102	65	*	Scaffold470	293537	293601	65	*
Scaffold4268	36238	36295	58	*	Scaffold856	93607	93664	58	*
Scaffold4269	19129	19186	58	*	Scaffold2061	79543	79600	58	*
Scaffold4269	3281	3340	60	*	Scaffold397	286036	286095	60	*
Scaffold4269	16016	16068	53	*	Scaffold632	33562	33614	53	*
Scaffold427	98187	98250	64	*	Scaffold325	341543	341606	64	*
Scaffold4270	36647	36703	57	*	Scaffold1912	22223	22279	57	*
Scaffold4271	47145	47203	59	*	Scaffold1008	159970	160028	59	*
Scaffold4271	47145	47203	59	*	Scaffold1008	169097	169155	59	*
Scaffold4271	68504	68559	56	*	Scaffold601	333790	333845	56	*
Scaffold4271	69239	69294	56	*	Scaffold601	331496	331551	56	*
Scaffold42732	2089	2146	58	*	Scaffold781	279094	279151	58	*
Scaffold428	45035	45086	52	*	Scaffold1108	71271	71322	52	*
Scaffold428	44888	44941	54	*	Scaffold1108	71132	71185	54	*
Scaffold428	45206	45268	63	*	Scaffold1206	93725	93787	63	*
Scaffold428	189068	189126	59	*	Scaffold13275	2050	2108	59	*
Scaffold428	45758	45809	52	*	Scaffold18	332927	332978	52	*
Scaffold428	45811	45868	58	*	Scaffold18	332980	333037	58	*
Scaffold428	45215	45264	50	*	Scaffold194	505035	505084	50	*
Scaffold428	45045	45099	55	*	Scaffold196	886538	886592	55	*
Scaffold428	45023	45072	50	*	Scaffold2093	6813	6862	50	*
Scaffold428	44890	44941	52	*	Scaffold26688	3751	3802	52	*
Scaffold428	45044	45095	52	*	Scaffold26688	3906	3957	52	*
Scaffold428	45070	45127	58	*	Scaffold2679	39098	39155	58	*
Scaffold428	44883	44939	57	*	Scaffold2679	40134	40190	57	*
Scaffold428	45758	45820	63	*	Scaffold279	327927	327989	63	*
Scaffold428	171388	171507	120	*	Scaffold28	184605	184724	120	*
Scaffold428	229415	229464	50	*	Scaffold28	236881	236930	50	*
Scaffold428	181210	181259	50	*	Scaffold28	195038	195087	50	*
Scaffold428	178449	178515	67	*	Scaffold28	192008	192074	67	*
Scaffold428	218570	218680	111	*	Scaffold28	227468	227578	111	*
Scaffold428	152862	152948	87	*	Scaffold28	166284	166370	87	*
Scaffold428	171183	171321	139	*	Scaffold28	184402	184540	139	*
Scaffold428	206295	206353	59	*	Scaffold28	216999	217057	59	*
Scaffold428	195145	195208	64	*	Scaffold28	206301	206364	64	*
Scaffold428	245376	245448	73	*	Scaffold28	250978	251050	73	*
Scaffold428	241180	241254	75	*	Scaffold28	248092	248166	75	*
Scaffold428	171609	171699	91	*	Scaffold28	184842	184932	91	*
Scaffold428	210772	210833	62	*	Scaffold28	221765	221826	62	*
Scaffold428	217729	217785	57	*	Scaffold28	226552	226608	57	*
Scaffold428	194502	194564	63	*	Scaffold28	205552	205614	63	*
Scaffold428	176732	176788	57	*	Scaffold28	190311	190367	57	*
Scaffold428	182646	182715	70	*	Scaffold28	196635	196704	70	*
Scaffold428	229489	229558	70	*	Scaffold28	236955	237024	70	*
Scaffold428	218427	218478	52	*	Scaffold28	227326	227377	52	*
Scaffold428	178565	178641	77	*	Scaffold28	192124	192200	77	*
Scaffold428	167753	167818	66	*	Scaffold28	181260	181325	66	*
Scaffold428	237482	237565	84	*	Scaffold28	243575	243658	84	*
Scaffold428	211059	211108	50	*	Scaffold28	222051	222100	50	*
Scaffold428	180197	180262	66	*	Scaffold28	194192	194257	66	*
Scaffold428	183428	183489	62	*	Scaffold28	197629	197690	62	*
Scaffold428	184214	184275	62	*	Scaffold28	198444	198505	62	*
Scaffold428	206193	206275	83	*	Scaffold28	216880	216962	83	*
Scaffold428	172336	172393	58	*	Scaffold28	185576	185633	58	*
Scaffold428	196731	196852	122	*	Scaffold28	207687	207808	122	*
Scaffold428	186847	186905	59	*	Scaffold28	199982	200040	59	*
Scaffold428	183624	183676	53	*	Scaffold28	197853	197905	53	*
Scaffold428	173213	173334	122	*	Scaffold28	186583	186704	122	*
Scaffold428	194665	194729	65	*	Scaffold28	205829	205893	65	*
Scaffold428	242345	242430	86	*	Scaffold28	249274	249359	86	*
Scaffold428	169647	169807	161	*	Scaffold28	183263	183423	161	*
Scaffold428	199037	199094	58	*	Scaffold28	210051	210108	58	*
Scaffold428	167378	167431	54	*	Scaffold28	180850	180903	54	*
Scaffold428	224195	224245	51	*	Scaffold28	232413	232463	51	*
Scaffold428	166999	167136	138	*	Scaffold28	180474	180611	138	*
Scaffold428	152762	152812	51	*	Scaffold28	166188	166238	51	*
Scaffold428	233401	233474	74	*	Scaffold28	240046	240119	74	*
Scaffold428	242162	242222	61	*	Scaffold28	249094	249154	61	*
Scaffold428	200715	200787	73	*	Scaffold28	211197	211269	73	*
Scaffold428	241256	241309	54	*	Scaffold28	248168	248221	54	*
Scaffold428	233608	233683	76	*	Scaffold28	240262	240337	76	*
Scaffold428	181066	181208	143	*	Scaffold28	194894	195036	143	*
Scaffold428	167227	167316	90	*	Scaffold28	180699	180788	90	*
Scaffold428	45044	45095	52	*	Scaffold303	264546	264597	52	*
Scaffold428	45054	45117	64	*	Scaffold339	242730	242793	64	*
Scaffold428	45044	45093	50	*	Scaffold451	605640	605689	50	*
Scaffold428	218570	218680	111	*	Scaffold644	9970	10080	111	*
Scaffold428	218427	218478	52	*	Scaffold644	10171	10222	52	*
Scaffold428	44884	44941	58	*	Scaffold710	70715	70772	58	*
Scaffold4281	74249	74314	66	*	Scaffold2642	60041	60106	66	*
Scaffold4281	20844	20929	86	*	Scaffold762	220811	220896	86	*
Scaffold4281	23705	23758	54	*	Scaffold762	217879	217932	54	*
Scaffold4282	68571	68623	53	*	Scaffold4	1155971	1156023	53	*
Scaffold4283	51978	52031	54	*	Scaffold1002	101246	101299	54	*
Scaffold4283	51737	51787	51	*	Scaffold1137	209930	209980	51	*
Scaffold4283	51746	51801	56	*	Scaffold1305	40025	40080	56	*
Scaffold4283	51746	51808	63	*	Scaffold1311	144234	144296	63	*
Scaffold4283	30601	30661	61	*	Scaffold22	1041479	1041539	61	*
Scaffold4283	51731	51787	57	*	Scaffold23502	155	211	57	*
Scaffold4283	51759	51808	50	*	Scaffold26416	730	779	50	*
Scaffold4283	51804	51854	51	*	Scaffold746	41343	41393	51	*
Scaffold4284	22724	22790	67	*	Scaffold113	356449	356515	67	*
Scaffold4284	22616	22722	107	*	Scaffold113	356517	356623	107	*
Scaffold4287	39257	39316	60	*	Scaffold335	403051	403110	60	*
Scaffold42878	382	433	52	*	Scaffold192	357123	357174	52	*
Scaffold4291	77694	77764	71	*	Scaffold2507	142198	142268	71	*
Scaffold4291	65935	66012	78	*	Scaffold2507	133052	133129	78	*
Scaffold4291	66015	66069	55	*	Scaffold2507	133132	133186	55	*
Scaffold4292	16529	16587	59	*	Scaffold369	256347	256405	59	*
Scaffold4292	16519	16600	82	*	Scaffold661	78086	78167	82	*
Scaffold42926	3488	3550	63	*	Scaffold9	882191	882253	63	*
Scaffold42926	3488	3550	63	*	Scaffold9	888251	888313	63	*
Scaffold4296	5019	5080	62	*	Scaffold204	74954	75015	62	*
Scaffold4296	4947	5017	71	*	Scaffold204	75017	75087	71	*
Scaffold4297	13535	13586	52	*	Scaffold1327	77724	77775	52	*
Scaffold4299	108207	108267	61	*	Scaffold10	53923	53983	61	*
Scaffold4299	80411	80460	50	*	Scaffold2035	2506	2555	50	*
Scaffold4299	3549	3602	54	*	Scaffold5823	4168	4221	54	*
Scaffold430	165283	165348	66	*	Scaffold152	593561	593626	66	*
Scaffold430	17245	17295	51	*	Scaffold284	349821	349871	51	*
Scaffold430	29235	29287	53	*	Scaffold284	326221	326273	53	*
Scaffold430	50828	50885	58	*	Scaffold284	306250	306307	58	*
Scaffold430	53206	53263	58	*	Scaffold284	306250	306307	58	*
Scaffold430	29023	29091	69	*	Scaffold284	326417	326485	69	*
Scaffold4300	62360	62412	53	*	Scaffold338	590084	590136	53	*
Scaffold4302	47550	47607	58	*	Scaffold553	14184	14241	58	*
Scaffold4305	35542	35603	62	*	Scaffold179	558427	558488	62	*
Scaffold4306	76348	76402	55	*	Scaffold3213	26495	26549	55	*
Scaffold4306	76348	76402	55	*	Scaffold437	26564	26618	55	*
Scaffold43067	4036	4091	56	*	Scaffold2782	97740	97795	56	*
Scaffold4307	60181	60268	88	*	Scaffold1545	380965	381052	88	*
Scaffold4307	48412	48474	63	*	Scaffold1545	390180	390242	63	*
Scaffold431	46750	46825	76	*	Scaffold113	356551	356626	76	*
Scaffold431	46938	46991	54	*	Scaffold113	356739	356792	54	*
Scaffold431	46718	46769	52	*	Scaffold1239	100338	100389	52	*
Scaffold431	46875	46942	68	*	Scaffold1512	190448	190515	68	*
Scaffold431	46983	47040	58	*	Scaffold3148	10513	10570	58	*
Scaffold431	46932	46984	53	*	Scaffold418	537596	537648	53	*
Scaffold431	46752	46822	71	*	Scaffold52	411612	411682	71	*
Scaffold431	46839	46915	77	*	Scaffold52	411519	411595	77	*
Scaffold431	46989	47040	52	*	Scaffold688	123291	123342	52	*
Scaffold431	46716	46775	60	*	Scaffold8	1321981	1322040	60	*
Scaffold43137	5479	5538	60	*	Scaffold1396	360845	360904	60	*
Scaffold43137	4140	4251	112	*	Scaffold1396	362045	362156	112	*
Scaffold43137	4974	5039	66	*	Scaffold1396	361287	361352	66	*
Scaffold43137	38345	38394	50	*	Scaffold1396	334002	334051	50	*
Scaffold43137	13535	13588	54	*	Scaffold1396	352048	352101	54	*
Scaffold43137	35097	35146	50	*	Scaffold1396	336772	336821	50	*
Scaffold43137	43493	43552	60	*	Scaffold1396	329268	329327	60	*
Scaffold43137	5558	5608	51	*	Scaffold1396	360775	360825	51	*
Scaffold43137	34206	34261	56	*	Scaffold1396	337653	337708	56	*
Scaffold43137	26307	26383	77	*	Scaffold2280	3312	3388	77	*
Scaffold43137	27535	27585	51	*	Scaffold2280	445	495	51	*
Scaffold43137	24937	24993	57	*	Scaffold343	205282	205338	57	*
Scaffold4316	10672	10727	56	*	Scaffold19	1222634	1222689	56	*
Scaffold4316	10883	10941	59	*	Scaffold19	1222415	1222473	59	*
Scaffold4316	49099	49154	56	*	Scaffold636	557900	557955	56	*
Scaffold4328	59570	59632	63	*	Scaffold326	102377	102439	63	*
Scaffold4332	87274	87330	57	*	Scaffold846	19574	19630	57	*
Scaffold4334	11790	11842	53	*	Scaffold1503	229977	230029	53	*
Scaffold43344	418	467	50	*	Scaffold1182	333909	333958	50	*
Scaffold43344	402	468	67	*	Scaffold1400	113922	113988	67	*
Scaffold43344	395	450	56	*	Scaffold1446	130216	130271	56	*
Scaffold43344	413	468	56	*	Scaffold240	356115	356170	56	*
Scaffold43344	400	468	69	*	Scaffold26589	217	285	69	*
Scaffold43344	418	468	51	*	Scaffold303	147572	147622	51	*
Scaffold43344	416	465	50	*	Scaffold3327	15514	15563	50	*
Scaffold43344	396	468	73	*	Scaffold4052	3774	3846	73	*
Scaffold43344	396	446	51	*	Scaffold429	596001	596051	51	*
Scaffold4336	35117	35190	74	*	Scaffold320	89958	90031	74	*
Scaffold43360	4	65	62	*	Scaffold188	647246	647307	62	*
Scaffold43373	10971	11034	64	*	Scaffold203	247805	247868	64	*
Scaffold434	121686	121753	68	*	Scaffold1446	239479	239546	68	*
Scaffold434	167763	167826	64	*	Scaffold1446	276742	276805	64	*
Scaffold434	184475	184536	62	*	Scaffold1446	294610	294671	62	*
Scaffold434	129294	129343	50	*	Scaffold1446	248505	248554	50	*
Scaffold434	173521	173572	52	*	Scaffold1446	281792	281843	52	*
Scaffold434	132183	132243	61	*	Scaffold1446	251853	251913	61	*
Scaffold434	181716	181771	56	*	Scaffold1446	290572	290627	56	*
Scaffold434	121686	121753	68	*	Scaffold1446	317919	317986	68	*
Scaffold434	18647	18705	59	*	Scaffold1446	193692	193750	59	*
Scaffold434	181856	181905	50	*	Scaffold1446	290713	290762	50	*
Scaffold434	5327	5376	50	*	Scaffold1446	180037	180086	50	*
Scaffold434	39163	39223	61	*	Scaffold1446	206644	206704	61	*
Scaffold434	132183	132243	61	*	Scaffold1446	324837	324897	61	*
Scaffold434	173342	173392	51	*	Scaffold1446	281613	281663	51	*
Scaffold434	129294	129343	50	*	Scaffold1446	321488	321537	50	*
Scaffold434	118739	118798	60	*	Scaffold1668	248268	248327	60	*
Scaffold434	109433	109511	79	*	Scaffold1668	238942	239020	79	*
Scaffold434	90965	91070	106	*	Scaffold1668	220111	220216	106	*
Scaffold434	74674	74751	78	*	Scaffold1668	209449	209526	78	*
Scaffold434	107263	107328	66	*	Scaffold1668	235004	235069	66	*
Scaffold434	119068	119129	62	*	Scaffold1668	248613	248674	62	*
Scaffold434	223863	223926	64	*	Scaffold2058	45118	45181	64	*
Scaffold434	5327	5376	50	*	Scaffold2074	76571	76620	50	*
Scaffold4342	38724	38774	51	*	Scaffold418	204889	204939	51	*
Scaffold43435	12421	12470	50	*	Scaffold2263	155700	155749	50	*
Scaffold43435	12421	12470	50	*	Scaffold794	223900	223949	50	*
Scaffold43446	946	1001	56	*	Scaffold477	136348	136403	56	*
Scaffold4345	22370	22430	61	*	Scaffold595	191529	191589	61	*
Scaffold4346	109457	109510	54	*	Scaffold2	197390	197443	54	*
Scaffold4346	91692	91747	56	*	Scaffold2	211460	211515	56	*
Scaffold43460	2640	2700	61	*	Scaffold197	570436	570496	61	*
Scaffold43467	663	714	52	*	Scaffold222	426544	426595	52	*
Scaffold435	37268	37338	71	*	Scaffold1326	42338	42408	71	*
Scaffold435	37264	37324	61	*	Scaffold1364	309340	309400	61	*
Scaffold435	37359	37428	70	*	Scaffold17265	20033	20102	70	*
Scaffold435	37268	37338	71	*	Scaffold17598	229	299	71	*
Scaffold435	37349	37423	75	*	Scaffold17598	300	374	75	*
Scaffold435	37350	37417	68	*	Scaffold183	104123	104190	68	*
Scaffold435	37266	37321	56	*	Scaffold215	93504	93559	56	*
Scaffold435	37254	37312	59	*	Scaffold2414	71961	72019	59	*
Scaffold435	37359	37423	65	*	Scaffold2838	64603	64667	65	*
Scaffold435	37256	37313	58	*	Scaffold493	149695	149752	58	*
Scaffold435	37267	37325	59	*	Scaffold535	411493	411551	59	*
Scaffold435	37267	37337	71	*	Scaffold567	271969	272039	71	*
Scaffold435	37351	37424	74	*	Scaffold643	119038	119111	74	*
Scaffold435	37264	37327	64	*	Scaffold724	57895	57958	64	*
Scaffold435	37358	37425	68	*	Scaffold840	302720	302787	68	*
Scaffold435	37356	37405	50	*	Scaffold847	99817	99866	50	*
Scaffold435	37355	37427	73	*	Scaffold90	464692	464764	73	*
Scaffold4350	17833	17885	53	*	Scaffold880	229346	229398	53	*
Scaffold4352	67217	67271	55	*	Scaffold788	231888	231942	55	*
Scaffold4353	30362	30423	62	*	Scaffold2064	700	761	62	*
Scaffold4355	13901	13960	60	*	Scaffold1250	56490	56549	60	*
Scaffold4355	13944	13993	50	*	Scaffold148	78019	78068	50	*
Scaffold4355	14200	14260	61	*	Scaffold1717	45533	45593	61	*
Scaffold4355	13704	13757	54	*	Scaffold17487	383	436	54	*
Scaffold43556	967	1024	58	*	Scaffold3523	39356	39413	58	*
Scaffold43556	845	924	80	*	Scaffold360	111994	112073	80	*
Scaffold43556	785	840	56	*	Scaffold360	111934	111989	56	*
Scaffold43556	842	924	83	*	Scaffold881	195594	195676	83	*
Scaffold436	42656	42716	61	*	Scaffold256	731962	732022	61	*
Scaffold436	38225	38289	65	*	Scaffold256	736189	736253	65	*
Scaffold43600	8018	8126	109	*	Scaffold73	10929	11037	109	*
Scaffold4365	93608	93665	58	*	Scaffold1876	80070	80127	58	*
Scaffold4365	70639	70701	63	*	Scaffold1876	99976	100038	63	*
Scaffold4365	100137	100200	64	*	Scaffold1876	74610	74673	64	*
Scaffold4365	13747	13796	50	*	Scaffold1876	150209	150258	50	*
Scaffold4365	137092	137161	70	*	Scaffold1876	39668	39737	70	*
Scaffold4365	122658	122721	64	*	Scaffold1876	53200	53263	64	*
Scaffold4365	91726	91793	68	*	Scaffold1876	83115	83182	68	*
Scaffold4365	34380	34440	61	*	Scaffold1876	136193	136253	61	*
Scaffold4365	17248	17297	50	*	Scaffold1876	146875	146924	50	*
Scaffold4365	11965	12019	55	*	Scaffold1876	151673	151727	55	*
Scaffold4365	121956	122037	82	*	Scaffold1876	53898	53979	82	*
Scaffold4365	52984	53035	52	*	Scaffold1876	118444	118495	52	*
Scaffold4365	93765	93815	51	*	Scaffold1876	79921	79971	51	*
Scaffold4365	21656	21720	65	*	Scaffold1876	145141	145205	65	*
Scaffold43658	1	86	86	*	Scaffold10	1374599	1374684	86	*
Scaffold43658	30	90	61	*	Scaffold119	594517	594577	61	*
Scaffold43658	10	87	78	*	Scaffold12	669869	669946	78	*
Scaffold43658	41	93	53	*	Scaffold1326	48175	48227	53	*
Scaffold43658	8	79	72	*	Scaffold1340	32219	32290	72	*
Scaffold43658	3	89	87	*	Scaffold785	128746	128832	87	*
Scaffold4369	31276	31332	57	*	Scaffold737	178241	178297	57	*
Scaffold437	14987	15078	92	*	Scaffold113	356527	356618	92	*
Scaffold4370	6352	6416	65	*	Scaffold1113	202391	202455	65	*
Scaffold4371	70784	70833	50	*	Scaffold222	398625	398674	50	*
Scaffold4371	74165	74265	101	*	Scaffold749	140855	140955	101	*
Scaffold4372	18628	18682	55	*	Scaffold19994	607	661	55	*
Scaffold4372	114097	114156	60	*	Scaffold561	142652	142711	60	*
Scaffold4374	23750	23839	90	*	Scaffold2280	3299	3388	90	*
Scaffold4375	63887	63942	56	*	Scaffold1758	125777	125832	56	*
Scaffold4377	17353	17418	66	*	Scaffold1774	92783	92848	66	*
Scaffold4377	25554	25614	61	*	Scaffold1774	97486	97546	61	*
Scaffold4377	13763	13812	50	*	Scaffold1774	90631	90680	50	*
Scaffold4377	29391	29479	89	*	Scaffold2280	3292	3380	89	*
Scaffold4377	9900	9963	64	*	Scaffold73	10645	10708	64	*
Scaffold43824	697	746	50	*	Scaffold1159	50230	50279	50	*
Scaffold43826	732	799	68	*	Scaffold585	164765	164832	68	*
Scaffold4383	53808	53863	56	*	Scaffold2003	108799	108854	56	*
Scaffold4384	51246	51323	78	*	Scaffold113	873937	874014	78	*
Scaffold4384	51251	51315	65	*	Scaffold162	900164	900228	65	*
Scaffold4384	66277	66326	50	*	Scaffold4487	3898	3947	50	*
Scaffold4384	59772	59823	52	*	Scaffold4487	1041	1092	52	*
Scaffold4384	51250	51327	78	*	Scaffold536	345220	345297	78	*
Scaffold4384	51250	51307	58	*	Scaffold596	48202	48259	58	*
Scaffold4384	51243	51293	51	*	Scaffold846	146718	146768	51	*
Scaffold43861	4	70	67	*	Scaffold737	156322	156388	67	*
Scaffold43861	1	69	69	*	Scaffold788	272604	272672	69	*
Scaffold4390	20375	20437	63	*	Scaffold2074	12815	12877	63	*
Scaffold4390	20328	20379	52	*	Scaffold301	51798	51849	52	*
Scaffold4390	20423	20479	57	*	Scaffold314	147910	147966	57	*
Scaffold4390	20352	20475	124	*	Scaffold762	322151	322274	124	*
Scaffold4390	20367	20416	50	*	Scaffold7958	1545	1594	50	*
Scaffold4390	20355	20433	79	*	Scaffold8944	519	597	79	*
Scaffold4394	34905	34958	54	*	Scaffold846	65212	65265	54	*
Scaffold43964	192	293	102	*	Scaffold2768	1807	1908	102	*
Scaffold4397	54500	54556	57	*	Scaffold1366	144021	144077	57	*
Scaffold4397	54403	54454	52	*	Scaffold311	555280	555331	52	*
Scaffold4397	54397	54447	51	*	Scaffold396	62608	62658	51	*
Scaffold4397	41449	41499	51	*	Scaffold550	340853	340903	51	*
Scaffold4398	53549	53611	63	*	Scaffold1763	123853	123915	63	*
Scaffold4398	53380	53434	55	*	Scaffold1763	124025	124079	55	*
Scaffold4398	86084	86138	55	*	Scaffold562	159321	159375	55	*
Scaffold43982	615	675	61	*	Scaffold2782	72358	72418	61	*
Scaffold43982	801	919	119	*	Scaffold2782	72544	72662	119	*
Scaffold43982	1031	1108	78	*	Scaffold2782	72766	72843	78	*
Scaffold43982	686	799	114	*	Scaffold2782	72429	72542	114	*
Scaffold440	82693	82744	52	*	Scaffold18	332762	332813	52	*
Scaffold44042	896	963	68	*	Scaffold1763	124245	124312	68	*
Scaffold4405	68990	69054	65	*	Scaffold3115	41808	41872	65	*
Scaffold4405	68988	69050	63	*	Scaffold688	11441	11503	63	*
Scaffold4408	4078	4143	66	*	Scaffold1527	43581	43646	66	*
Scaffold4408	3798	3859	62	*	Scaffold1527	43307	43368	62	*
Scaffold4408	3813	3880	68	*	Scaffold1896	103557	103624	68	*
Scaffold4408	38693	38760	68	*	Scaffold835	184780	184847	68	*
Scaffold44086	11909	11978	70	*	Scaffold2598	43303	43372	70	*
Scaffold441	110432	110497	66	*	Scaffold1396	511081	511146	66	*
Scaffold441	25667	25757	91	*	Scaffold5191	8303	8393	91	*
Scaffold4410	84305	84355	51	*	Scaffold219	711313	711363	51	*
Scaffold4410	32803	32856	54	*	Scaffold270	284544	284597	54	*
Scaffold4410	38900	38966	67	*	Scaffold270	279891	279957	67	*
Scaffold4410	30143	30205	63	*	Scaffold270	286831	286893	63	*
Scaffold4410	19058	19107	50	*	Scaffold27915	686	735	50	*
Scaffold4411	38369	38425	57	*	Scaffold543	155070	155126	57	*
Scaffold4412	41925	41979	55	*	Scaffold1116	168043	168097	55	*
Scaffold4412	41902	41954	53	*	Scaffold1539	155361	155413	53	*
Scaffold4412	41970	42021	52	*	Scaffold3316	10945	10996	52	*
Scaffold4412	41921	41972	52	*	Scaffold332	304529	304580	52	*
Scaffold4413	33402	33470	69	*	Scaffold344	359051	359119	69	*
Scaffold4416	59069	59134	66	*	Scaffold15	587224	587289	66	*
Scaffold4416	50061	50114	54	*	Scaffold15	579542	579595	54	*
Scaffold4420	415	488	74	*	Scaffold146	623239	623312	74	*
Scaffold4420	10967	11053	87	*	Scaffold181	357451	357537	87	*
Scaffold4420	394	444	51	*	Scaffold1884	25426	25476	51	*
Scaffold4420	519	573	55	*	Scaffold296	625521	625575	55	*
Scaffold4421	48170	48224	55	*	Scaffold964	89774	89828	55	*
Scaffold4424	48836	48924	89	*	Scaffold874	236418	236506	89	*
Scaffold44242	2109	2176	68	*	Scaffold347	411977	412044	68	*
Scaffold44242	439	490	52	*	Scaffold347	332335	332386	52	*
Scaffold44242	2711	2775	65	*	Scaffold617	17716	17780	65	*
Scaffold4426	15916	16006	91	*	Scaffold285	120190	120280	91	*
Scaffold4426	9952	10008	57	*	Scaffold285	105995	106051	57	*
Scaffold4426	24080	24131	52	*	Scaffold285	129067	129118	52	*
Scaffold4426	40984	41036	53	*	Scaffold346	122152	122204	53	*
Scaffold44263	571	629	59	*	Scaffold20734	151	209	59	*
Scaffold4427	31467	31558	92	*	Scaffold499	74897	74988	92	*
Scaffold4427	14322	14375	54	*	Scaffold499	90196	90249	54	*
Scaffold4435	30550	30608	59	*	Scaffold504	97300	97358	59	*
Scaffold44352	37	87	51	*	Scaffold2586	60245	60295	51	*
Scaffold4436	90139	90204	66	*	Scaffold5552	70025	70090	66	*
Scaffold4436	90067	90121	55	*	Scaffold5552	69953	70007	55	*
Scaffold4444	25407	25465	59	*	Scaffold18	332753	332811	59	*
Scaffold445	11548	11611	64	*	Scaffold100	4183	4246	64	*
Scaffold445	60191	60241	51	*	Scaffold1481	95336	95386	51	*
Scaffold4454	12335	12400	66	*	Scaffold10	1807081	1807146	66	*
Scaffold4454	29923	29972	50	*	Scaffold10	1797381	1797430	50	*
Scaffold446	90380	90439	60	*	Scaffold2804	1122	1181	60	*
Scaffold4460	44056	44120	65	*	Scaffold1066	118167	118231	65	*
Scaffold4460	44055	44115	61	*	Scaffold122	1213682	1213742	61	*
Scaffold4460	44051	44110	60	*	Scaffold1305	12975	13034	60	*
Scaffold4460	44066	44123	58	*	Scaffold164	439626	439683	58	*
Scaffold4460	44059	44117	59	*	Scaffold229	360718	360776	59	*
Scaffold4460	44051	44124	74	*	Scaffold240	174992	175065	74	*
Scaffold4460	44045	44123	79	*	Scaffold81	591028	591106	79	*
Scaffold4460	44038	44123	86	*	Scaffold896	238270	238355	86	*
Scaffold4462	23037	23092	56	*	Scaffold431	295102	295157	56	*
Scaffold4462	23043	23092	50	*	Scaffold5191	8449	8498	50	*
Scaffold4462	12	67	56	*	Scaffold585	164929	164984	56	*
Scaffold4464	10580	10634	55	*	Scaffold5715	6742	6796	55	*
Scaffold4464	10583	10634	52	*	Scaffold651	304963	305014	52	*
Scaffold44667	78	163	86	*	Scaffold926	387210	387295	86	*
Scaffold4470	46355	46421	67	*	Scaffold1583	127597	127663	67	*
Scaffold4470	42637	42697	61	*	Scaffold1596	224643	224703	61	*
Scaffold4470	26767	26835	69	*	Scaffold18	332154	332222	69	*
Scaffold4470	26503	26554	52	*	Scaffold18	332438	332489	52	*
Scaffold4478	41279	41383	105	*	Scaffold926	387191	387295	105	*
Scaffold4478	44703	44766	64	*	Scaffold992	137427	137490	64	*
Scaffold448	59811	59863	53	*	Scaffold317	522644	522696	53	*
Scaffold448	87072	87121	50	*	Scaffold317	506630	506679	50	*
Scaffold448	59811	59863	53	*	Scaffold5948	9565	9617	53	*
Scaffold4483	202898	202955	58	*	Scaffold1453	138203	138260	58	*
Scaffold4483	127633	127688	56	*	Scaffold23	476657	476712	56	*
Scaffold4483	219835	219886	52	*	Scaffold364	433981	434032	52	*
Scaffold4483	181993	182049	57	*	Scaffold364	471177	471233	57	*
Scaffold4483	150311	150365	55	*	Scaffold364	491764	491818	55	*
Scaffold4483	124604	124693	90	*	Scaffold364	514496	514585	90	*
Scaffold4483	219888	219949	62	*	Scaffold364	433918	433979	62	*
Scaffold4483	254922	254971	50	*	Scaffold364	396996	397045	50	*
Scaffold4483	163241	163297	57	*	Scaffold364	478020	478076	57	*
Scaffold4483	36875	36927	53	*	Scaffold364	590968	591020	53	*
Scaffold4483	120191	120275	85	*	Scaffold364	517589	517673	85	*
Scaffold4483	254922	254971	50	*	Scaffold364	397854	397903	50	*
Scaffold4483	218068	218132	65	*	Scaffold364	435420	435484	65	*
Scaffold4483	151334	151414	81	*	Scaffold364	490562	490642	81	*
Scaffold4483	244048	244106	59	*	Scaffold364	409239	409297	59	*
Scaffold4483	136436	136559	124	*	Scaffold364	505384	505507	124	*
Scaffold4483	77492	77541	50	*	Scaffold364	564851	564900	50	*
Scaffold4483	264344	264405	62	*	Scaffold364	391812	391873	62	*
Scaffold4483	219982	220037	56	*	Scaffold364	433829	433884	56	*
Scaffold4483	37163	37224	62	*	Scaffold364	590674	590735	62	*
Scaffold4483	2446	2497	52	*	Scaffold364	621818	621869	52	*
Scaffold4483	56915	56980	66	*	Scaffold364	581004	581069	66	*
Scaffold4483	182248	182386	139	*	Scaffold364	470834	470972	139	*
Scaffold4483	161519	161571	53	*	Scaffold364	479843	479895	53	*
Scaffold4483	264899	264977	79	*	Scaffold364	391220	391298	79	*
Scaffold4483	57103	57156	54	*	Scaffold364	580830	580883	54	*
Scaffold4483	163834	163890	57	*	Scaffold364	477418	477474	57	*
Scaffold4483	163991	164058	68	*	Scaffold364	477250	477317	68	*
Scaffold4483	182412	182474	63	*	Scaffold364	470746	470808	63	*
Scaffold4483	164081	164151	71	*	Scaffold364	477158	477228	71	*
Scaffold4483	56822	56912	91	*	Scaffold364	581072	581162	91	*
Scaffold4483	202897	202964	68	*	Scaffold38	651103	651170	68	*
Scaffold4483	222145	222235	91	*	Scaffold397	286031	286121	91	*
Scaffold4483	202903	202966	64	*	Scaffold750	318652	318715	64	*
Scaffold449	110645	110694	50	*	Scaffold449	334784	334833	50	*
Scaffold449	110591	110643	53	*	Scaffold449	334835	334887	53	*
Scaffold4491	12274	12333	60	*	Scaffold1762	88299	88358	60	*
Scaffold4491	12195	12260	66	*	Scaffold338	830620	830685	66	*
Scaffold4491	6220	6289	70	*	Scaffold507	187834	187903	70	*
Scaffold4491	11849	11902	54	*	Scaffold6104	2445	2498	54	*
Scaffold4491	35384	35440	57	*	Scaffold79	375062	375118	57	*
Scaffold4491	12208	12257	50	*	Scaffold79	375260	375309	50	*
Scaffold4496	48754	48812	59	*	Scaffold342	147245	147303	59	*
Scaffold4496	45107	45172	66	*	Scaffold342	145234	145299	66	*
Scaffold4498	16479	16537	59	*	Scaffold202	469065	469123	59	*
Scaffold45	122388	122438	51	*	Scaffold48	127045	127095	51	*
Scaffold450	19538	19599	62	*	Scaffold1010	263414	263475	62	*
Scaffold450	19541	19599	59	*	Scaffold257	423299	423357	59	*
Scaffold4502	33234	33296	63	*	Scaffold1024	223033	223095	63	*
Scaffold4502	33472	33523	52	*	Scaffold166	745815	745866	52	*
Scaffold4502	33470	33541	72	*	Scaffold310	391329	391400	72	*
Scaffold4503	23032	23104	73	*	Scaffold188	401211	401283	73	*
Scaffold4503	23111	23165	55	*	Scaffold188	401150	401204	55	*
Scaffold4508	22028	22078	51	*	Scaffold19	1296798	1296848	51	*
Scaffold4508	8170	8221	52	*	Scaffold19	1280644	1280695	52	*
Scaffold4508	8223	8280	58	*	Scaffold19	1280697	1280754	58	*
Scaffold4508	26004	26113	110	*	Scaffold19	1302848	1302957	110	*
Scaffold4508	44949	45007	59	*	Scaffold3013	988	1046	59	*
Scaffold451	100391	100440	50	*	Scaffold592	247891	247940	50	*
Scaffold451	82051	82113	63	*	Scaffold592	261046	261108	63	*
Scaffold451	121865	121927	63	*	Scaffold592	233636	233698	63	*
Scaffold451	94623	94672	50	*	Scaffold592	255153	255202	50	*
Scaffold451	59320	59373	54	*	Scaffold592	273468	273521	54	*
Scaffold451	58673	58765	93	*	Scaffold592	274069	274161	93	*
Scaffold451	59073	59248	176	*	Scaffold592	273590	273765	176	*
Scaffold451	96571	96631	61	*	Scaffold592	253477	253537	61	*
Scaffold451	82212	82273	62	*	Scaffold592	260888	260949	62	*
Scaffold451	96059	96127	69	*	Scaffold592	253823	253891	69	*
Scaffold451	100494	100566	73	*	Scaffold592	247766	247838	73	*
Scaffold451	96633	96690	58	*	Scaffold592	253418	253475	58	*
Scaffold4512	90745	90794	50	*	Scaffold82	626837	626886	50	*
Scaffold4514	16542	16624	83	*	Scaffold24185	15937	16019	83	*
Scaffold4514	16287	16355	69	*	Scaffold24185	15663	15731	69	*
Scaffold4514	22294	22376	83	*	Scaffold24185	20831	20913	83	*
Scaffold4514	97414	97464	51	*	Scaffold5054	2657	2707	51	*
Scaffold4514	123763	123836	74	*	Scaffold832	97038	97111	74	*
Scaffold4514	124210	124265	56	*	Scaffold832	96597	96652	56	*
Scaffold4514	123497	123573	77	*	Scaffold832	103349	103425	77	*
Scaffold4514	122811	122867	57	*	Scaffold832	104010	104066	57	*
Scaffold4514	123763	123836	74	*	Scaffold832	103088	103161	74	*
Scaffold4514	112502	112576	75	*	Scaffold832	111322	111396	75	*
Scaffold4514	91962	92063	102	*	Scaffold832	131904	132005	102	*
Scaffold4514	119861	119914	54	*	Scaffold832	107110	107163	54	*
Scaffold4514	123425	123495	71	*	Scaffold832	103427	103497	71	*
Scaffold4514	124715	124782	68	*	Scaffold832	102132	102199	68	*
Scaffold4514	121975	122039	65	*	Scaffold832	104863	104927	65	*
Scaffold4514	124210	124265	56	*	Scaffold832	102647	102702	56	*
Scaffold4514	35405	35459	55	*	Scaffold839	255641	255695	55	*
Scaffold4514	16287	16355	69	*	Scaffold839	236566	236634	69	*
Scaffold4514	16542	16624	83	*	Scaffold839	236838	236920	83	*
Scaffold4514	63731	63792	62	*	Scaffold839	274418	274479	62	*
Scaffold4514	46074	46139	66	*	Scaffold839	264531	264596	66	*
Scaffold4514	54610	54671	62	*	Scaffold839	268309	268370	62	*
Scaffold4514	64633	64717	85	*	Scaffold839	275287	275371	85	*
Scaffold4514	45839	45909	71	*	Scaffold839	264298	264368	71	*
Scaffold4514	46143	46198	56	*	Scaffold839	264600	264655	56	*
Scaffold4515	39613	39670	58	*	Scaffold1481	107303	107360	58	*
Scaffold4518	20360	20426	67	*	Scaffold107	260653	260719	67	*
Scaffold452	60184	60245	62	*	Scaffold30388	1458	1519	62	*
Scaffold452	60184	60245	62	*	Scaffold9	873175	873236	62	*
Scaffold4521	10856	10909	54	*	Scaffold1302	131660	131713	54	*
Scaffold4529	24604	24653	50	*	Scaffold237	8482	8531	50	*
Scaffold4529	33569	33624	56	*	Scaffold477	136813	136868	56	*
Scaffold4529	24604	24653	50	*	Scaffold657	126228	126277	50	*
Scaffold453	21978	22081	104	*	Scaffold3534	9109	9212	104	*
Scaffold4532	8250	8306	57	*	Scaffold254	102329	102385	57	*
Scaffold4535	39925	39977	53	*	Scaffold18	331981	332033	53	*
Scaffold4535	38743	38807	65	*	Scaffold18	332896	332960	65	*
Scaffold4538	34587	34673	87	*	Scaffold550	398041	398127	87	*
Scaffold4538	33426	33482	57	*	Scaffold550	399243	399299	57	*
Scaffold4538	33815	33896	82	*	Scaffold550	398819	398900	82	*
Scaffold4538	32920	32972	53	*	Scaffold550	399753	399805	53	*
Scaffold4538	34253	34327	75	*	Scaffold550	398389	398463	75	*
Scaffold4538	33510	33567	58	*	Scaffold550	399158	399215	58	*
Scaffold4538	33298	33424	127	*	Scaffold550	399301	399427	127	*
Scaffold4538	32707	32761	55	*	Scaffold550	399963	400017	55	*
Scaffold4538	34533	34585	53	*	Scaffold550	398129	398181	53	*
Scaffold4538	33947	34098	152	*	Scaffold550	398617	398768	152	*
Scaffold454	22942	22993	52	*	Scaffold1166	115791	115842	52	*
Scaffold454	22618	22693	76	*	Scaffold1166	115467	115542	76	*
Scaffold454	22831	22890	60	*	Scaffold1166	115680	115739	60	*
Scaffold454	21958	22035	78	*	Scaffold1166	114799	114876	78	*
Scaffold454	21600	21710	111	*	Scaffold1166	114516	114626	111	*
Scaffold454	21511	21599	89	*	Scaffold1166	114426	114514	89	*
Scaffold454	21787	21857	71	*	Scaffold1166	114627	114697	71	*
Scaffold454	21861	21957	97	*	Scaffold1166	114701	114797	97	*
Scaffold454	22994	23064	71	*	Scaffold1166	115844	115914	71	*
Scaffold454	15410	15476	67	*	Scaffold135	675908	675974	67	*
Scaffold454	17667	17716	50	*	Scaffold1422	210268	210317	50	*
Scaffold454	17616	17665	50	*	Scaffold1422	210319	210368	50	*
Scaffold454	7427	7641	215	*	Scaffold1453	146007	146221	215	*
Scaffold454	7823	7876	54	*	Scaffold1453	145787	145840	54	*
Scaffold454	7644	7713	70	*	Scaffold1453	145937	146006	70	*
Scaffold454	13905	13961	57	*	Scaffold1618	21681	21737	57	*
Scaffold454	21958	22033	76	*	Scaffold18427	343	418	76	*
Scaffold454	21861	21957	97	*	Scaffold18427	245	341	97	*
Scaffold454	15377	15478	102	*	Scaffold1919	119269	119370	102	*
Scaffold454	17143	17329	187	*	Scaffold47	291440	291626	187	*
Scaffold454	20862	20972	111	*	Scaffold47	292518	292628	111	*
Scaffold454	17019	17068	50	*	Scaffold47	291969	292018	50	*
Scaffold454	17667	17716	50	*	Scaffold47	291969	292018	50	*
Scaffold454	17851	18065	215	*	Scaffold47	292156	292370	215	*
Scaffold454	18201	18252	52	*	Scaffold47	292507	292558	52	*
Scaffold454	18253	18441	189	*	Scaffold47	292560	292748	189	*
Scaffold454	20358	20528	171	*	Scaffold47	292155	292325	171	*
Scaffold454	21511	21597	87	*	Scaffold544	7740	7826	87	*
Scaffold454	21787	21857	71	*	Scaffold544	7941	8011	71	*
Scaffold454	21958	22033	76	*	Scaffold544	8113	8188	76	*
Scaffold454	21598	21710	113	*	Scaffold544	7828	7940	113	*
Scaffold454	21205	21375	171	*	Scaffold544	7433	7603	171	*
Scaffold454	21861	21957	97	*	Scaffold544	8015	8111	97	*
Scaffold454	22831	22890	60	*	Scaffold702	87600	87659	60	*
Scaffold4542	35873	35940	68	*	Scaffold28675	1008	1075	68	*
Scaffold4542	35873	35940	68	*	Scaffold30	771175	771242	68	*
Scaffold45442	2092	2146	55	*	Scaffold1671	52911	52965	55	*
Scaffold4547	8483	8537	55	*	Scaffold3112	32394	32448	55	*
Scaffold4547	40884	40934	51	*	Scaffold417	90378	90428	51	*
Scaffold4553	36404	36465	62	*	Scaffold1733	107801	107862	62	*
Scaffold4553	36325	36374	50	*	Scaffold1733	107725	107774	50	*
Scaffold4554	41782	41846	65	*	Scaffold240	197094	197158	65	*
Scaffold4554	65831	65883	53	*	Scaffold240	176768	176820	53	*
Scaffold4555	22763	22821	59	*	Scaffold1108	71132	71190	59	*
Scaffold4555	22902	22953	52	*	Scaffold1108	71271	71322	52	*
Scaffold4555	20126	20179	54	*	Scaffold1842	98950	99003	54	*
Scaffold4555	920	973	54	*	Scaffold2447	21758	21811	54	*
Scaffold4555	74480	74543	64	*	Scaffold489	77797	77860	64	*
Scaffold4555	73534	73595	62	*	Scaffold489	77678	77739	62	*
Scaffold4555	73442	73593	152	*	Scaffold5191	8282	8433	152	*
Scaffold45590	498	568	71	*	Scaffold425	283456	283526	71	*
Scaffold4563	25301	25356	56	*	Scaffold832	17485	17540	56	*
Scaffold45666	10	81	72	*	Scaffold661	78201	78272	72	*
Scaffold457	30838	30893	56	*	Scaffold1910	56283	56338	56	*
Scaffold4572	30316	30382	67	*	Scaffold749	140861	140927	67	*
Scaffold4578	83269	83366	98	*	Scaffold240	220032	220129	98	*
Scaffold4579	46360	46421	62	*	Scaffold232	101136	101197	62	*
Scaffold4579	28244	28304	61	*	Scaffold232	121962	122022	61	*
Scaffold458	136404	136498	95	*	Scaffold1223	64287	64381	95	*
Scaffold458	60812	60898	87	*	Scaffold1763	123792	123878	87	*
Scaffold458	75491	75547	57	*	Scaffold306	556952	557008	57	*
Scaffold458	114852	114914	63	*	Scaffold306	533965	534027	63	*
Scaffold4586	40452	40521	70	*	Scaffold1006	77687	77756	70	*
Scaffold4586	40566	40616	51	*	Scaffold1290	80515	80565	51	*
Scaffold4586	40527	40605	79	*	Scaffold1583	127197	127275	79	*
Scaffold4586	37999	38055	57	*	Scaffold167	367299	367355	57	*
Scaffold4586	38078	38142	65	*	Scaffold167	368535	368599	65	*
Scaffold4586	40534	40602	69	*	Scaffold2956	24869	24937	69	*
Scaffold4586	40317	40369	53	*	Scaffold2956	24686	24738	53	*
Scaffold4586	10901	10958	58	*	Scaffold320	203413	203470	58	*
Scaffold4586	40416	40472	57	*	Scaffold34	226346	226402	57	*
Scaffold4586	38225	38280	56	*	Scaffold817	210341	210396	56	*
Scaffold4586	40571	40624	54	*	Scaffold817	209937	209990	54	*
Scaffold4587	81466	81534	69	*	Scaffold13275	2050	2118	69	*
Scaffold4587	81462	81519	58	*	Scaffold19279	313	370	58	*
Scaffold4587	81466	81530	65	*	Scaffold20186	517	581	65	*
Scaffold4587	81464	81556	93	*	Scaffold688	11417	11509	93	*
Scaffold4587	81462	81527	66	*	Scaffold968	244615	244680	66	*
Scaffold45890	29	113	85	*	Scaffold8458	1747	1831	85	*
Scaffold459	48199	48256	58	*	Scaffold2849	33063	33120	58	*
Scaffold459	48140	48197	58	*	Scaffold2849	33004	33061	58	*
Scaffold459	50907	50968	62	*	Scaffold2849	35250	35311	62	*
Scaffold4590	13880	13937	58	*	Scaffold172	54794	54851	58	*
Scaffold4590	3853	3924	72	*	Scaffold512	422383	422454	72	*
Scaffold4590	3543	3614	72	*	Scaffold512	422063	422134	72	*
Scaffold4599	6985	7042	58	*	Scaffold135	725249	725306	58	*
Scaffold4599	6863	6916	54	*	Scaffold32	254196	254249	54	*
Scaffold4599	6838	6919	82	*	Scaffold605	58312	58393	82	*
Scaffold46	229872	229924	53	*	Scaffold1125	300911	300963	53	*
Scaffold46	84877	84939	63	*	Scaffold756	403170	403232	63	*
Scaffold46	105843	105929	87	*	Scaffold756	424283	424369	87	*
Scaffold46	93785	93844	60	*	Scaffold756	411276	411335	60	*
Scaffold4601	90237	90340	104	*	Scaffold5191	8284	8387	104	*
Scaffold4601	41641	41694	54	*	Scaffold55	163564	163617	54	*
Scaffold4604	65992	66044	53	*	Scaffold516	438316	438368	53	*
Scaffold4604	43691	43742	52	*	Scaffold912	297901	297952	52	*
Scaffold4604	51043	51093	51	*	Scaffold912	294589	294639	51	*
Scaffold4605	54855	54919	65	*	Scaffold1109	2227	2291	65	*
Scaffold4605	54974	55039	66	*	Scaffold1763	124009	124074	66	*
Scaffold4608	8103	8155	53	*	Scaffold41	861516	861568	53	*
Scaffold4608	9137	9189	53	*	Scaffold41	861516	861568	53	*
Scaffold4608	8103	8152	50	*	Scaffold41	862405	862454	50	*
Scaffold46099	236	288	53	*	Scaffold1495	108153	108205	53	*
Scaffold4615	13402	13451	50	*	Scaffold616	213732	213781	50	*
Scaffold46163	1	59	59	*	Scaffold658	129993	130051	59	*
Scaffold462	53838	53897	60	*	Scaffold307	48706	48765	60	*
Scaffold462	53838	53897	60	*	Scaffold6531	4190	4249	60	*
Scaffold4621	42348	42416	69	*	Scaffold1161	20492	20560	69	*
Scaffold4621	46026	46088	63	*	Scaffold1161	23806	23868	63	*
Scaffold4621	46260	46355	96	*	Scaffold1161	24052	24147	96	*
Scaffold4621	42597	42667	71	*	Scaffold1161	20747	20817	71	*
Scaffold4621	42597	42667	71	*	Scaffold207	241325	241395	71	*
Scaffold4621	46260	46355	96	*	Scaffold207	237994	238089	96	*
Scaffold4621	46026	46088	63	*	Scaffold207	238273	238335	63	*
Scaffold4621	42348	42416	69	*	Scaffold207	241582	241650	69	*
Scaffold46212	13	62	50	*	Scaffold464	693551	693600	50	*
Scaffold46212	14	85	72	*	Scaffold983	430025	430096	72	*
Scaffold46223	153	205	53	*	Scaffold2637	299122	299174	53	*
Scaffold46234	248	298	51	*	Scaffold468	534040	534090	51	*
Scaffold4625	40998	41049	52	*	Scaffold197	145998	146049	52	*
Scaffold4625	39740	39791	52	*	Scaffold197	145998	146049	52	*
Scaffold4630	121112	121176	65	*	Scaffold882	312918	312982	65	*
Scaffold4632	52662	52714	53	*	Scaffold269	438566	438618	53	*
Scaffold4636	16930	16985	56	*	Scaffold18	332167	332222	56	*
Scaffold464	113649	113705	57	*	Scaffold69	43011	43067	57	*
Scaffold4648	16219	16269	51	*	Scaffold2802	22224	22274	51	*
Scaffold465	96190	96244	55	*	Scaffold27542	154	208	55	*
Scaffold4655	70159	70220	62	*	Scaffold15	148668	148729	62	*
Scaffold4656	70306	70385	80	*	Scaffold360	112022	112101	80	*
Scaffold4656	70387	70476	90	*	Scaffold360	111931	112020	90	*
Scaffold4656	53869	53939	71	*	Scaffold636	528242	528312	71	*
Scaffold4656	68368	68421	54	*	Scaffold636	540211	540264	54	*
Scaffold4656	67723	67776	54	*	Scaffold636	540211	540264	54	*
Scaffold4656	54187	54242	56	*	Scaffold636	528571	528626	56	*
Scaffold4656	38474	38528	55	*	Scaffold636	518621	518675	55	*
Scaffold4657	28697	28769	73	*	Scaffold2043	77325	77397	73	*
Scaffold4660	81948	82008	61	*	Scaffold251	436115	436175	61	*
Scaffold4660	56087	56149	63	*	Scaffold270	289002	289064	63	*
Scaffold4661	26300	26355	56	*	Scaffold2805	63336	63391	56	*
Scaffold4661	23616	23667	52	*	Scaffold2805	66655	66706	52	*
Scaffold4661	23616	23667	52	*	Scaffold2805	53111	53162	52	*
Scaffold4661	26300	26355	56	*	Scaffold2805	50217	50272	56	*
Scaffold4661	88802	88855	54	*	Scaffold406	586239	586292	54	*
Scaffold4661	58557	58607	51	*	Scaffold406	606140	606190	51	*
Scaffold4662	5827	5876	50	*	Scaffold27542	178	227	50	*
Scaffold4663	75241	75296	56	*	Scaffold1010	221043	221098	56	*
Scaffold4663	75244	75310	67	*	Scaffold344	656995	657061	67	*
Scaffold4667	5107	5182	76	*	Scaffold10	927845	927920	76	*
Scaffold4669	66515	66572	58	*	Scaffold1829	151671	151728	58	*
Scaffold4669	14692	14789	98	*	Scaffold288	503327	503424	98	*
Scaffold467	107551	107603	53	*	Scaffold87	224944	224996	53	*
Scaffold467	70989	71044	56	*	Scaffold87	259730	259785	56	*
Scaffold4670	5970	6021	52	*	Scaffold3910	409	460	52	*
Scaffold4677	82469	82524	56	*	Scaffold2280	3429	3484	56	*
Scaffold468	113447	113500	54	*	Scaffold248	322338	322391	54	*
Scaffold4681	34276	34327	52	*	Scaffold482	210962	211013	52	*
Scaffold4681	14351	14400	50	*	Scaffold482	199092	199141	50	*
Scaffold4681	14489	14543	55	*	Scaffold482	199231	199285	55	*
Scaffold4684	6370	6434	65	*	Scaffold1302	132505	132569	65	*
Scaffold4685	57661	57712	52	*	Scaffold468	396752	396803	52	*
Scaffold4685	31758	31808	51	*	Scaffold468	379055	379105	51	*
Scaffold4686	23741	23801	61	*	Scaffold44	436192	436252	61	*
Scaffold4687	10419	10496	78	*	Scaffold528	272378	272455	78	*
Scaffold4688	1771	1917	147	*	Scaffold198	603678	603824	147	*
Scaffold4688	1651	1719	69	*	Scaffold198	603561	603629	69	*
Scaffold4697	80695	80745	51	*	Scaffold1809	128987	129037	51	*
Scaffold4697	42443	42493	51	*	Scaffold329	630938	630988	51	*
Scaffold4697	143753	143826	74	*	Scaffold329	714698	714771	74	*
Scaffold4697	81851	81919	69	*	Scaffold329	669918	669986	69	*
Scaffold4697	10482	10552	71	*	Scaffold329	593410	593480	71	*
Scaffold47	140206	140256	51	*	Scaffold1555	79676	79726	51	*
Scaffold47	184384	184439	56	*	Scaffold18	331957	332012	56	*
Scaffold47	48044	48122	79	*	Scaffold2280	3310	3388	79	*
Scaffold47	47977	48042	66	*	Scaffold2280	3243	3308	66	*
Scaffold47	171259	171318	60	*	Scaffold63	410171	410230	60	*
Scaffold47	71673	71739	67	*	Scaffold982	227441	227507	67	*
Scaffold47	64266	64318	53	*	Scaffold982	318531	318583	53	*
Scaffold47	71330	71384	55	*	Scaffold982	227795	227849	55	*
Scaffold47	112893	112963	71	*	Scaffold982	187622	187692	71	*
Scaffold47	151168	151220	53	*	Scaffold982	162178	162230	53	*
Scaffold470	82757	82815	59	*	Scaffold204	906262	906320	59	*
Scaffold4702	35988	36076	89	*	Scaffold2557	25873	25961	89	*
Scaffold4702	31417	31466	50	*	Scaffold2557	22557	22606	50	*
Scaffold4702	35143	35222	80	*	Scaffold2557	25004	25083	80	*
Scaffold4702	49458	49508	51	*	Scaffold2557	38192	38242	51	*
Scaffold4702	97321	97375	55	*	Scaffold25948	2172	2226	55	*
Scaffold4702	132260	132312	53	*	Scaffold284	412024	412076	53	*
Scaffold4702	128415	128466	52	*	Scaffold3088	2756	2807	52	*
Scaffold4702	10421	10492	72	*	Scaffold718	213450	213521	72	*
Scaffold4702	97321	97375	55	*	Scaffold718	171910	171964	55	*
Scaffold4707	52244	52314	71	*	Scaffold18	332980	333050	71	*
Scaffold4707	9542	9611	70	*	Scaffold217	57572	57641	70	*
Scaffold471	20429	20487	59	*	Scaffold102	130409	130467	59	*
Scaffold471	83857	83919	63	*	Scaffold256	547464	547526	63	*
Scaffold4711	73445	73501	57	*	Scaffold26	1102342	1102398	57	*
Scaffold4714	57813	57862	50	*	Scaffold3675	9041	9090	50	*
Scaffold4715	30564	30616	53	*	Scaffold470	293552	293604	53	*
Scaffold4715	30714	30777	64	*	Scaffold470	293391	293454	64	*
Scaffold4718	20800	20862	63	*	Scaffold24310	295	357	63	*
Scaffold47182	75	127	53	*	Scaffold1951	112157	112209	53	*
Scaffold4720	29374	29439	66	*	Scaffold1545	269492	269557	66	*
Scaffold4720	35618	35694	77	*	Scaffold1545	266064	266140	77	*
Scaffold4721	75737	75786	50	*	Scaffold141	173679	173728	50	*
Scaffold4721	75737	75786	50	*	Scaffold221	4358	4407	50	*
Scaffold4724	10713	10786	74	*	Scaffold153	332837	332910	74	*
Scaffold4728	46586	46642	57	*	Scaffold1379	105496	105552	57	*
Scaffold4728	51015	51081	67	*	Scaffold18	332035	332101	67	*
Scaffold4728	50944	51002	59	*	Scaffold18	331965	332023	59	*
Scaffold4728	46587	46644	58	*	Scaffold388	773102	773159	58	*
Scaffold473	163446	163495	50	*	Scaffold556	264298	264347	50	*
Scaffold473	163446	163495	50	*	Scaffold556	271741	271790	50	*
Scaffold473	103575	103629	55	*	Scaffold556	318072	318126	55	*
Scaffold473	129586	129637	52	*	Scaffold556	298884	298935	52	*
Scaffold473	129514	129572	59	*	Scaffold556	298952	299010	59	*
Scaffold473	114714	114784	71	*	Scaffold556	310366	310436	71	*
Scaffold473	103494	103545	52	*	Scaffold556	318162	318213	52	*
Scaffold4733	42236	42285	50	*	Scaffold2258	41845	41894	50	*
Scaffold4733	41580	41629	50	*	Scaffold477	136441	136490	50	*
Scaffold4733	6000	6112	113	*	Scaffold588	68644	68756	113	*
Scaffold4733	6000	6112	113	*	Scaffold588	66058	66170	113	*
Scaffold4736	49250	49300	51	*	Scaffold18	332509	332559	51	*
Scaffold4737	22677	22726	50	*	Scaffold5010	23927	23976	50	*
Scaffold4737	6349	6398	50	*	Scaffold594	202417	202466	50	*
Scaffold4738	34721	34859	139	*	Scaffold105	443078	443216	139	*
Scaffold4738	34783	34860	78	*	Scaffold1799	18228	18305	78	*
Scaffold4738	34739	34840	102	*	Scaffold457	258341	258442	102	*
Scaffold4738	34739	34840	102	*	Scaffold550	424903	425004	102	*
Scaffold4741	335	394	60	*	Scaffold13431	39146	39205	60	*
Scaffold4741	11517	11584	68	*	Scaffold13431	30071	30138	68	*
Scaffold4741	11517	11584	68	*	Scaffold21404	529	596	68	*
Scaffold4741	18749	18815	67	*	Scaffold749	140757	140823	67	*
Scaffold4741	11517	11584	68	*	Scaffold881	138149	138216	68	*
Scaffold4742	17599	17697	99	*	Scaffold1381	146542	146640	99	*
Scaffold4742	17632	17726	95	*	Scaffold57	1359345	1359439	95	*
Scaffold47440	67	116	50	*	Scaffold18	332173	332222	50	*
Scaffold47440	340	394	55	*	Scaffold18	332716	332770	55	*
Scaffold4745	64737	64792	56	*	Scaffold578	233636	233691	56	*
Scaffold4748	95700	95772	73	*	Scaffold311	644070	644142	73	*
Scaffold4748	59033	59086	54	*	Scaffold945	163789	163842	54	*
Scaffold4748	42267	42338	72	*	Scaffold945	179043	179114	72	*
Scaffold4748	94690	94749	60	*	Scaffold945	129464	129523	60	*
Scaffold4748	44487	44565	79	*	Scaffold945	176888	176966	79	*
Scaffold4748	40761	40819	59	*	Scaffold945	180614	180672	59	*
Scaffold4748	26639	26689	51	*	Scaffold945	190039	190089	51	*
Scaffold4748	90688	90746	59	*	Scaffold945	132890	132948	59	*
Scaffold4748	48372	48437	66	*	Scaffold945	173105	173170	66	*
Scaffold4748	87939	88015	77	*	Scaffold945	135786	135862	77	*
Scaffold4748	54971	55061	91	*	Scaffold945	168102	168192	91	*
Scaffold4748	79629	79678	50	*	Scaffold945	142085	142134	50	*
Scaffold4748	88154	88215	62	*	Scaffold945	135586	135647	62	*
Scaffold4748	84083	84136	54	*	Scaffold945	139794	139847	54	*
Scaffold4748	82558	82608	51	*	Scaffold945	142084	142134	51	*
Scaffold4748	54860	54920	61	*	Scaffold945	168244	168304	61	*
Scaffold4748	95505	95567	63	*	Scaffold945	128496	128558	63	*
Scaffold4748	98215	98277	63	*	Scaffold945	126204	126266	63	*
Scaffold4748	57884	57943	60	*	Scaffold945	165135	165194	60	*
Scaffold4748	63961	64032	72	*	Scaffold945	157182	157253	72	*
Scaffold4748	109332	109381	50	*	Scaffold945	114138	114187	50	*
Scaffold4748	57417	57466	50	*	Scaffold945	165623	165672	50	*
Scaffold4748	44567	44626	60	*	Scaffold945	176827	176886	60	*
Scaffold4748	62423	62492	70	*	Scaffold945	159483	159552	70	*
Scaffold4748	55165	55220	56	*	Scaffold945	167945	168000	56	*
Scaffold4748	105359	105418	60	*	Scaffold945	118511	118570	60	*
Scaffold4748	85514	85588	75	*	Scaffold945	138406	138480	75	*
Scaffold4748	50646	50709	64	*	Scaffold945	172330	172393	64	*
Scaffold4748	97640	97702	63	*	Scaffold945	126204	126266	63	*
Scaffold4748	56709	56763	55	*	Scaffold945	166342	166396	55	*
Scaffold4748	30183	30255	73	*	Scaffold945	187027	187099	73	*
Scaffold4748	49205	49270	66	*	Scaffold945	173105	173170	66	*
Scaffold4748	95700	95772	73	*	Scaffold945	128291	128363	73	*
Scaffold4748	88040	88115	76	*	Scaffold945	135686	135761	76	*
Scaffold4748	50239	50302	64	*	Scaffold945	172330	172393	64	*
Scaffold4748	61941	62006	66	*	Scaffold945	159978	160043	66	*
Scaffold4756	37882	37933	52	*	Scaffold139	363743	363794	52	*
Scaffold4756	19836	19898	63	*	Scaffold1548	71121	71183	63	*
Scaffold4757	8573	8624	52	*	Scaffold167	368403	368454	52	*
Scaffold4772	10900	10970	71	*	Scaffold224	356341	356411	71	*
Scaffold4772	69244	69294	51	*	Scaffold875	149271	149321	51	*
Scaffold4772	57726	57779	54	*	Scaffold875	139208	139261	54	*
Scaffold4772	39682	39732	51	*	Scaffold875	131329	131379	51	*
Scaffold4772	68707	68780	74	*	Scaffold875	148591	148664	74	*
Scaffold4775	5266	5317	52	*	Scaffold501	332703	332754	52	*
Scaffold4777	53072	53138	67	*	Scaffold86	1024520	1024586	67	*
Scaffold4780	33494	33551	58	*	Scaffold1104	259753	259810	58	*
Scaffold4780	15165	15224	60	*	Scaffold1104	245339	245398	60	*
Scaffold4783	42259	42314	56	*	Scaffold788	272596	272651	56	*
Scaffold47834	42	98	57	*	Scaffold2973	88252	88308	57	*
Scaffold47834	65	120	56	*	Scaffold416	231969	232024	56	*
Scaffold47834	65	119	55	*	Scaffold5651	12041	12095	55	*
Scaffold47834	38	119	82	*	Scaffold62	545955	546036	82	*
Scaffold47887	308	387	80	*	Scaffold198	603727	603806	80	*
Scaffold479	110353	110416	64	*	Scaffold473	237415	237478	64	*
Scaffold479	136604	136661	58	*	Scaffold910	34186	34243	58	*
Scaffold479	135239	135289	51	*	Scaffold910	32821	32871	51	*
Scaffold47912	728	789	62	*	Scaffold2	1383664	1383725	62	*
Scaffold4797	38722	38800	79	*	Scaffold325	341512	341590	79	*
Scaffold4799	13740	13792	53	*	Scaffold291	233416	233468	53	*
Scaffold48	228995	229045	51	*	Scaffold482	156882	156932	51	*
Scaffold48	161441	161492	52	*	Scaffold54	781649	781700	52	*
Scaffold48	195792	195861	70	*	Scaffold54	798507	798576	70	*
Scaffold48	186058	186111	54	*	Scaffold54	805562	805615	54	*
Scaffold48	160204	160253	50	*	Scaffold54	774804	774853	50	*
Scaffold480	55359	55418	60	*	Scaffold288	631778	631837	60	*
Scaffold480	19330	19404	75	*	Scaffold94	339256	339330	75	*
Scaffold480	79011	79096	86	*	Scaffold94	384019	384104	86	*
Scaffold48033	1909	1968	60	*	Scaffold27542	129	188	60	*
Scaffold4804	38365	38451	87	*	Scaffold661	78202	78288	87	*
Scaffold48043	1	63	63	*	Scaffold749	140862	140924	63	*
Scaffold4809	38623	38674	52	*	Scaffold1664	540	591	52	*
Scaffold4809	38624	38674	51	*	Scaffold92	145813	145863	51	*
Scaffold481	15920	16071	152	*	Scaffold113	356481	356632	152	*
Scaffold481	15866	15930	65	*	Scaffold14635	226	290	65	*
Scaffold481	23036	23086	51	*	Scaffold18	332107	332157	51	*
Scaffold481	15932	15986	55	*	Scaffold190	454039	454093	55	*
Scaffold481	15923	15997	75	*	Scaffold3132	138724	138798	75	*
Scaffold481	15945	16011	67	*	Scaffold60	537175	537241	67	*
Scaffold481	15949	15998	50	*	Scaffold894	125937	125986	50	*
Scaffold481	16043	16098	56	*	Scaffold894	126036	126091	56	*
Scaffold4812	8552	8629	78	*	Scaffold1379	240658	240735	78	*
Scaffold4812	66956	67011	56	*	Scaffold246	323467	323522	56	*
Scaffold4813	46380	46438	59	*	Scaffold90	519404	519462	59	*
Scaffold4813	49222	49291	70	*	Scaffold90	522768	522837	70	*
Scaffold4813	49026	49078	53	*	Scaffold90	522574	522626	53	*
Scaffold4813	14128	14184	57	*	Scaffold90	488540	488596	57	*
Scaffold4817	108680	108741	62	*	Scaffold1078	109293	109354	62	*
Scaffold4817	108664	108721	58	*	Scaffold1108	70958	71015	58	*
Scaffold4817	117302	117366	65	*	Scaffold1375	147058	147122	65	*
Scaffold4817	34715	34801	87	*	Scaffold198	603738	603824	87	*
Scaffold4817	115830	115880	51	*	Scaffold2118	34042	34092	51	*
Scaffold4817	115819	115873	55	*	Scaffold508	113547	113601	55	*
Scaffold4817	119261	119311	51	*	Scaffold564	309997	310047	51	*
Scaffold4817	117133	117192	60	*	Scaffold564	309997	310056	60	*
Scaffold4817	116391	116453	63	*	Scaffold644	322598	322660	63	*
Scaffold4819	4735	4786	52	*	Scaffold119	148583	148634	52	*
Scaffold4819	4725	4827	103	*	Scaffold198	603722	603824	103	*
Scaffold4819	4639	4705	67	*	Scaffold198	603636	603702	67	*
Scaffold4819	4729	4800	72	*	Scaffold458	368014	368085	72	*
Scaffold4830	47799	47852	54	*	Scaffold682	310255	310308	54	*
Scaffold4831	38613	38663	51	*	Scaffold1534	100816	100866	51	*
Scaffold48347	703	769	67	*	Scaffold1170	255197	255263	67	*
Scaffold4842	44330	44424	95	*	Scaffold240	220029	220123	95	*
Scaffold4842	48218	48268	51	*	Scaffold651	374974	375024	51	*
Scaffold4846	17727	17784	58	*	Scaffold15833	80	137	58	*
Scaffold4846	17727	17784	58	*	Scaffold462	433507	433564	58	*
Scaffold4847	10363	10446	84	*	Scaffold212	564757	564840	84	*
Scaffold4847	53164	53246	83	*	Scaffold212	528037	528119	83	*
Scaffold4847	38103	38177	75	*	Scaffold212	541919	541993	75	*
Scaffold4850	36925	36982	58	*	Scaffold286	15685	15742	58	*
Scaffold4860	3192	3258	67	*	Scaffold1244	29595	29661	67	*
Scaffold4860	4973	5043	71	*	Scaffold1302	132593	132663	71	*
Scaffold4860	3226	3290	65	*	Scaffold1302	131751	131815	65	*
Scaffold4860	4868	4923	56	*	Scaffold1302	132487	132542	56	*
Scaffold4860	3192	3261	70	*	Scaffold1763	123752	123821	70	*
Scaffold4860	3263	3355	93	*	Scaffold1763	123823	123915	93	*
Scaffold4860	4259	4313	55	*	Scaffold19221	747	801	55	*
Scaffold4860	3188	3241	54	*	Scaffold217	667633	667686	54	*
Scaffold4860	1839	1891	53	*	Scaffold22	714653	714705	53	*
Scaffold4860	4808	4861	54	*	Scaffold224	287122	287175	54	*
Scaffold4860	4964	5026	63	*	Scaffold224	286949	287011	63	*
Scaffold4860	4892	4945	54	*	Scaffold224	287030	287083	54	*
Scaffold4860	4551	4623	73	*	Scaffold2280	3493	3565	73	*
Scaffold4860	1786	1836	51	*	Scaffold2280	2598	2648	51	*
Scaffold4860	4301	4357	57	*	Scaffold2280	3238	3294	57	*
Scaffold4860	4282	4352	71	*	Scaffold2288	36312	36382	71	*
Scaffold4860	4985	5047	63	*	Scaffold2456	20274	20336	63	*
Scaffold4860	4833	4890	58	*	Scaffold2526	84302	84359	58	*
Scaffold4860	4527	4581	55	*	Scaffold2526	83993	84047	55	*
Scaffold4860	4898	4947	50	*	Scaffold2526	84367	84416	50	*
Scaffold4860	1725	1783	59	*	Scaffold288	503381	503439	59	*
Scaffold4860	1671	1723	53	*	Scaffold288	503327	503379	53	*
Scaffold4860	4982	5060	79	*	Scaffold298	127334	127412	79	*
Scaffold4860	4299	4351	53	*	Scaffold298	127063	127115	53	*
Scaffold4860	1803	1855	53	*	Scaffold3059	17782	17834	53	*
Scaffold4860	1681	1730	50	*	Scaffold3283	442	491	50	*
Scaffold4860	4826	4884	59	*	Scaffold3288	18225	18283	59	*
Scaffold4860	4833	4891	59	*	Scaffold360	526474	526532	59	*
Scaffold4860	4526	4585	60	*	Scaffold360	526161	526220	60	*
Scaffold4860	1913	1970	58	*	Scaffold364	297604	297661	58	*
Scaffold4860	4965	5023	59	*	Scaffold429	538215	538273	59	*
Scaffold4860	1792	1849	58	*	Scaffold481	546164	546221	58	*
Scaffold4860	3186	3242	57	*	Scaffold481	545906	545962	57	*
Scaffold4860	1658	1707	50	*	Scaffold5191	7848	7897	50	*
Scaffold4860	5012	5070	59	*	Scaffold577	385124	385182	59	*
Scaffold4860	5000	5052	53	*	Scaffold636	558180	558232	53	*
Scaffold4860	4792	4900	109	*	Scaffold636	557907	558015	109	*
Scaffold4860	5084	5134	51	*	Scaffold651	405626	405676	51	*
Scaffold4860	5096	5150	55	*	Scaffold69	885143	885197	55	*
Scaffold4860	4792	4918	127	*	Scaffold73	10874	11000	127	*
Scaffold4860	5075	5145	71	*	Scaffold73	10646	10716	71	*
Scaffold4860	1629	1687	59	*	Scaffold881	344508	344566	59	*
Scaffold4860	1906	1956	51	*	Scaffold881	344242	344292	51	*
Scaffold48603	166	324	159	*	Scaffold2782	32969	33127	159	*
Scaffold4865	13183	13291	109	*	Scaffold1642	204328	204436	109	*
Scaffold4865	28219	28299	81	*	Scaffold1642	192117	192197	81	*
Scaffold4865	23378	23429	52	*	Scaffold1642	195431	195482	52	*
Scaffold4865	17422	17483	62	*	Scaffold1642	200633	200694	62	*
Scaffold4865	10522	10571	50	*	Scaffold1642	206525	206574	50	*
Scaffold4868	451	510	60	*	Scaffold1135	199378	199437	60	*
Scaffold4868	445	518	74	*	Scaffold23	575934	576007	74	*
Scaffold4868	375	430	56	*	Scaffold258	467063	467118	56	*
Scaffold4868	378	437	60	*	Scaffold3701	23415	23474	60	*
Scaffold4868	385	434	50	*	Scaffold4523	6693	6742	50	*
Scaffold4868	449	505	57	*	Scaffold688	108201	108257	57	*
Scaffold4868	447	497	51	*	Scaffold78	674253	674303	51	*
Scaffold4868	376	434	59	*	Scaffold93	190709	190767	59	*
Scaffold4871	98343	98419	77	*	Scaffold219	122302	122378	77	*
Scaffold4871	46040	46110	71	*	Scaffold219	164145	164215	71	*
Scaffold4871	36463	36526	64	*	Scaffold219	170566	170629	64	*
Scaffold4871	89164	89249	86	*	Scaffold219	127886	127971	86	*
Scaffold4874	719	770	52	*	Scaffold248	201166	201217	52	*
Scaffold4876	20291	20361	71	*	Scaffold100	4048	4118	71	*
Scaffold4876	25	87	63	*	Scaffold20	1404062	1404124	63	*
Scaffold4881	47117	47207	91	*	Scaffold1527	43394	43484	91	*
Scaffold4881	74451	74506	56	*	Scaffold409	271254	271309	56	*
Scaffold4881	71143	71207	65	*	Scaffold409	275214	275278	65	*
Scaffold4881	56347	56420	74	*	Scaffold409	290762	290835	74	*
Scaffold4881	31481	31551	71	*	Scaffold409	315019	315089	71	*
Scaffold4881	27648	27715	68	*	Scaffold409	318754	318821	68	*
Scaffold4881	56257	56309	53	*	Scaffold409	290873	290925	53	*
Scaffold4885	13455	13509	55	*	Scaffold1150	336295	336349	55	*
Scaffold48860	299	348	50	*	Scaffold1483	58897	58946	50	*
Scaffold4896	119788	119841	54	*	Scaffold1763	124388	124441	54	*
Scaffold4898	20543	20594	52	*	Scaffold1081	150386	150437	52	*
Scaffold4898	20051	20102	52	*	Scaffold1495	108154	108205	52	*
Scaffold4898	20624	20682	59	*	Scaffold18	333022	333080	59	*
Scaffold4898	7933	7982	50	*	Scaffold2220	48472	48521	50	*
Scaffold4898	19816	19867	52	*	Scaffold340	44721	44772	52	*
Scaffold4898	19894	19943	50	*	Scaffold340	44799	44848	50	*
Scaffold4898	7925	7977	53	*	Scaffold557	254305	254357	53	*
Scaffold4898	20543	20596	54	*	Scaffold61	132020	132073	54	*
Scaffold49	32992	33062	71	*	Scaffold1763	123837	123907	71	*
Scaffold49	148164	148217	54	*	Scaffold468	839788	839841	54	*
Scaffold49	137759	137813	55	*	Scaffold468	829940	829994	55	*
Scaffold49	151568	151630	63	*	Scaffold468	842179	842241	63	*
Scaffold4906	47572	47647	76	*	Scaffold1912	6626	6701	76	*
Scaffold4906	12133	12245	113	*	Scaffold311	133733	133845	113	*
Scaffold4906	12148	12206	59	*	Scaffold69	540364	540422	59	*
Scaffold4906	12208	12264	57	*	Scaffold69	540424	540480	57	*
Scaffold4909	44059	44119	61	*	Scaffold11504	269	329	61	*
Scaffold491	2711	2762	52	*	Scaffold558	394151	394202	52	*
Scaffold4910	70024	70083	60	*	Scaffold1668	96361	96420	60	*
Scaffold4910	14135	14208	74	*	Scaffold199	272397	272470	74	*
Scaffold4910	14068	14133	66	*	Scaffold199	272472	272537	66	*
Scaffold4910	28566	28626	61	*	Scaffold6051	997	1057	61	*
Scaffold4910	28566	28626	61	*	Scaffold6051	621	681	61	*
Scaffold49101	117	166	50	*	Scaffold1125	135734	135783	50	*
Scaffold49101	2	54	53	*	Scaffold1125	135848	135900	53	*
Scaffold4911	37341	37397	57	*	Scaffold1217	143242	143298	57	*
Scaffold4911	37256	37334	79	*	Scaffold1217	143145	143223	79	*
Scaffold4911	37256	37334	79	*	Scaffold2014	117017	117095	79	*
Scaffold4911	37343	37397	55	*	Scaffold2014	116942	116996	55	*
Scaffold4911	36993	37086	94	*	Scaffold2754	36901	36994	94	*
Scaffold4911	37823	37899	77	*	Scaffold2754	37690	37766	77	*
Scaffold4911	37341	37397	57	*	Scaffold2754	37264	37320	57	*
Scaffold4911	37183	37237	55	*	Scaffold2754	37088	37142	55	*
Scaffold4911	36699	36768	70	*	Scaffold2754	36618	36687	70	*
Scaffold4912	28229	28315	87	*	Scaffold2077	160178	160264	87	*
Scaffold4915	82	142	61	*	Scaffold79	375260	375320	61	*
Scaffold4919	45740	45789	50	*	Scaffold959	101262	101311	50	*
Scaffold4920	60791	60845	55	*	Scaffold113	603527	603581	55	*
Scaffold4920	26497	26567	71	*	Scaffold113	645739	645809	71	*
Scaffold4920	47823	47891	69	*	Scaffold113	615703	615771	69	*
Scaffold4920	68957	69015	59	*	Scaffold1354	66505	66563	59	*
Scaffold4920	69780	69831	52	*	Scaffold1354	65689	65740	52	*
Scaffold4920	51572	51623	52	*	Scaffold68	916135	916186	52	*
Scaffold4920	57056	57107	52	*	Scaffold8676	151	202	52	*
Scaffold4921	18635	18711	77	*	Scaffold30	209666	209742	77	*
Scaffold493	14020	14077	58	*	Scaffold18	332717	332774	58	*
Scaffold493	62298	62349	52	*	Scaffold741	103339	103390	52	*
Scaffold4931	42860	42916	57	*	Scaffold2771	8947	9003	57	*
Scaffold4932	35480	35564	85	*	Scaffold202	820788	820872	85	*
Scaffold4934	17586	17640	55	*	Scaffold45	791919	791973	55	*
Scaffold4935	30844	30912	69	*	Scaffold5	2251966	2252034	69	*
Scaffold4935	32752	32801	50	*	Scaffold5	2254623	2254672	50	*
Scaffold4935	49971	50051	81	*	Scaffold5	2266417	2266497	81	*
Scaffold4935	72558	72627	70	*	Scaffold5	2286690	2286759	70	*
Scaffold4935	30844	30912	69	*	Scaffold5	2249533	2249601	69	*
Scaffold4937	39327	39381	55	*	Scaffold37	1036720	1036774	55	*
Scaffold4938	64807	64863	57	*	Scaffold66	952952	953008	57	*
Scaffold4938	64807	64863	57	*	Scaffold66	959578	959634	57	*
Scaffold4938	58626	58678	53	*	Scaffold66	967373	967425	53	*
Scaffold4938	51182	51240	59	*	Scaffold66	972375	972433	59	*
Scaffold4938	58990	59046	57	*	Scaffold66	966997	967053	57	*
Scaffold494	19122	19171	50	*	Scaffold377	299131	299180	50	*
Scaffold4940	26977	27045	69	*	Scaffold342	382679	382747	69	*
Scaffold4940	26977	27043	67	*	Scaffold342	382376	382442	67	*
Scaffold4945	53060	53149	90	*	Scaffold749	140828	140917	90	*
Scaffold4949	61235	61293	59	*	Scaffold1072	157015	157073	59	*
Scaffold4949	61172	61356	185	*	Scaffold558	394126	394310	185	*
Scaffold4949	61258	61316	59	*	Scaffold571	240277	240335	59	*
Scaffold495	59520	59628	109	*	Scaffold240	220037	220145	109	*
Scaffold4951	14184	14237	54	*	Scaffold1041	78078	78131	54	*
Scaffold4951	14184	14240	57	*	Scaffold1041	84560	84616	57	*
Scaffold4951	14185	14241	57	*	Scaffold114	839731	839787	57	*
Scaffold4951	14189	14241	53	*	Scaffold143	861471	861523	53	*
Scaffold4951	14178	14232	55	*	Scaffold189	622403	622457	55	*
Scaffold4951	14180	14242	63	*	Scaffold26	477660	477722	63	*
Scaffold4951	14191	14242	52	*	Scaffold2662	18638	18689	52	*
Scaffold49532	39	97	59	*	Scaffold1527	43465	43523	59	*
Scaffold4956	19675	19740	66	*	Scaffold489	197596	197661	66	*
Scaffold4956	18280	18329	50	*	Scaffold489	199833	199882	50	*
Scaffold4963	676	745	70	*	Scaffold113	356533	356602	70	*
Scaffold4965	16881	16935	55	*	Scaffold464	132673	132727	55	*
Scaffold4967	56810	56861	52	*	Scaffold24	901363	901414	52	*
Scaffold4967	56810	56880	71	*	Scaffold24	902130	902200	71	*
Scaffold4967	56810	56861	52	*	Scaffold667	406	457	52	*
Scaffold497	60440	60489	50	*	Scaffold1165	125234	125283	50	*
Scaffold497	31447	31507	61	*	Scaffold254	498625	498685	61	*
Scaffold497	21988	22053	66	*	Scaffold254	500431	500496	66	*
Scaffold497	31509	31582	74	*	Scaffold254	498550	498623	74	*
Scaffold497	60431	60482	52	*	Scaffold544	69161	69212	52	*
Scaffold4970	1208	1266	59	*	Scaffold1108	71132	71190	59	*
Scaffold4970	20158	20227	70	*	Scaffold1527	43431	43500	70	*
Scaffold4972	23831	23903	73	*	Scaffold61	231112	231184	73	*
Scaffold4973	2581	2636	56	*	Scaffold664	1062	1117	56	*
Scaffold4978	66348	66408	61	*	Scaffold411	437012	437072	61	*
Scaffold4978	65787	65856	70	*	Scaffold411	436448	436517	70	*
Scaffold4978	95476	95526	51	*	Scaffold411	464253	464303	51	*
Scaffold4979	20509	20566	58	*	Scaffold13158	1963	2020	58	*
Scaffold4979	20499	20566	68	*	Scaffold1933	89817	89884	68	*
Scaffold4979	20509	20566	58	*	Scaffold23572	731	788	58	*
Scaffold4979	10117	10179	63	*	Scaffold3328	1165	1227	63	*
Scaffold4979	21041	21093	53	*	Scaffold6998	10737	10789	53	*
Scaffold4979	20515	20605	91	*	Scaffold776	329899	329989	91	*
Scaffold4979	20500	20590	91	*	Scaffold869	120309	120399	91	*
Scaffold4985	29598	29651	54	*	Scaffold537	190728	190781	54	*
Scaffold4985	29592	29655	64	*	Scaffold718	240363	240426	64	*
Scaffold4986	21326	21375	50	*	Scaffold1495	108156	108205	50	*
Scaffold4992	42000	42052	53	*	Scaffold911	347409	347461	53	*
Scaffold4996	63234	63371	138	*	Scaffold355	255513	255650	138	*
Scaffold4996	73490	73561	72	*	Scaffold355	247334	247405	72	*
Scaffold4996	39042	39137	96	*	Scaffold355	279917	280012	96	*
Scaffold4996	32354	32478	125	*	Scaffold355	286151	286275	125	*
Scaffold4996	47051	47138	88	*	Scaffold355	271586	271673	88	*
Scaffold4996	6913	6983	71	*	Scaffold355	305814	305884	71	*
Scaffold4996	4987	5036	50	*	Scaffold355	309053	309102	50	*
Scaffold4996	11377	11426	50	*	Scaffold355	303229	303278	50	*
Scaffold4996	33813	33872	60	*	Scaffold355	285037	285096	60	*
Scaffold4996	23340	23401	62	*	Scaffold355	294235	294296	62	*
Scaffold4996	73400	73467	68	*	Scaffold355	247428	247495	68	*
Scaffold4996	101204	101310	107	*	Scaffold688	11392	11498	107	*
Scaffold4997	5273	5326	54	*	Scaffold539	395579	395632	54	*
Scaffold4998	111929	111985	57	*	Scaffold1589	5235	5291	57	*
Scaffold4998	8453	8514	62	*	Scaffold388	27777	27838	62	*
Scaffold4998	60841	60893	53	*	Scaffold467	84597	84649	53	*
Scaffold4998	112558	112623	66	*	Scaffold5528	1397	1462	66	*
Scaffold4999	49445	49505	61	*	Scaffold1159	140420	140480	61	*
Scaffold4999	49462	49511	50	*	Scaffold282	347262	347311	50	*
Scaffold4999	49449	49506	58	*	Scaffold767	141666	141723	58	*
Scaffold4999	49447	49500	54	*	Scaffold861	42552	42605	54	*
Scaffold50	241217	241268	52	*	Scaffold1063	512206	512257	52	*
Scaffold50	265190	265240	51	*	Scaffold1063	490903	490953	51	*
Scaffold50	247746	247801	56	*	Scaffold1063	504864	504919	56	*
Scaffold50	240705	240763	59	*	Scaffold1063	512654	512712	59	*
Scaffold50	94070	94168	99	*	Scaffold234	1146263	1146361	99	*
Scaffold50	96319	96369	51	*	Scaffold234	1148177	1148227	51	*
Scaffold50	241217	241268	52	*	Scaffold3869	71607	71658	52	*
Scaffold50	240705	240763	59	*	Scaffold3869	71152	71210	59	*
Scaffold50	244266	244324	59	*	Scaffold3869	75772	75830	59	*
Scaffold500	68565	68622	58	*	Scaffold26703	472	529	58	*
Scaffold500	219862	219913	52	*	Scaffold6581	1975	2026	52	*
Scaffold5001	52783	52833	51	*	Scaffold1219	145146	145196	51	*
Scaffold5002	5092	5143	52	*	Scaffold824	234126	234177	52	*
Scaffold5002	24987	25059	73	*	Scaffold824	215904	215976	73	*
Scaffold5003	14275	14327	53	*	Scaffold1206	93735	93787	53	*
Scaffold5006	51564	51621	58	*	Scaffold164	730257	730314	58	*
Scaffold5008	79148	79203	56	*	Scaffold631	462144	462199	56	*
Scaffold501	24924	24974	51	*	Scaffold33	352713	352763	51	*
Scaffold5010	53531	53584	54	*	Scaffold18139	80	133	54	*
Scaffold5010	53526	53584	59	*	Scaffold294	560282	560340	59	*
Scaffold5011	12047	12099	53	*	Scaffold5224	6756	6808	53	*
Scaffold5015	9889	9947	59	*	Scaffold11504	271	329	59	*
Scaffold5015	9770	9834	65	*	Scaffold194	856367	856431	65	*
Scaffold5015	72340	72397	58	*	Scaffold473	660739	660796	58	*
Scaffold502	89230	89279	50	*	Scaffold408	42208	42257	50	*
Scaffold50201	9	67	59	*	Scaffold31318	2562	2620	59	*
Scaffold5023	15812	15878	67	*	Scaffold18	331967	332033	67	*
Scaffold5024	20852	20913	62	*	Scaffold618	194647	194708	62	*
Scaffold5025	1246	1304	59	*	Scaffold2	1554732	1554790	59	*
Scaffold503	15000	15059	60	*	Scaffold207	576754	576813	60	*
Scaffold503	16610	16674	65	*	Scaffold207	576688	576752	65	*
Scaffold503	16549	16608	60	*	Scaffold207	576754	576813	60	*
Scaffold50325	190	259	70	*	Scaffold3316	11035	11104	70	*
Scaffold50333	196	255	60	*	Scaffold320	89972	90031	60	*
Scaffold5038	44290	44344	55	*	Scaffold5191	8456	8510	55	*
Scaffold5038	44394	44448	55	*	Scaffold5191	8560	8614	55	*
Scaffold5039	17980	18029	50	*	Scaffold566	5612	5661	50	*
Scaffold5044	17998	18048	51	*	Scaffold3180	12871	12921	51	*
Scaffold50451	38	88	51	*	Scaffold27251	830	880	51	*
Scaffold5047	10335	10397	63	*	Scaffold135	728907	728969	63	*
Scaffold5047	10324	10386	63	*	Scaffold1527	43502	43564	63	*
Scaffold5047	10260	10322	63	*	Scaffold1527	43438	43500	63	*
Scaffold5047	17706	17756	51	*	Scaffold527	361135	361185	51	*
Scaffold5051	27798	27856	59	*	Scaffold3092	25999	26057	59	*
Scaffold5051	27808	27857	50	*	Scaffold380	431909	431958	50	*
Scaffold5055	38148	38197	50	*	Scaffold824	156966	157015	50	*
Scaffold5055	102266	102324	59	*	Scaffold824	113317	113375	59	*
Scaffold5055	71995	72045	51	*	Scaffold824	126231	126281	51	*
Scaffold5056	15293	15383	91	*	Scaffold1763	123823	123913	91	*
Scaffold5056	14505	14562	58	*	Scaffold717	93706	93763	58	*
Scaffold506	163266	163317	52	*	Scaffold386	94585	94636	52	*
Scaffold506	159997	160063	67	*	Scaffold386	91176	91242	67	*
Scaffold506	188742	188809	68	*	Scaffold386	659029	659096	68	*
Scaffold506	160560	160610	51	*	Scaffold386	91767	91817	51	*
Scaffold506	188545	188595	51	*	Scaffold386	659245	659295	51	*
Scaffold506	167127	167195	69	*	Scaffold386	97859	97927	69	*
Scaffold506	165010	165110	101	*	Scaffold386	95499	95599	101	*
Scaffold506	166915	166967	53	*	Scaffold386	97651	97703	53	*
Scaffold506	177683	177742	60	*	Scaffold386	669057	669116	60	*
Scaffold506	168658	168745	88	*	Scaffold386	99367	99454	88	*
Scaffold506	174584	174633	50	*	Scaffold386	671726	671775	50	*
Scaffold506	164911	164960	50	*	Scaffold386	95400	95449	50	*
Scaffold506	182746	182806	61	*	Scaffold386	664408	664468	61	*
Scaffold506	166776	166899	124	*	Scaffold386	97512	97635	124	*
Scaffold506	83083	83158	76	*	Scaffold802	86037	86112	76	*
Scaffold5063	81357	81418	62	*	Scaffold18767	5360	5421	62	*
Scaffold5063	81421	81485	65	*	Scaffold18767	5424	5488	65	*
Scaffold5063	102589	102639	51	*	Scaffold21	1058928	1058978	51	*
Scaffold5063	104383	104435	53	*	Scaffold21	1060379	1060431	53	*
Scaffold5063	81435	81485	51	*	Scaffold21	1041838	1041888	51	*
Scaffold5063	14390	14450	61	*	Scaffold3316	10945	11005	61	*
Scaffold5063	15907	15961	55	*	Scaffold3316	11056	11110	55	*
Scaffold5063	3366	3422	57	*	Scaffold704	195515	195571	57	*
Scaffold5064	46424	46494	71	*	Scaffold4	1672262	1672332	71	*
Scaffold5066	50346	50416	71	*	Scaffold1763	123843	123913	71	*
Scaffold50660	63	136	74	*	Scaffold571	255213	255286	74	*
Scaffold5067	87189	87249	61	*	Scaffold113	356590	356650	61	*
Scaffold5067	16749	16798	50	*	Scaffold1445	74063	74112	50	*
Scaffold5067	86278	86331	54	*	Scaffold62	1071795	1071848	54	*
Scaffold5068	35203	35253	51	*	Scaffold2782	28997	29047	51	*
Scaffold5072	59416	59466	51	*	Scaffold2473	18147	18197	51	*
Scaffold5075	16614	16663	50	*	Scaffold1597	131483	131532	50	*
Scaffold5077	28923	29004	82	*	Scaffold3132	20534	20615	82	*
Scaffold5089	77418	77467	50	*	Scaffold24911	278	327	50	*
Scaffold5089	77378	77448	71	*	Scaffold5191	8440	8510	71	*
Scaffold5093	21809	21863	55	*	Scaffold1340	251552	251606	55	*
Scaffold5095	42256	42310	55	*	Scaffold1831	161	215	55	*
Scaffold5095	56095	56186	92	*	Scaffold328	273994	274085	92	*
Scaffold5095	42256	42310	55	*	Scaffold366	278453	278507	55	*
Scaffold5095	56095	56166	72	*	Scaffold439	99554	99625	72	*
Scaffold5095	42256	42310	55	*	Scaffold89	856857	856911	55	*
Scaffold5095	42241	42310	70	*	Scaffold89	858420	858489	70	*
Scaffold5104	36526	36608	83	*	Scaffold177	381040	381122	83	*
Scaffold5104	26612	26661	50	*	Scaffold2273	135328	135377	50	*
Scaffold5105	32264	32318	55	*	Scaffold19151	48	102	55	*
Scaffold511	114168	114221	54	*	Scaffold1912	22241	22294	54	*
Scaffold511	73410	73479	70	*	Scaffold23	809834	809903	70	*
Scaffold511	73539	73590	52	*	Scaffold23	809724	809775	52	*
Scaffold5111	36925	36997	73	*	Scaffold4901	3933	4005	73	*
Scaffold512	55796	55863	68	*	Scaffold266	760555	760622	68	*
Scaffold512	75268	75342	75	*	Scaffold266	754585	754659	75	*
Scaffold51210	98	159	62	*	Scaffold661	77923	77984	62	*
Scaffold51236	26	80	55	*	Scaffold2280	3854	3908	55	*
Scaffold51237	343	400	58	*	Scaffold186	295790	295847	58	*
Scaffold51261	13	71	59	*	Scaffold672	114546	114604	59	*
Scaffold5128	27447	27499	53	*	Scaffold1232	25785	25837	53	*
Scaffold5128	27044	27095	52	*	Scaffold1232	25374	25425	52	*
Scaffold5132	97521	97609	89	*	Scaffold106	742312	742400	89	*
Scaffold514	16748	16801	54	*	Scaffold3180	12608	12661	54	*
Scaffold514	41902	41979	78	*	Scaffold89	148524	148601	78	*
Scaffold514	30713	30765	53	*	Scaffold89	158682	158734	53	*
Scaffold514	109043	109155	113	*	Scaffold89	93884	93996	113	*
Scaffold5140	49845	49899	55	*	Scaffold624	92588	92642	55	*
Scaffold5144	71104	71158	55	*	Scaffold1823	3179	3233	55	*
Scaffold51443	37	88	52	*	Scaffold179	558653	558704	52	*
Scaffold5147	39820	39870	51	*	Scaffold122	1172520	1172570	51	*
Scaffold5147	53194	53250	57	*	Scaffold122	1186610	1186666	57	*
Scaffold5147	27617	27674	58	*	Scaffold122	1164951	1165008	58	*
Scaffold5147	54064	54113	50	*	Scaffold122	1187412	1187461	50	*
Scaffold5147	39872	39954	83	*	Scaffold122	1172571	1172653	83	*
Scaffold5147	28258	28307	50	*	Scaffold122	1165612	1165661	50	*
Scaffold5147	26269	26332	64	*	Scaffold122	1163561	1163624	64	*
Scaffold5147	53290	53344	55	*	Scaffold122	1186707	1186761	55	*
Scaffold5147	81442	81514	73	*	Scaffold749	140837	140909	73	*
Scaffold515	136431	136512	82	*	Scaffold228	504786	504867	82	*
Scaffold515	136431	136512	82	*	Scaffold4006	20508	20589	82	*
Scaffold5152	5137	5193	57	*	Scaffold945	328723	328779	57	*
Scaffold5154	46273	46351	79	*	Scaffold113	356437	356515	79	*
Scaffold5156	17350	17406	57	*	Scaffold164	735800	735856	57	*
Scaffold5156	6081	6142	62	*	Scaffold177	920652	920713	62	*
Scaffold5168	25113	25168	56	*	Scaffold79	375669	375724	56	*
Scaffold5168	25062	25111	50	*	Scaffold79	375726	375775	50	*
Scaffold5168	25644	25702	59	*	Scaffold79	375062	375120	59	*
Scaffold517	120767	120824	58	*	Scaffold114	39606	39663	58	*
Scaffold517	26040	26089	50	*	Scaffold1358	291554	291603	50	*
Scaffold517	114183	114253	71	*	Scaffold1358	224301	224371	71	*
Scaffold517	77061	77122	62	*	Scaffold1358	255227	255288	62	*
Scaffold517	18156	18210	55	*	Scaffold1358	297330	297384	55	*
Scaffold517	18909	18969	61	*	Scaffold1358	296628	296688	61	*
Scaffold517	49426	49475	50	*	Scaffold1358	274206	274255	50	*
Scaffold517	112736	112813	78	*	Scaffold1358	225797	225874	78	*
Scaffold517	18850	18906	57	*	Scaffold1358	296691	296747	57	*
Scaffold517	102904	102957	54	*	Scaffold1358	232974	233027	54	*
Scaffold517	114119	114170	52	*	Scaffold1358	224385	224436	52	*
Scaffold5170	61568	61642	75	*	Scaffold5191	8436	8510	75	*
Scaffold5173	30135	30198	64	*	Scaffold658	494297	494360	64	*
Scaffold5173	15708	15763	56	*	Scaffold658	503600	503655	56	*
Scaffold5173	10433	10498	66	*	Scaffold658	508234	508299	66	*
Scaffold5173	10218	10279	62	*	Scaffold658	508454	508515	62	*
Scaffold5173	10593	10654	62	*	Scaffold658	508454	508515	62	*
Scaffold5173	30260	30333	74	*	Scaffold658	494162	494235	74	*
Scaffold5173	29986	30075	90	*	Scaffold658	494419	494508	90	*
Scaffold5173	10810	10875	66	*	Scaffold658	508234	508299	66	*
Scaffold5173	28831	28886	56	*	Scaffold658	495979	496034	56	*
Scaffold5176	29525	29595	71	*	Scaffold214	194307	194377	71	*
Scaffold5176	29622	29709	88	*	Scaffold3316	11042	11129	88	*
Scaffold5176	29524	29584	61	*	Scaffold3316	10945	11005	61	*
Scaffold5176	29529	29578	50	*	Scaffold529	368670	368719	50	*
Scaffold51776	50	111	62	*	Scaffold135	725245	725306	62	*
Scaffold5179	11016	11111	96	*	Scaffold29	762929	763024	96	*
Scaffold5180	20708	20834	127	*	Scaffold1896	414986	415112	127	*
Scaffold5181	13142	13195	54	*	Scaffold186	295482	295535	54	*
Scaffold5182	10531	10596	66	*	Scaffold1108	70996	71061	66	*
Scaffold5182	10601	10652	52	*	Scaffold1108	71066	71117	52	*
Scaffold5183	45333	45382	50	*	Scaffold384	306442	306491	50	*
Scaffold5189	18534	18603	70	*	Scaffold1668	96348	96417	70	*
Scaffold5189	18530	18586	57	*	Scaffold247	212882	212938	57	*
Scaffold5191	17777	17829	53	*	Scaffold946	283271	283323	53	*
Scaffold5191	25772	25837	66	*	Scaffold946	286418	286483	66	*
Scaffold5191	17854	17912	59	*	Scaffold946	283348	283406	59	*
Scaffold5193	62419	62475	57	*	Scaffold1496	210541	210597	57	*
Scaffold5193	64266	64324	59	*	Scaffold1496	212556	212614	59	*
Scaffold5193	70417	70490	74	*	Scaffold1496	216448	216521	74	*
Scaffold5193	74055	74124	70	*	Scaffold1496	220271	220340	70	*
Scaffold5193	64192	64247	56	*	Scaffold1496	212482	212537	56	*
Scaffold5193	94427	94492	66	*	Scaffold1496	233675	233740	66	*
Scaffold5193	94641	94702	62	*	Scaffold1496	233884	233945	62	*
Scaffold5195	51792	51857	66	*	Scaffold114	39493	39558	66	*
Scaffold5199	8925	8975	51	*	Scaffold1996	25338	25388	51	*
Scaffold52	300	351	52	*	Scaffold411	298362	298413	52	*
Scaffold52	376	429	54	*	Scaffold411	298445	298498	54	*
Scaffold5200	87225	87302	78	*	Scaffold1109	196372	196449	78	*
Scaffold5200	76404	76470	67	*	Scaffold286	123758	123824	67	*
Scaffold5200	72048	72101	54	*	Scaffold286	128551	128604	54	*
Scaffold5200	21151	21206	56	*	Scaffold286	170955	171010	56	*
Scaffold5200	17956	18010	55	*	Scaffold286	173519	173573	55	*
Scaffold5200	29735	29792	58	*	Scaffold286	161708	161765	58	*
Scaffold521	49444	49494	51	*	Scaffold125	328951	329001	51	*
Scaffold521	23144	23217	74	*	Scaffold125	310208	310281	74	*
Scaffold521	25237	25310	74	*	Scaffold125	310208	310281	74	*
Scaffold521	9580	9631	52	*	Scaffold2768	2199	2250	52	*
Scaffold5210	64427	64546	120	*	Scaffold2280	3269	3388	120	*
Scaffold5214	44328	44389	62	*	Scaffold2090	112709	112770	62	*
Scaffold5214	44328	44389	62	*	Scaffold2678	61170	61231	62	*
Scaffold5218	19059	19125	67	*	Scaffold142	236910	236976	67	*
Scaffold5219	47068	47119	52	*	Scaffold18	332224	332275	52	*
Scaffold52196	145	224	80	*	Scaffold296	625524	625603	80	*
Scaffold5223	26827	26890	64	*	Scaffold2123	45529	45592	64	*
Scaffold5225	28520	28579	60	*	Scaffold114	552989	553048	60	*
Scaffold5225	28521	28598	78	*	Scaffold1168	150540	150617	78	*
Scaffold5225	28603	28665	63	*	Scaffold1168	150477	150539	63	*
Scaffold5225	28521	28589	69	*	Scaffold1976	67751	67819	69	*
Scaffold5225	28522	28579	58	*	Scaffold1997	40201	40258	58	*
Scaffold5225	28533	28601	69	*	Scaffold207	196161	196229	69	*
Scaffold5225	28603	28659	57	*	Scaffold217	609191	609247	57	*
Scaffold5225	28522	28594	73	*	Scaffold217	609256	609328	73	*
Scaffold5225	28529	28578	50	*	Scaffold2232	52249	52298	50	*
Scaffold5225	28545	28601	57	*	Scaffold2492	53360	53416	57	*
Scaffold5225	28603	28652	50	*	Scaffold31299	1196	1245	50	*
Scaffold5225	28521	28581	61	*	Scaffold3639	33689	33749	61	*
Scaffold5225	28603	28664	62	*	Scaffold3639	33610	33671	62	*
Scaffold5225	28602	28655	54	*	Scaffold379	320463	320516	54	*
Scaffold5225	28522	28578	57	*	Scaffold386	92491	92547	57	*
Scaffold5225	28546	28597	52	*	Scaffold4706	6765	6816	52	*
Scaffold5225	28520	28584	65	*	Scaffold561	376723	376787	65	*
Scaffold5225	11896	11945	50	*	Scaffold7	1645005	1645054	50	*
Scaffold5227	31317	31392	76	*	Scaffold164	730312	730387	76	*
Scaffold5227	31309	31369	61	*	Scaffold985	212538	212598	61	*
Scaffold5231	74386	74453	68	*	Scaffold1136	189225	189292	68	*
Scaffold5231	74386	74457	72	*	Scaffold1478	74438	74509	72	*
Scaffold5231	74392	74446	55	*	Scaffold162	303309	303363	55	*
Scaffold5231	74385	74450	66	*	Scaffold2178	53489	53554	66	*
Scaffold5231	74400	74455	56	*	Scaffold2592	36154	36209	56	*
Scaffold5231	11639	11694	56	*	Scaffold2706	58247	58302	56	*
Scaffold5231	74385	74434	50	*	Scaffold307	148192	148241	50	*
Scaffold5231	74392	74454	63	*	Scaffold308	445200	445262	63	*
Scaffold5231	11633	11694	62	*	Scaffold552	62465	62526	62	*
Scaffold5231	44600	44655	56	*	Scaffold552	88140	88195	56	*
Scaffold5231	74383	74444	62	*	Scaffold573	391587	391648	62	*
Scaffold5231	74399	74454	56	*	Scaffold661	193284	193339	56	*
Scaffold5231	74397	74454	58	*	Scaffold788	225141	225198	58	*
Scaffold524	6850	6900	51	*	Scaffold284	213892	213942	51	*
Scaffold5240	25470	25522	53	*	Scaffold77	802684	802736	53	*
Scaffold5244	51787	51852	66	*	Scaffold1527	43499	43564	66	*
Scaffold5246	95653	95702	50	*	Scaffold137	146629	146678	50	*
Scaffold5246	71875	71942	68	*	Scaffold137	164298	164365	68	*
Scaffold5246	86183	86234	52	*	Scaffold137	154049	154100	52	*
Scaffold5246	85093	85144	52	*	Scaffold137	154049	154100	52	*
Scaffold5246	81655	81706	52	*	Scaffold137	154049	154100	52	*
Scaffold5246	27895	27959	65	*	Scaffold137	190162	190226	65	*
Scaffold5252	50417	50468	52	*	Scaffold1108	70964	71015	52	*
Scaffold5252	49045	49094	50	*	Scaffold1108	71068	71117	50	*
Scaffold5255	43200	43271	72	*	Scaffold199	176898	176969	72	*
Scaffold52578	196	246	51	*	Scaffold1346	257331	257381	51	*
Scaffold5261	64733	64782	50	*	Scaffold5052	6422	6471	50	*
Scaffold5261	64733	64782	50	*	Scaffold565	373750	373799	50	*
Scaffold5269	30498	30550	53	*	Scaffold1984	79184	79236	53	*
Scaffold527	234001	234053	53	*	Scaffold1182	315399	315451	53	*
Scaffold527	219788	219849	62	*	Scaffold1182	299678	299739	62	*
Scaffold527	218450	218511	62	*	Scaffold1182	299678	299739	62	*
Scaffold527	168791	168843	53	*	Scaffold1182	253008	253060	53	*
Scaffold527	238765	238849	85	*	Scaffold1763	123829	123913	85	*
Scaffold527	7768	7823	56	*	Scaffold34	495797	495852	56	*
Scaffold527	7810	7868	59	*	Scaffold489	363068	363126	59	*
Scaffold527	7772	7865	94	*	Scaffold688	11390	11483	94	*
Scaffold5270	49215	49267	53	*	Scaffold68	994089	994141	53	*
Scaffold5270	62118	62184	67	*	Scaffold68	980794	980860	67	*
Scaffold5270	37573	37623	51	*	Scaffold68	1006824	1006874	51	*
Scaffold5270	51531	51596	66	*	Scaffold68	992119	992184	66	*
Scaffold5270	55294	55362	69	*	Scaffold68	988847	988915	69	*
Scaffold5270	32290	32340	51	*	Scaffold68	1011583	1011633	51	*
Scaffold5270	30476	30531	56	*	Scaffold68	1013204	1013259	56	*
Scaffold5270	32196	32288	93	*	Scaffold68	1011635	1011727	93	*
Scaffold5270	51631	51716	86	*	Scaffold68	991999	992084	86	*
Scaffold5270	46270	46321	52	*	Scaffold68	997005	997056	52	*
Scaffold5277	124869	124931	63	*	Scaffold499	206494	206556	63	*
Scaffold5277	129014	129079	66	*	Scaffold499	211603	211668	66	*
Scaffold5277	18427	18488	62	*	Scaffold499	112880	112941	62	*
Scaffold5277	2747	2809	63	*	Scaffold499	97791	97853	63	*
Scaffold5277	3189	3251	63	*	Scaffold499	97791	97853	63	*
Scaffold5277	125166	125250	85	*	Scaffold499	206788	206872	85	*
Scaffold5277	118624	118717	94	*	Scaffold499	200553	200646	94	*
Scaffold5277	124578	124637	60	*	Scaffold499	206208	206267	60	*
Scaffold5277	144174	144225	52	*	Scaffold499	377700	377751	52	*
Scaffold5277	72180	72250	71	*	Scaffold499	166127	166197	71	*
Scaffold5279	20420	20482	63	*	Scaffold29	941713	941775	63	*
Scaffold5279	20418	20471	54	*	Scaffold789	115404	115457	54	*
Scaffold528	130556	130613	58	*	Scaffold148	364800	364857	58	*
Scaffold528	130551	130612	62	*	Scaffold3107	84875	84936	62	*
Scaffold528	130552	130610	59	*	Scaffold562	177109	177167	59	*
Scaffold5281	13717	13816	100	*	Scaffold5191	8407	8506	100	*
Scaffold5281	30380	30429	50	*	Scaffold672	38503	38552	50	*
Scaffold5287	12858	12922	65	*	Scaffold1557	216512	216576	65	*
Scaffold5287	17347	17397	51	*	Scaffold1557	220815	220865	51	*
Scaffold5287	13340	13410	71	*	Scaffold1557	217001	217071	71	*
Scaffold5287	37278	37340	63	*	Scaffold2728	74088	74150	63	*
Scaffold5289	44007	44058	52	*	Scaffold457	37547	37598	52	*
Scaffold5296	49440	49491	52	*	Scaffold481	493522	493573	52	*
Scaffold5296	30126	30194	69	*	Scaffold636	355003	355071	69	*
Scaffold53	15919	16001	83	*	Scaffold1075	154753	154835	83	*
Scaffold53	133070	133145	76	*	Scaffold1109	215250	215325	76	*
Scaffold530	31608	31659	52	*	Scaffold131	933186	933237	52	*
Scaffold530	31763	31814	52	*	Scaffold131	933023	933074	52	*
Scaffold5301	49305	49355	51	*	Scaffold237	512612	512662	51	*
Scaffold5303	62085	62176	92	*	Scaffold167	847607	847698	92	*
Scaffold5303	62330	62384	55	*	Scaffold167	847406	847460	55	*
Scaffold5303	61868	61922	55	*	Scaffold167	847861	847915	55	*
Scaffold5303	49529	49580	52	*	Scaffold285	349342	349393	52	*
Scaffold5303	52976	53030	55	*	Scaffold3021	47353	47407	55	*
Scaffold5303	56413	56464	52	*	Scaffold616	114022	114073	52	*
Scaffold5303	49508	49617	110	*	Scaffold661	78091	78200	110	*
Scaffold53034	522	571	50	*	Scaffold19	1156324	1156373	50	*
Scaffold5304	89816	89866	51	*	Scaffold1560	21454	21504	51	*
Scaffold5304	23958	24009	52	*	Scaffold1560	77650	77701	52	*
Scaffold5304	89816	89866	51	*	Scaffold421	349637	349687	51	*
Scaffold5318	10208	10266	59	*	Scaffold18	332738	332796	59	*
Scaffold5319	44219	44274	56	*	Scaffold566	93813	93868	56	*
Scaffold532	193401	193465	65	*	Scaffold19	560240	560304	65	*
Scaffold532	252543	252594	52	*	Scaffold2637	212430	212481	52	*
Scaffold532	211630	211704	75	*	Scaffold2637	245802	245876	75	*
Scaffold532	236132	236213	82	*	Scaffold2637	228396	228477	82	*
Scaffold532	76838	76892	55	*	Scaffold2637	339969	340023	55	*
Scaffold532	140532	140584	53	*	Scaffold2637	299122	299174	53	*
Scaffold532	220812	220889	78	*	Scaffold2637	238232	238309	78	*
Scaffold532	193401	193465	65	*	Scaffold2637	260747	260811	65	*
Scaffold532	103995	104046	52	*	Scaffold2637	325865	325916	52	*
Scaffold532	211485	211562	78	*	Scaffold2637	245942	246019	78	*
Scaffold532	157250	157304	55	*	Scaffold2637	286092	286146	55	*
Scaffold532	243107	243204	98	*	Scaffold2637	221356	221453	98	*
Scaffold5324	81062	81124	63	*	Scaffold177	179005	179067	63	*
Scaffold5328	14486	14541	56	*	Scaffold1075	154768	154823	56	*
Scaffold5330	41616	41670	55	*	Scaffold1763	123749	123803	55	*
Scaffold5332	23319	23383	65	*	Scaffold188	791446	791510	65	*
Scaffold5332	24067	24131	65	*	Scaffold188	791446	791510	65	*
Scaffold534	153828	153881	54	*	Scaffold1527	43307	43360	54	*
Scaffold534	70668	70729	62	*	Scaffold96	169924	169985	62	*
Scaffold5346	27705	27754	50	*	Scaffold1747	5182	5231	50	*
Scaffold5347	17488	17537	50	*	Scaffold3831	27519	27568	50	*
Scaffold5347	17488	17537	50	*	Scaffold3831	15646	15695	50	*
Scaffold5349	22256	22321	66	*	Scaffold1061	182452	182517	66	*
Scaffold5349	22254	22314	61	*	Scaffold3281	8228	8288	61	*
Scaffold535	39915	39970	56	*	Scaffold618	109071	109126	56	*
Scaffold5360	5000	5052	53	*	Scaffold61	238784	238836	53	*
Scaffold5367	161486	161538	53	*	Scaffold210	145894	145946	53	*
Scaffold5367	45150	45200	51	*	Scaffold489	417469	417519	51	*
Scaffold5367	120487	120678	192	*	Scaffold489	475949	476140	192	*
Scaffold5367	170019	170076	58	*	Scaffold489	510321	510378	58	*
Scaffold5367	11015	11122	108	*	Scaffold489	381359	381466	108	*
Scaffold5367	23321	23376	56	*	Scaffold489	394397	394452	56	*
Scaffold5367	147665	147715	51	*	Scaffold489	492750	492800	51	*
Scaffold5367	38434	38494	61	*	Scaffold489	413603	413663	61	*
Scaffold5367	124525	124615	91	*	Scaffold489	476985	477075	91	*
Scaffold5367	168621	168715	95	*	Scaffold489	507828	507922	95	*
Scaffold5367	161486	161538	53	*	Scaffold489	501869	501921	53	*
Scaffold5367	34868	34979	112	*	Scaffold489	410465	410576	112	*
Scaffold5367	162551	162628	78	*	Scaffold489	503620	503697	78	*
Scaffold5367	77992	78048	57	*	Scaffold489	444217	444273	57	*
Scaffold5367	168521	168571	51	*	Scaffold489	507726	507776	51	*
Scaffold5367	124793	124853	61	*	Scaffold489	477293	477353	61	*
Scaffold5367	49987	50044	58	*	Scaffold489	420045	420102	58	*
Scaffold5367	104681	104781	101	*	Scaffold489	464347	464447	101	*
Scaffold5367	106240	106300	61	*	Scaffold489	466000	466060	61	*
Scaffold5367	111155	111211	57	*	Scaffold489	469692	469748	57	*
Scaffold5367	54255	54329	75	*	Scaffold489	424463	424537	75	*
Scaffold5367	84449	84535	87	*	Scaffold489	447607	447693	87	*
Scaffold5367	107054	107103	50	*	Scaffold489	466934	466983	50	*
Scaffold5367	106489	106553	65	*	Scaffold489	466252	466316	65	*
Scaffold5367	139543	139614	72	*	Scaffold489	487169	487240	72	*
Scaffold5367	154727	154796	70	*	Scaffold489	496183	496252	70	*
Scaffold5367	57685	57754	70	*	Scaffold489	427114	427183	70	*
Scaffold5367	78217	78324	108	*	Scaffold489	444442	444549	108	*
Scaffold5367	44972	45023	52	*	Scaffold489	417296	417347	52	*
Scaffold5367	61660	61711	52	*	Scaffold489	430311	430362	52	*
Scaffold5367	141958	142035	78	*	Scaffold489	489086	489163	78	*
Scaffold5367	79999	80068	70	*	Scaffold489	445755	445824	70	*
Scaffold5367	68664	68713	50	*	Scaffold489	434239	434288	50	*
Scaffold5367	138502	138572	71	*	Scaffold489	486068	486138	71	*
Scaffold5367	162680	162739	60	*	Scaffold489	503748	503807	60	*
Scaffold5367	78113	78214	102	*	Scaffold489	444338	444439	102	*
Scaffold5367	147744	147805	62	*	Scaffold489	492836	492897	62	*
Scaffold5367	45382	45463	82	*	Scaffold489	417708	417789	82	*
Scaffold5367	171916	171966	51	*	Scaffold489	512570	512620	51	*
Scaffold5367	109370	109428	59	*	Scaffold489	468906	468964	59	*
Scaffold5367	124888	124944	57	*	Scaffold489	477389	477445	57	*
Scaffold5367	45263	45323	61	*	Scaffold489	417582	417642	61	*
Scaffold5367	142376	142434	59	*	Scaffold489	489511	489569	59	*
Scaffold5367	58280	58349	70	*	Scaffold489	427673	427742	70	*
Scaffold5367	21561	21680	120	*	Scaffold489	392393	392512	120	*
Scaffold5367	166702	166757	56	*	Scaffold489	506173	506228	56	*
Scaffold5367	133807	133926	120	*	Scaffold489	484129	484248	120	*
Scaffold5367	45486	45544	59	*	Scaffold489	417812	417870	59	*
Scaffold5367	195026	195091	66	*	Scaffold822	242913	242978	66	*
Scaffold5369	19880	19930	51	*	Scaffold110	824024	824074	51	*
Scaffold5371	22852	22937	86	*	Scaffold294	285632	285717	86	*
Scaffold5371	23578	23663	86	*	Scaffold294	285632	285717	86	*
Scaffold5375	22189	22283	95	*	Scaffold198	603722	603816	95	*
Scaffold5375	22032	22159	128	*	Scaffold198	603566	603693	128	*
Scaffold5375	22098	22154	57	*	Scaffold2679	47581	47637	57	*
Scaffold5375	22215	22283	69	*	Scaffold2679	47699	47767	69	*
Scaffold5375	22239	22289	51	*	Scaffold6518	354	404	51	*
Scaffold5375	24730	24780	51	*	Scaffold901	86543	86593	51	*
Scaffold538	37264	37313	50	*	Scaffold522	438611	438660	50	*
Scaffold5384	28848	28903	56	*	Scaffold291	264435	264490	56	*
Scaffold5388	8912	8967	56	*	Scaffold199	71805	71860	56	*
Scaffold5388	8912	8967	56	*	Scaffold199	65086	65141	56	*
Scaffold54	133878	133927	50	*	Scaffold119	849646	849695	50	*
Scaffold54	124844	124958	115	*	Scaffold119	858672	858786	115	*
Scaffold54	131169	131256	88	*	Scaffold119	852556	852643	88	*
Scaffold54	111200	111258	59	*	Scaffold119	872530	872588	59	*
Scaffold54	119880	120047	168	*	Scaffold119	863911	864078	168	*
Scaffold54	191217	191300	84	*	Scaffold119	808443	808526	84	*
Scaffold54	125174	125235	62	*	Scaffold119	858396	858457	62	*
Scaffold54	132423	132478	56	*	Scaffold119	851259	851314	56	*
Scaffold54	124221	124295	75	*	Scaffold119	859335	859409	75	*
Scaffold54	136696	136749	54	*	Scaffold119	847026	847079	54	*
Scaffold54	131454	131524	71	*	Scaffold119	852288	852358	71	*
Scaffold54	131337	131386	50	*	Scaffold119	852426	852475	50	*
Scaffold54	125016	125076	61	*	Scaffold119	858555	858615	61	*
Scaffold54	125360	125417	58	*	Scaffold119	858214	858271	58	*
Scaffold54	111972	112030	59	*	Scaffold119	871151	871209	59	*
Scaffold54	131271	131321	51	*	Scaffold119	852491	852541	51	*
Scaffold54	150475	150529	55	*	Scaffold119	833654	833708	55	*
Scaffold54	125740	125791	52	*	Scaffold119	857815	857866	52	*
Scaffold54	130792	130847	56	*	Scaffold119	852964	853019	56	*
Scaffold54	133776	133835	60	*	Scaffold119	849747	849806	60	*
Scaffold54	136922	137063	142	*	Scaffold119	846717	846858	142	*
Scaffold54	128280	128339	60	*	Scaffold119	855472	855531	60	*
Scaffold54	252377	252436	60	*	Scaffold119	746164	746223	60	*
Scaffold54	136789	136841	53	*	Scaffold119	846934	846986	53	*
Scaffold54	130980	131099	120	*	Scaffold119	852712	852831	120	*
Scaffold54	259599	259676	78	*	Scaffold1527	43571	43648	78	*
Scaffold54	259683	259746	64	*	Scaffold1527	43501	43564	64	*
Scaffold54	146906	146963	58	*	Scaffold165	441765	441822	58	*
Scaffold54	236917	236987	71	*	Scaffold253	154062	154132	71	*
Scaffold54	263205	263258	54	*	Scaffold449	334361	334414	54	*
Scaffold5402	31104	31176	73	*	Scaffold283	371380	371452	73	*
Scaffold5402	54891	54951	61	*	Scaffold283	399443	399503	61	*
Scaffold5404	2445	2501	57	*	Scaffold1207	153733	153789	57	*
Scaffold5404	2316	2428	113	*	Scaffold470	293492	293604	113	*
Scaffold5410	51020	51075	56	*	Scaffold106	723659	723714	56	*
Scaffold5410	51026	51083	58	*	Scaffold2464	132186	132243	58	*
Scaffold5410	51020	51071	52	*	Scaffold2863	15476	15527	52	*
Scaffold5410	51011	51069	59	*	Scaffold333	844595	844653	59	*
Scaffold5410	51011	51069	59	*	Scaffold333	844198	844256	59	*
Scaffold5410	51020	51077	58	*	Scaffold451	254094	254151	58	*
Scaffold5410	51026	51083	58	*	Scaffold686	239447	239504	58	*
Scaffold5412	77509	77560	52	*	Scaffold301	330198	330249	52	*
Scaffold5412	80470	80519	50	*	Scaffold301	331703	331752	50	*
Scaffold54139	2	69	68	*	Scaffold558	389908	389975	68	*
Scaffold54139	83	142	60	*	Scaffold558	389833	389892	60	*
Scaffold54170	89	144	56	*	Scaffold477	136696	136751	56	*
Scaffold542	192418	192473	56	*	Scaffold2102	76964	77019	56	*
Scaffold542	131355	131411	57	*	Scaffold22412	193	249	57	*
Scaffold542	57947	57999	53	*	Scaffold2770	43994	44046	53	*
Scaffold5420	14011	14232	222	*	Scaffold5191	8265	8486	222	*
Scaffold5426	44625	44683	59	*	Scaffold454	226519	226577	59	*
Scaffold543	99746	99797	52	*	Scaffold697	72446	72497	52	*
Scaffold5430	41721	41770	50	*	Scaffold370	391495	391544	50	*
Scaffold5434	51873	51944	72	*	Scaffold367	154231	154302	72	*
Scaffold5434	51811	51861	51	*	Scaffold367	154169	154219	51	*
Scaffold5434	51870	51955	86	*	Scaffold375	395173	395258	86	*
Scaffold5439	34701	34758	58	*	Scaffold20726	691	748	58	*
Scaffold544	73058	73107	50	*	Scaffold5191	7848	7897	50	*
Scaffold544	73431	73487	57	*	Scaffold5191	8424	8480	57	*
Scaffold5446	27145	27200	56	*	Scaffold496	356852	356907	56	*
Scaffold5446	26284	26344	61	*	Scaffold587	182489	182549	61	*
Scaffold545	144264	144326	63	*	Scaffold1	17928	17990	63	*
Scaffold545	168958	169018	61	*	Scaffold1586	51809	51869	61	*
Scaffold545	170591	170665	75	*	Scaffold162	503448	503522	75	*
Scaffold545	189191	189247	57	*	Scaffold162	522219	522275	57	*
Scaffold545	172255	172307	53	*	Scaffold162	505466	505518	53	*
Scaffold545	94476	94547	72	*	Scaffold312	356685	356756	72	*
Scaffold545	94516	94574	59	*	Scaffold327	609826	609884	59	*
Scaffold545	94508	94567	60	*	Scaffold4871	6123	6182	60	*
Scaffold5450	25468	25518	51	*	Scaffold414	131322	131372	51	*
Scaffold5453	609	684	76	*	Scaffold375	395183	395258	76	*
Scaffold5455	45891	45950	60	*	Scaffold1214	37521	37580	60	*
Scaffold5455	45890	45951	62	*	Scaffold320	394818	394879	62	*
Scaffold5455	59033	59093	61	*	Scaffold39	900451	900511	61	*
Scaffold5455	29875	29931	57	*	Scaffold39	930217	930273	57	*
Scaffold5455	45911	45966	56	*	Scaffold59	575486	575541	56	*
Scaffold5455	45919	45968	50	*	Scaffold748	289509	289558	50	*
Scaffold5457	64821	64882	62	*	Scaffold113	356579	356640	62	*
Scaffold5457	77273	77327	55	*	Scaffold283	664356	664410	55	*
Scaffold5457	71931	71981	51	*	Scaffold283	662873	662923	51	*
Scaffold5457	80722	80802	81	*	Scaffold283	673065	673145	81	*
Scaffold5460	49340	49389	50	*	Scaffold922	51992	52041	50	*
Scaffold5461	35217	35268	52	*	Scaffold1301	310555	310606	52	*
Scaffold5461	35205	35284	80	*	Scaffold138	126156	126235	80	*
Scaffold5461	35228	35287	60	*	Scaffold143	1109260	1109319	60	*
Scaffold5461	35151	35286	136	*	Scaffold360	111934	112069	136	*
Scaffold5465	31252	31305	54	*	Scaffold534	194989	195042	54	*
Scaffold5465	45901	45967	67	*	Scaffold654	543381	543447	67	*
Scaffold5465	45901	45967	67	*	Scaffold654	541576	541642	67	*
Scaffold5466	7419	7491	73	*	Scaffold1130	70011	70083	73	*
Scaffold5466	19983	20040	58	*	Scaffold2867	20954	21011	58	*
Scaffold5466	7033	7084	52	*	Scaffold414	346115	346166	52	*
Scaffold5466	7232	7285	54	*	Scaffold5191	8267	8320	54	*
Scaffold5466	7017	7107	91	*	Scaffold5191	8420	8510	91	*
Scaffold547	440	497	58	*	Scaffold2782	4897	4954	58	*
Scaffold5470	4549	4604	56	*	Scaffold2782	97740	97795	56	*
Scaffold5470	6315	6364	50	*	Scaffold789	121829	121878	50	*
Scaffold54765	449	498	50	*	Scaffold1527	43370	43419	50	*
Scaffold5483	39301	39353	53	*	Scaffold2280	3738	3790	53	*
Scaffold5483	41639	41688	50	*	Scaffold2526	97637	97686	50	*
Scaffold5483	24055	24108	54	*	Scaffold2526	151164	151217	54	*
Scaffold5483	41639	41688	50	*	Scaffold2526	172103	172152	50	*
Scaffold5483	52673	52722	50	*	Scaffold2526	109547	109596	50	*
Scaffold5483	52673	52722	50	*	Scaffold2526	184136	184185	50	*
Scaffold5484	16470	16519	50	*	Scaffold27542	178	227	50	*
Scaffold5488	24936	24985	50	*	Scaffold5191	7848	7897	50	*
Scaffold5490	32958	33010	53	*	Scaffold1415	134867	134919	53	*
Scaffold5492	5396	5453	58	*	Scaffold558	394258	394315	58	*
Scaffold5492	5587	5645	59	*	Scaffold558	394066	394124	59	*
Scaffold5492	5503	5552	50	*	Scaffold558	394159	394208	50	*
Scaffold54967	221	283	63	*	Scaffold611	39810	39872	63	*
Scaffold54967	234	290	57	*	Scaffold973	204049	204105	57	*
Scaffold55	233336	233388	53	*	Scaffold1539	109270	109322	53	*
Scaffold55	228382	228441	60	*	Scaffold1539	113777	113836	60	*
Scaffold55	233134	233187	54	*	Scaffold1539	109454	109507	54	*
Scaffold55	262564	262615	52	*	Scaffold1539	83509	83560	52	*
Scaffold55	246967	247018	52	*	Scaffold1539	98293	98344	52	*
Scaffold55	261859	261947	89	*	Scaffold1539	84147	84235	89	*
Scaffold55	264960	265029	70	*	Scaffold1539	133977	134046	70	*
Scaffold55	234121	234186	66	*	Scaffold1539	108492	108557	66	*
Scaffold55	247925	247988	64	*	Scaffold1539	97175	97238	64	*
Scaffold55	16633	16685	53	*	Scaffold2004	128949	129001	53	*
Scaffold55	23152	23207	56	*	Scaffold2004	128946	129001	56	*
Scaffold55	268103	268153	51	*	Scaffold2032	73284	73334	51	*
Scaffold550	42989	43063	75	*	Scaffold1321	4828	4902	75	*
Scaffold5502	23953	24008	56	*	Scaffold1011	91765	91820	56	*
Scaffold5502	68496	68589	94	*	Scaffold370	391536	391629	94	*
Scaffold55033	212	264	53	*	Scaffold1318	60323	60375	53	*
Scaffold5506	37933	38026	94	*	Scaffold1763	123820	123913	94	*
Scaffold5506	37812	37869	58	*	Scaffold1763	123703	123760	58	*
Scaffold5509	65936	65993	58	*	Scaffold9	1004634	1004691	58	*
Scaffold5509	80915	80995	81	*	Scaffold9	1018382	1018462	81	*
Scaffold551	106942	106998	57	*	Scaffold444	207464	207520	57	*
Scaffold551	12026	12132	107	*	Scaffold73	10920	11026	107	*
Scaffold5510	16476	16525	50	*	Scaffold236	113314	113363	50	*
Scaffold5513	20873	20922	50	*	Scaffold13	36851	36900	50	*
Scaffold5513	20873	20922	50	*	Scaffold2195	9870	9919	50	*
Scaffold5515	21324	21375	52	*	Scaffold338	811125	811176	52	*
Scaffold5515	22421	22470	50	*	Scaffold338	813110	813159	50	*
Scaffold5515	22261	22322	62	*	Scaffold338	812956	813017	62	*
Scaffold55188	114	184	71	*	Scaffold1527	43582	43652	71	*
Scaffold552	79791	79845	55	*	Scaffold561	229830	229884	55	*
Scaffold5523	19871	19922	52	*	Scaffold1527	43307	43358	52	*
Scaffold5523	20145	20219	75	*	Scaffold1527	43574	43648	75	*
Scaffold5523	19936	19988	53	*	Scaffold1527	43372	43424	53	*
Scaffold5523	20169	20219	51	*	Scaffold389	637455	637505	51	*
Scaffold553	159333	159418	86	*	Scaffold1213	92924	93009	86	*
Scaffold553	70488	70538	51	*	Scaffold18	332710	332760	51	*
Scaffold553	13277	13330	54	*	Scaffold35	231767	231820	54	*
Scaffold553	12037	12090	54	*	Scaffold35	231767	231820	54	*
Scaffold5530	38498	38555	58	*	Scaffold1125	255136	255193	58	*
Scaffold5530	32602	32658	57	*	Scaffold1125	259310	259366	57	*
Scaffold5530	36280	36331	52	*	Scaffold1125	258162	258213	52	*
Scaffold5530	62982	63058	77	*	Scaffold1125	229253	229329	77	*
Scaffold5530	63718	63772	55	*	Scaffold27820	1878	1932	55	*
Scaffold5532	51704	51754	51	*	Scaffold2898	43490	43540	51	*
Scaffold5533	6442	6497	56	*	Scaffold199	162896	162951	56	*
Scaffold5535	52359	52413	55	*	Scaffold1495	108217	108271	55	*
Scaffold5535	52425	52475	51	*	Scaffold1495	108155	108205	51	*
Scaffold5535	7288	7363	76	*	Scaffold62	1260111	1260186	76	*
Scaffold5535	12732	12781	50	*	Scaffold62	1260111	1260160	50	*
Scaffold554	58768	58827	60	*	Scaffold1277	186929	186988	60	*
Scaffold554	89506	89561	56	*	Scaffold2952	118517	118572	56	*
Scaffold554	58685	58736	52	*	Scaffold749	140757	140808	52	*
Scaffold554	58802	58892	91	*	Scaffold759	98291	98381	91	*
Scaffold55422	86	202	117	*	Scaffold661	78084	78200	117	*
Scaffold55422	10	65	56	*	Scaffold661	78220	78275	56	*
Scaffold5544	16358	16412	55	*	Scaffold2237	54070	54124	55	*
Scaffold5544	16347	16419	73	*	Scaffold31318	2370	2442	73	*
Scaffold5544	16331	16386	56	*	Scaffold68	696447	696502	56	*
Scaffold5547	35283	35332	50	*	Scaffold50	1045470	1045519	50	*
Scaffold5548	890	966	77	*	Scaffold109	194976	195052	77	*
Scaffold5551	16031	16146	116	*	Scaffold1113	165009	165124	116	*
Scaffold5551	20130	20186	57	*	Scaffold1113	169050	169106	57	*
Scaffold5551	38015	38085	71	*	Scaffold29332	8094	8164	71	*
Scaffold5551	16023	16146	124	*	Scaffold29332	21072	21195	124	*
Scaffold5551	20130	20186	57	*	Scaffold29332	17103	17159	57	*
Scaffold5561	2334	2396	63	*	Scaffold224	388719	388781	63	*
Scaffold5563	35056	35109	54	*	Scaffold1614	177824	177877	54	*
Scaffold5563	1329	1386	58	*	Scaffold30552	104	161	58	*
Scaffold557	73626	73711	86	*	Scaffold274	511658	511743	86	*
Scaffold557	106616	106665	50	*	Scaffold5	1895772	1895821	50	*
Scaffold5571	24106	24156	51	*	Scaffold41	747063	747113	51	*
Scaffold5574	23511	23566	56	*	Scaffold5	542903	542958	56	*
Scaffold5575	36520	36579	60	*	Scaffold110	827041	827100	60	*
Scaffold5575	30782	30862	81	*	Scaffold129	488727	488807	81	*
Scaffold5576	19887	19977	91	*	Scaffold1527	43266	43356	91	*
Scaffold5576	19809	19873	65	*	Scaffold1527	43370	43434	65	*
Scaffold55789	10	67	58	*	Scaffold27251	756	813	58	*
Scaffold55814	6	67	62	*	Scaffold100	4093	4154	62	*
Scaffold55835	839	898	60	*	Scaffold551	414606	414665	60	*
Scaffold55845	2805	2858	54	*	Scaffold470	293477	293530	54	*
Scaffold55845	2472	2540	69	*	Scaffold470	293480	293548	69	*
Scaffold55846	1	109	109	*	Scaffold198	603713	603821	109	*
Scaffold5585	69035	69097	63	*	Scaffold174	425915	425977	63	*
Scaffold5588	22066	22116	51	*	Scaffold366	216758	216808	51	*
Scaffold5588	22039	22120	82	*	Scaffold541	301518	301599	82	*
Scaffold559	332	388	57	*	Scaffold1609	72364	72420	57	*
Scaffold559	70958	71017	60	*	Scaffold198	603761	603820	60	*
Scaffold559	71262	71313	52	*	Scaffold198	603465	603516	52	*
Scaffold559	71180	71237	58	*	Scaffold198	603541	603598	58	*
Scaffold559	13820	13875	56	*	Scaffold20734	151	206	56	*
Scaffold559	13659	13713	55	*	Scaffold5191	8560	8614	55	*
Scaffold559	13814	13874	61	*	Scaffold5191	8399	8459	61	*
Scaffold559	108008	108058	51	*	Scaffold605	392066	392116	51	*
Scaffold559	332	388	57	*	Scaffold605	352502	352558	57	*
Scaffold55911	269	431	163	*	Scaffold73	10874	11036	163	*
Scaffold55960	75	136	62	*	Scaffold296	625679	625740	62	*
Scaffold5597	4811	4873	63	*	Scaffold29196	285	347	63	*
Scaffold5597	4875	4938	64	*	Scaffold29196	349	412	64	*
Scaffold56	78900	78964	65	*	Scaffold398	290997	291061	65	*
Scaffold56	41576	41641	66	*	Scaffold477	136797	136862	66	*
Scaffold56	189077	189137	61	*	Scaffold561	482566	482626	61	*
Scaffold5600	5652	5721	70	*	Scaffold759	33159	33228	70	*
Scaffold5600	16846	16936	91	*	Scaffold759	29741	29831	91	*
Scaffold5605	56211	56271	61	*	Scaffold1763	124157	124217	61	*
Scaffold5605	54882	54939	58	*	Scaffold568	324133	324190	58	*
Scaffold5607	22529	22582	54	*	Scaffold5191	8407	8460	54	*
Scaffold5609	51423	51481	59	*	Scaffold30	417978	418036	59	*
Scaffold5609	31951	32035	85	*	Scaffold688	11391	11475	85	*
Scaffold5611	20593	20648	56	*	Scaffold477	405196	405251	56	*
Scaffold5614	51025	51271	247	*	Scaffold40	570423	570669	247	*
Scaffold5614	50271	50329	59	*	Scaffold40	569668	569726	59	*
Scaffold5614	59601	59651	51	*	Scaffold40	578292	578342	51	*
Scaffold5614	56814	56884	71	*	Scaffold40	575357	575427	71	*
Scaffold5614	56513	56605	93	*	Scaffold40	575038	575130	93	*
Scaffold5614	50804	50970	167	*	Scaffold40	570201	570367	167	*
Scaffold5614	56696	56759	64	*	Scaffold40	575226	575289	64	*
Scaffold5614	44488	44542	55	*	Scaffold40	566496	566550	55	*
Scaffold5614	44401	44484	84	*	Scaffold40	566409	566492	84	*
Scaffold5614	44556	44658	103	*	Scaffold40	566565	566667	103	*
Scaffold5614	56696	56759	64	*	Scaffold7169	3391	3454	64	*
Scaffold5614	56814	56884	71	*	Scaffold7169	3522	3592	71	*
Scaffold5614	56513	56605	93	*	Scaffold7169	3203	3295	93	*
Scaffold5615	18891	18940	50	*	Scaffold1275	107152	107201	50	*
Scaffold5615	23557	23623	67	*	Scaffold1275	103515	103581	67	*
Scaffold56152	715	799	85	*	Scaffold152	706676	706760	85	*
Scaffold56262	82	149	68	*	Scaffold1354	51364	51431	68	*
Scaffold5629	36829	36894	66	*	Scaffold1696	260371	260436	66	*
Scaffold5629	32512	32581	70	*	Scaffold1696	257278	257347	70	*
Scaffold563	115620	115675	56	*	Scaffold5191	7734	7789	56	*
Scaffold56353	263	340	78	*	Scaffold310	230584	230661	78	*
Scaffold5639	5916	5969	54	*	Scaffold352	214023	214076	54	*
Scaffold5642	45490	45543	54	*	Scaffold1343	310106	310159	54	*
Scaffold5646	42387	42459	73	*	Scaffold1878	450	522	73	*
Scaffold5647	30091	30145	55	*	Scaffold577	24880	24934	55	*
Scaffold565	12581	12648	68	*	Scaffold5191	8853	8920	68	*
Scaffold565	5720	5774	55	*	Scaffold724	117176	117230	55	*
Scaffold5652	25365	25415	51	*	Scaffold2896	29503	29553	51	*
Scaffold5653	3337	3393	57	*	Scaffold141	96888	96944	57	*
Scaffold5653	21900	21985	86	*	Scaffold1425	34766	34851	86	*
Scaffold5653	3327	3392	66	*	Scaffold20	1358333	1358398	66	*
Scaffold5653	3341	3391	51	*	Scaffold5428	8836	8886	51	*
Scaffold5653	3329	3393	65	*	Scaffold931	65529	65593	65	*
Scaffold56538	34	86	53	*	Scaffold1396	114446	114498	53	*
Scaffold566	40237	40287	51	*	Scaffold1924	124546	124596	51	*
Scaffold566	33297	33365	69	*	Scaffold1924	117718	117786	69	*
Scaffold566	34179	34237	59	*	Scaffold1924	118555	118613	59	*
Scaffold566	90808	90859	52	*	Scaffold283	692416	692467	52	*
Scaffold5667	5922	5971	50	*	Scaffold2277	46981	47030	50	*
Scaffold5667	5913	5971	59	*	Scaffold747	230248	230306	59	*
Scaffold5667	5913	5971	59	*	Scaffold747	235027	235085	59	*
Scaffold5676	73243	73325	83	*	Scaffold1293	107298	107380	83	*
Scaffold5676	73251	73303	53	*	Scaffold81	637906	637958	53	*
Scaffold5676	73281	73331	51	*	Scaffold937	202995	203045	51	*
Scaffold5677	55166	55217	52	*	Scaffold27542	129	180	52	*
Scaffold5678	31898	31992	95	*	Scaffold1395	158008	158102	95	*
Scaffold5678	18626	18675	50	*	Scaffold52	347790	347839	50	*
Scaffold5682	68327	68387	61	*	Scaffold152	345430	345490	61	*
Scaffold5682	68316	68388	73	*	Scaffold197	544601	544673	73	*
Scaffold5682	68310	68386	77	*	Scaffold314	141697	141773	77	*
Scaffold5682	68328	68381	54	*	Scaffold3414	18420	18473	54	*
Scaffold5682	68325	68383	59	*	Scaffold813	146869	146927	59	*
Scaffold5682	68312	68370	59	*	Scaffold90	1384505	1384563	59	*
Scaffold5693	12913	12963	51	*	Scaffold1013	102796	102846	51	*
Scaffold5693	18855	18906	52	*	Scaffold1013	97766	97817	52	*
Scaffold5693	14912	14962	51	*	Scaffold1013	102796	102846	51	*
Scaffold5693	9013	9082	70	*	Scaffold1013	107572	107641	70	*
Scaffold57	77585	77642	58	*	Scaffold1070	95135	95192	58	*
Scaffold57	77735	77803	69	*	Scaffold1527	43580	43648	69	*
Scaffold57	92199	92262	64	*	Scaffold30	333709	333772	64	*
Scaffold57	107980	108038	59	*	Scaffold30	351396	351454	59	*
Scaffold5703	9655	9753	99	*	Scaffold2452	39319	39417	99	*
Scaffold5703	14124	14177	54	*	Scaffold4397	7493	7546	54	*
Scaffold5708	63645	63725	81	*	Scaffold869	65354	65434	81	*
Scaffold571	8386	8435	50	*	Scaffold443	151944	151993	50	*
Scaffold571	129346	129424	79	*	Scaffold470	293457	293535	79	*
Scaffold571	129281	129344	64	*	Scaffold470	293537	293600	64	*
Scaffold571	36434	36534	101	*	Scaffold5191	8341	8441	101	*
Scaffold5720	13162	13213	52	*	Scaffold1363	42588	42639	52	*
Scaffold5722	49360	49416	57	*	Scaffold1733	232738	232794	57	*
Scaffold5722	49270	49325	56	*	Scaffold1733	232651	232706	56	*
Scaffold5722	77777	77832	56	*	Scaffold478	588766	588821	56	*
Scaffold5722	109130	109188	59	*	Scaffold478	564866	564924	59	*
Scaffold5722	101448	101501	54	*	Scaffold478	572422	572475	54	*
Scaffold5722	81691	81748	58	*	Scaffold478	586050	586107	58	*
Scaffold5722	51083	51141	59	*	Scaffold478	609609	609667	59	*
Scaffold5729	4497	4549	53	*	Scaffold1108	71066	71118	53	*
Scaffold5729	4706	4757	52	*	Scaffold1108	71271	71322	52	*
Scaffold5729	4364	4413	50	*	Scaffold1701	92609	92658	50	*
Scaffold5729	4467	4521	55	*	Scaffold54	506322	506376	55	*
Scaffold5729	4668	4727	60	*	Scaffold636	722824	722883	60	*
Scaffold5729	26806	26858	53	*	Scaffold645	372880	372932	53	*
Scaffold5742	6812	6877	66	*	Scaffold301	620946	621011	66	*
Scaffold5743	51347	51429	83	*	Scaffold755	137403	137485	83	*
Scaffold5746	43554	43605	52	*	Scaffold1325	17761	17812	52	*
Scaffold5746	24621	24687	67	*	Scaffold1325	32683	32749	67	*
Scaffold5746	29440	29504	65	*	Scaffold1325	28801	28865	65	*
Scaffold5746	29676	29727	52	*	Scaffold1325	28581	28632	52	*
Scaffold5746	39769	39824	56	*	Scaffold1325	20220	20275	56	*
Scaffold5746	25454	25520	67	*	Scaffold1325	32683	32749	67	*
Scaffold5748	53157	53206	50	*	Scaffold6319	4428	4477	50	*
Scaffold5753	13849	13930	82	*	Scaffold1020	127377	127458	82	*
Scaffold5753	13822	13892	71	*	Scaffold1048	125160	125230	71	*
Scaffold5753	13820	13898	79	*	Scaffold1173	24053	24131	79	*
Scaffold5753	13831	13890	60	*	Scaffold1354	138170	138229	60	*
Scaffold5753	13822	13926	105	*	Scaffold1365	142464	142568	105	*
Scaffold5753	13820	13883	64	*	Scaffold1389	46856	46919	64	*
Scaffold5753	13823	13928	106	*	Scaffold1418	34590	34695	106	*
Scaffold5753	13837	13905	69	*	Scaffold1424	91176	91244	69	*
Scaffold5753	13860	13926	67	*	Scaffold1476	37738	37804	67	*
Scaffold5753	13848	13898	51	*	Scaffold1865	149412	149462	51	*
Scaffold5753	13852	13919	68	*	Scaffold1902	145538	145605	68	*
Scaffold5753	13827	13914	88	*	Scaffold2090	7685	7772	88	*
Scaffold5753	13824	13920	97	*	Scaffold2261	34873	34969	97	*
Scaffold5753	13832	13910	79	*	Scaffold2459	98888	98966	79	*
Scaffold5753	13862	13914	53	*	Scaffold249	733947	733999	53	*
Scaffold5753	13829	13907	79	*	Scaffold250	93381	93459	79	*
Scaffold5753	13824	13929	106	*	Scaffold3002	41241	41346	106	*
Scaffold5753	13820	13930	111	*	Scaffold313	639961	640071	111	*
Scaffold5753	13869	13926	58	*	Scaffold3523	6972	7029	58	*
Scaffold5753	13822	13899	78	*	Scaffold371	117804	117881	78	*
Scaffold5753	13844	13931	88	*	Scaffold376	285922	286009	88	*
Scaffold5753	13826	13930	105	*	Scaffold404	49028	49132	105	*
Scaffold5753	13822	13932	111	*	Scaffold42	637276	637386	111	*
Scaffold5753	13820	13911	92	*	Scaffold5005	12911	13002	92	*
Scaffold5753	13877	13931	55	*	Scaffold582	253162	253216	55	*
Scaffold5753	13816	13904	89	*	Scaffold601	273519	273607	89	*
Scaffold5753	13824	13918	95	*	Scaffold660	99733	99827	95	*
Scaffold5753	13839	13922	84	*	Scaffold724	143108	143191	84	*
Scaffold5753	13827	13894	68	*	Scaffold896	239938	240005	68	*
Scaffold5753	13860	13931	72	*	Scaffold960	230128	230199	72	*
Scaffold5758	6973	7049	77	*	Scaffold5191	8331	8407	77	*
Scaffold577	130444	130499	56	*	Scaffold424	293269	293324	56	*
Scaffold577	118856	118934	79	*	Scaffold470	293456	293534	79	*
Scaffold577	130444	130556	113	*	Scaffold5191	8389	8501	113	*
Scaffold5776	27256	27311	56	*	Scaffold1515	101160	101215	56	*
Scaffold5776	22696	22756	61	*	Scaffold1515	96333	96393	61	*
Scaffold5776	22759	22811	53	*	Scaffold1515	96395	96447	53	*
Scaffold5776	35630	35685	56	*	Scaffold1515	105391	105446	56	*
Scaffold5776	32594	32646	53	*	Scaffold564	309843	309895	53	*
Scaffold5776	31678	31753	76	*	Scaffold564	309311	309386	76	*
Scaffold5789	32461	32513	53	*	Scaffold407	293334	293386	53	*
Scaffold5790	65951	66012	62	*	Scaffold153	1195585	1195646	62	*
Scaffold5791	43192	43242	51	*	Scaffold1321	4849	4899	51	*
Scaffold5791	43084	43136	53	*	Scaffold1321	4950	5002	53	*
Scaffold57910	553	613	61	*	Scaffold2561	64931	64991	61	*
Scaffold5795	11205	11279	75	*	Scaffold356	193052	193126	75	*
Scaffold5799	4668	4718	51	*	Scaffold56	117266	117316	51	*
Scaffold5800	22670	22732	63	*	Scaffold12	956623	956685	63	*
Scaffold5800	22670	22732	63	*	Scaffold12	950142	950204	63	*
Scaffold58022	429	478	50	*	Scaffold645	373516	373565	50	*
Scaffold5808	13685	13739	55	*	Scaffold70	1328791	1328845	55	*
Scaffold5808	29060	29144	85	*	Scaffold90	700368	700452	85	*
Scaffold5808	59304	59401	98	*	Scaffold90	726212	726309	98	*
Scaffold5808	54733	54807	75	*	Scaffold90	722901	722975	75	*
Scaffold5808	44586	44636	51	*	Scaffold90	714222	714272	51	*
Scaffold5808	26817	26868	52	*	Scaffold90	696940	696991	52	*
Scaffold5808	76211	76283	73	*	Scaffold90	743815	743887	73	*
Scaffold5808	71232	71286	55	*	Scaffold90	735372	735426	55	*
Scaffold5810	9193	9295	103	*	Scaffold240	220031	220133	103	*
Scaffold58155	145	196	52	*	Scaffold484	100097	100148	52	*
Scaffold5816	21119	21171	53	*	Scaffold165	582551	582603	53	*
Scaffold5829	4749	4798	50	*	Scaffold122	701824	701873	50	*
Scaffold5838	43	105	63	*	Scaffold3404	56251	56313	63	*
Scaffold5842	30442	30491	50	*	Scaffold17	300005	300054	50	*
Scaffold5848	2707	2775	69	*	Scaffold248	201133	201201	69	*
Scaffold585	30620	30677	58	*	Scaffold465	257707	257764	58	*
Scaffold5851	6529	6716	188	*	Scaffold5191	8298	8485	188	*
Scaffold5852	24029	24083	55	*	Scaffold1108	71007	71061	55	*
Scaffold5859	20681	20735	55	*	Scaffold1130	18674	18728	55	*
Scaffold5859	20690	20742	53	*	Scaffold198	603652	603704	53	*
Scaffold5859	20744	20843	100	*	Scaffold198	603706	603805	100	*
Scaffold5859	20681	20733	53	*	Scaffold237	213037	213089	53	*
Scaffold5859	20739	20801	63	*	Scaffold544	291583	291645	63	*
Scaffold5860	50737	50791	55	*	Scaffold56	728953	729007	55	*
Scaffold5860	35104	35156	53	*	Scaffold56	741133	741185	53	*
Scaffold5860	58926	59001	76	*	Scaffold56	721838	721913	76	*
Scaffold5861	52119	52173	55	*	Scaffold10	44566	44620	55	*
Scaffold5861	52130	52187	58	*	Scaffold1023	76026	76083	58	*
Scaffold5861	52212	52270	59	*	Scaffold104	436223	436281	59	*
Scaffold5861	52224	52281	58	*	Scaffold1093	29276	29333	58	*
Scaffold5861	52133	52185	53	*	Scaffold1104	230530	230582	53	*
Scaffold5861	52133	52183	51	*	Scaffold113	477400	477450	51	*
Scaffold5861	52188	52277	90	*	Scaffold121	117557	117646	90	*
Scaffold5861	52226	52278	53	*	Scaffold123	1089961	1090013	53	*
Scaffold5861	52122	52173	52	*	Scaffold13	1204322	1204373	52	*
Scaffold5861	52160	52209	50	*	Scaffold133	575145	575194	50	*
Scaffold5861	52149	52204	56	*	Scaffold1396	80808	80863	56	*
Scaffold5861	38768	38822	55	*	Scaffold1485	84133	84187	55	*
Scaffold5861	52127	52188	62	*	Scaffold150	220573	220634	62	*
Scaffold5861	52130	52182	53	*	Scaffold1569	15611	15663	53	*
Scaffold5861	52245	52295	51	*	Scaffold1572	268720	268770	51	*
Scaffold5861	52141	52200	60	*	Scaffold16	986163	986222	60	*
Scaffold5861	52204	52271	68	*	Scaffold189	17001	17068	68	*
Scaffold5861	52123	52181	59	*	Scaffold1956	30435	30493	59	*
Scaffold5861	52115	52178	64	*	Scaffold23	804850	804913	64	*
Scaffold5861	52223	52277	55	*	Scaffold2309	65251	65305	55	*
Scaffold5861	52220	52278	59	*	Scaffold2330	174755	174813	59	*
Scaffold5861	52125	52201	77	*	Scaffold2330	176576	176652	77	*
Scaffold5861	52206	52256	51	*	Scaffold251	363271	363321	51	*
Scaffold5861	52198	52251	54	*	Scaffold25258	8	61	54	*
Scaffold5861	52132	52191	60	*	Scaffold2659	135879	135938	60	*
Scaffold5861	52219	52278	60	*	Scaffold269	493663	493722	60	*
Scaffold5861	52123	52173	51	*	Scaffold294	422252	422302	51	*
Scaffold5861	52135	52187	53	*	Scaffold2994	16382	16434	53	*
Scaffold5861	52116	52170	55	*	Scaffold303	42948	43002	55	*
Scaffold5861	52119	52188	70	*	Scaffold30527	190	259	70	*
Scaffold5861	52214	52284	71	*	Scaffold326	152349	152419	71	*
Scaffold5861	52127	52176	50	*	Scaffold333	338689	338738	50	*
Scaffold5861	52120	52196	77	*	Scaffold347	411978	412054	77	*
Scaffold5861	52231	52281	51	*	Scaffold378	173131	173181	51	*
Scaffold5861	52226	52279	54	*	Scaffold42	242458	242511	54	*
Scaffold5861	52199	52257	59	*	Scaffold50	1071684	1071742	59	*
Scaffold5861	52127	52176	50	*	Scaffold5038	29220	29269	50	*
Scaffold5861	52195	52271	77	*	Scaffold504	244351	244427	77	*
Scaffold5861	52214	52279	66	*	Scaffold507	150255	150320	66	*
Scaffold5861	52233	52288	56	*	Scaffold52	872872	872927	56	*
Scaffold5861	52133	52184	52	*	Scaffold53	844932	844983	52	*
Scaffold5861	52129	52184	56	*	Scaffold54	311326	311381	56	*
Scaffold5861	52222	52277	56	*	Scaffold543	273128	273183	56	*
Scaffold5861	52126	52195	70	*	Scaffold77	526983	527052	70	*
Scaffold5861	52127	52190	64	*	Scaffold93	399833	399896	64	*
Scaffold5861	52230	52279	50	*	Scaffold94	560109	560158	50	*
Scaffold5861	52128	52181	54	*	Scaffold964	406722	406775	54	*
Scaffold5864	5181	5232	52	*	Scaffold70	1283582	1283633	52	*
Scaffold587	89019	89078	60	*	Scaffold6466	6550	6609	60	*
Scaffold5874	23396	23445	50	*	Scaffold5495	1615	1664	50	*
Scaffold5874	23395	23445	51	*	Scaffold67	933042	933092	51	*
Scaffold5878	7576	7625	50	*	Scaffold1485	84133	84182	50	*
Scaffold5879	43604	43665	62	*	Scaffold1004	151738	151799	62	*
Scaffold5879	15574	15634	61	*	Scaffold1350	47204	47264	61	*
Scaffold5879	43592	43641	50	*	Scaffold2102	76505	76554	50	*
Scaffold5879	74219	74288	70	*	Scaffold327	366084	366153	70	*
Scaffold5879	38156	38240	85	*	Scaffold327	338939	339023	85	*
Scaffold5879	74097	74148	52	*	Scaffold327	365962	366013	52	*
Scaffold5879	81260	81352	93	*	Scaffold327	374599	374691	93	*
Scaffold5879	73909	73963	55	*	Scaffold327	365775	365829	55	*
Scaffold5879	48033	48186	154	*	Scaffold327	348048	348201	154	*
Scaffold5879	80921	80985	65	*	Scaffold327	374271	374335	65	*
Scaffold5879	73515	73580	66	*	Scaffold327	365388	365453	66	*
Scaffold5879	47717	47768	52	*	Scaffold327	347747	347798	52	*
Scaffold5879	21469	21568	100	*	Scaffold327	331875	331974	100	*
Scaffold5879	19491	19560	70	*	Scaffold327	329544	329613	70	*
Scaffold5879	48367	48445	79	*	Scaffold327	348378	348456	79	*
Scaffold5879	67551	67637	87	*	Scaffold327	361622	361708	87	*
Scaffold5879	67765	67833	69	*	Scaffold327	361835	361903	69	*
Scaffold5879	21356	21450	95	*	Scaffold327	331763	331857	95	*
Scaffold5879	73747	73827	81	*	Scaffold327	365613	365693	81	*
Scaffold5879	48465	48518	54	*	Scaffold327	348476	348529	54	*
Scaffold5879	48520	48593	74	*	Scaffold327	348531	348604	74	*
Scaffold5879	74306	74388	83	*	Scaffold327	366171	366253	83	*
Scaffold5879	67639	67715	77	*	Scaffold327	361710	361786	77	*
Scaffold5879	13725	13797	73	*	Scaffold5191	8867	8939	73	*
Scaffold5879	15506	15710	205	*	Scaffold5191	8245	8449	205	*
Scaffold5879	15629	15687	59	*	Scaffold592	72755	72813	59	*
Scaffold5879	15561	15627	67	*	Scaffold592	72687	72753	67	*
Scaffold5879	15559	15613	55	*	Scaffold679	63987	64041	55	*
Scaffold5879	15642	15695	54	*	Scaffold679	64070	64123	54	*
Scaffold5883	13874	13945	72	*	Scaffold131	545283	545354	72	*
Scaffold5889	19787	19840	54	*	Scaffold1269	89091	89144	54	*
Scaffold5889	19880	19933	54	*	Scaffold1269	89091	89144	54	*
Scaffold5889	9419	9477	59	*	Scaffold1269	95249	95307	59	*
Scaffold5892	39233	39282	50	*	Scaffold362	535859	535908	50	*
Scaffold5898	29176	29234	59	*	Scaffold229	464977	465035	59	*
Scaffold59	45812	45869	58	*	Scaffold190	644160	644217	58	*
Scaffold59	175066	175125	60	*	Scaffold215	257247	257306	60	*
Scaffold59	141610	141659	50	*	Scaffold215	228390	228439	50	*
Scaffold59	134924	134990	67	*	Scaffold215	219594	219660	67	*
Scaffold59	205070	205120	51	*	Scaffold215	280874	280924	51	*
Scaffold59	209968	210052	85	*	Scaffold215	284937	285021	85	*
Scaffold59	175280	175359	80	*	Scaffold215	257460	257539	80	*
Scaffold59	141666	141715	50	*	Scaffold215	228446	228495	50	*
Scaffold59	208604	208661	58	*	Scaffold215	283858	283915	58	*
Scaffold59	138285	138339	55	*	Scaffold215	225220	225274	55	*
Scaffold59	166390	166456	67	*	Scaffold215	247415	247481	67	*
Scaffold59	101939	101992	54	*	Scaffold215	186577	186630	54	*
Scaffold59	111484	111593	110	*	Scaffold215	198027	198136	110	*
Scaffold59	149183	149242	60	*	Scaffold215	237284	237343	60	*
Scaffold59	142033	142182	150	*	Scaffold215	228827	228976	150	*
Scaffold59	141977	142031	55	*	Scaffold215	228771	228825	55	*
Scaffold59	145946	146000	55	*	Scaffold215	233536	233590	55	*
Scaffold59	205070	205120	51	*	Scaffold215	276827	276877	51	*
Scaffold59	141806	141855	50	*	Scaffold215	228603	228652	50	*
Scaffold59	110652	110709	58	*	Scaffold215	196980	197037	58	*
Scaffold59	166480	166547	68	*	Scaffold215	247505	247572	68	*
Scaffold59	103176	103231	56	*	Scaffold6977	5627	5682	56	*
Scaffold590	4258	4330	73	*	Scaffold470	293463	293535	73	*
Scaffold5904	17225	17278	54	*	Scaffold645	372731	372784	54	*
Scaffold59070	2792	2859	68	*	Scaffold470	293537	293604	68	*
Scaffold59070	2861	2942	82	*	Scaffold470	293454	293535	82	*
Scaffold5913	58718	58773	56	*	Scaffold509	389655	389710	56	*
Scaffold5916	18581	18665	85	*	Scaffold11245	1318	1402	85	*
Scaffold5916	18581	18665	85	*	Scaffold2	48812	48896	85	*
Scaffold5922	4829	4910	82	*	Scaffold1223	64279	64360	82	*
Scaffold5929	13879	13931	53	*	Scaffold1603	163918	163970	53	*
Scaffold5932	32180	32231	52	*	Scaffold1108	70964	71015	52	*
Scaffold5932	32280	32331	52	*	Scaffold1108	71066	71117	52	*
Scaffold5935	47969	48023	55	*	Scaffold140	252009	252063	55	*
Scaffold5935	47966	48024	59	*	Scaffold1700	134872	134930	59	*
Scaffold5935	47969	48024	56	*	Scaffold284	411999	412054	56	*
Scaffold5935	62220	62281	62	*	Scaffold375	395183	395244	62	*
Scaffold5935	47968	48024	57	*	Scaffold405	608169	608225	57	*
Scaffold5935	47964	48029	66	*	Scaffold407	506490	506555	66	*
Scaffold5935	47969	48037	69	*	Scaffold56	117351	117419	69	*
Scaffold5935	47966	48024	59	*	Scaffold977	46385	46443	59	*
Scaffold5941	1450	1499	50	*	Scaffold27542	127	176	50	*
Scaffold5949	51220	51359	140	*	Scaffold558	394187	394326	140	*
Scaffold595	87197	87269	73	*	Scaffold3112	32492	32564	73	*
Scaffold595	88947	88996	50	*	Scaffold38	639012	639061	50	*
Scaffold595	52730	52799	70	*	Scaffold544	607636	607705	70	*
Scaffold5954	56424	56478	55	*	Scaffold105	443119	443173	55	*
Scaffold5954	56480	56543	64	*	Scaffold105	443054	443117	64	*
Scaffold5954	56417	56478	62	*	Scaffold1128	156161	156222	62	*
Scaffold5954	56421	56478	58	*	Scaffold1241	57654	57711	58	*
Scaffold5954	56480	56537	58	*	Scaffold1241	57713	57770	58	*
Scaffold5954	56417	56478	62	*	Scaffold126	435144	435205	62	*
Scaffold5954	56480	56541	62	*	Scaffold126	435081	435142	62	*
Scaffold5954	56480	56538	59	*	Scaffold1708	13430	13488	59	*
Scaffold5954	56421	56478	58	*	Scaffold1708	13371	13428	58	*
Scaffold5954	56480	56542	63	*	Scaffold2123	45594	45656	63	*
Scaffold5954	56422	56478	57	*	Scaffold2123	45536	45592	57	*
Scaffold5954	56480	56529	50	*	Scaffold303	341893	341942	50	*
Scaffold5954	56421	56478	58	*	Scaffold303	341834	341891	58	*
Scaffold5954	56453	56508	56	*	Scaffold3474	45838	45893	56	*
Scaffold59569	259	333	75	*	Scaffold198	603735	603809	75	*
Scaffold59569	184	238	55	*	Scaffold198	603660	603714	55	*
Scaffold5959	4154	4276	123	*	Scaffold2515	6424	6546	123	*
Scaffold5959	9798	9854	57	*	Scaffold454	322506	322562	57	*
Scaffold59698	238	317	80	*	Scaffold71	41623	41702	80	*
Scaffold5970	20147	20234	88	*	Scaffold1831	36627	36714	88	*
Scaffold5970	20986	21114	129	*	Scaffold1831	37475	37603	129	*
Scaffold5970	19068	19126	59	*	Scaffold1831	36197	36255	59	*
Scaffold5970	20547	20692	146	*	Scaffold1831	37036	37181	146	*
Scaffold5970	21563	21634	72	*	Scaffold1831	38056	38127	72	*
Scaffold5970	20265	20333	69	*	Scaffold1831	36745	36813	69	*
Scaffold5970	20351	20505	155	*	Scaffold1831	36840	36994	155	*
Scaffold5970	20694	20810	117	*	Scaffold1831	37183	37299	117	*
Scaffold5970	22393	22649	257	*	Scaffold1831	38904	39160	257	*
Scaffold5970	19011	19066	56	*	Scaffold1831	36140	36195	56	*
Scaffold5970	19148	19206	59	*	Scaffold1831	36277	36335	59	*
Scaffold5970	21692	21746	55	*	Scaffold1831	38185	38239	55	*
Scaffold5970	20904	20977	74	*	Scaffold1831	37393	37466	74	*
Scaffold5970	19324	19403	80	*	Scaffold1831	36454	36533	80	*
Scaffold5970	19640	19709	70	*	Scaffold1831	36770	36839	70	*
Scaffold5970	22393	22649	257	*	Scaffold1831	39754	40010	257	*
Scaffold5970	21214	21313	100	*	Scaffold1831	37707	37806	100	*
Scaffold5970	19237	19323	87	*	Scaffold1831	36366	36452	87	*
Scaffold5970	21329	21475	147	*	Scaffold1831	37822	37968	147	*
Scaffold5970	19405	19638	234	*	Scaffold1831	36535	36768	234	*
Scaffold5970	21144	21213	70	*	Scaffold1831	37636	37705	70	*
Scaffold59754	50	105	56	*	Scaffold1640	237683	237738	56	*
Scaffold5977	5106	5177	72	*	Scaffold2023	91406	91477	72	*
Scaffold5977	4035	4087	53	*	Scaffold963	255881	255933	53	*
Scaffold5977	3357	3419	63	*	Scaffold963	256587	256649	63	*
Scaffold5977	3767	3834	68	*	Scaffold963	256172	256239	68	*
Scaffold5977	4271	4329	59	*	Scaffold963	255639	255697	59	*
Scaffold5978	19192	19247	56	*	Scaffold2782	97740	97795	56	*
Scaffold5978	10716	10780	65	*	Scaffold8375	1229	1293	65	*
Scaffold5978	10716	10780	65	*	Scaffold906	218485	218549	65	*
Scaffold5978	9932	9996	65	*	Scaffold906	218485	218549	65	*
Scaffold5986	80959	81018	60	*	Scaffold2771	120274	120333	60	*
Scaffold5986	54535	54601	67	*	Scaffold3	80767	80833	67	*
Scaffold599	82032	82090	59	*	Scaffold247	366866	366924	59	*
Scaffold599	80245	80301	57	*	Scaffold247	368680	368736	57	*
Scaffold599	96361	96433	73	*	Scaffold247	351688	351760	73	*
Scaffold599	31345	31405	61	*	Scaffold247	392136	392196	61	*
Scaffold599	81102	81157	56	*	Scaffold247	368056	368111	56	*
Scaffold599	61390	61451	62	*	Scaffold247	382595	382656	62	*
Scaffold599	31414	31463	50	*	Scaffold247	392078	392127	50	*
Scaffold599	23900	23949	50	*	Scaffold247	400128	400177	50	*
Scaffold599	65416	65471	56	*	Scaffold247	380451	380506	56	*
Scaffold599	106513	106628	116	*	Scaffold247	344418	344533	116	*
Scaffold599	96215	96316	102	*	Scaffold247	351805	351906	102	*
Scaffold599	60855	60916	62	*	Scaffold247	382595	382656	62	*
Scaffold599	65420	65471	52	*	Scaffold3511	69722	69773	52	*
Scaffold5994	38605	38685	81	*	Scaffold558	389777	389857	81	*
Scaffold5998	644	732	89	*	Scaffold232	368317	368405	89	*
Scaffold5999	255	325	71	*	Scaffold47	291981	292051	71	*
Scaffold60	201430	201486	57	*	Scaffold53	918889	918945	57	*
Scaffold600	110053	110109	57	*	Scaffold1054	130361	130417	57	*
Scaffold600	110053	110114	62	*	Scaffold1109	220133	220194	62	*
Scaffold600	110051	110110	60	*	Scaffold1256	289993	290052	60	*
Scaffold600	110049	110103	55	*	Scaffold1339	208558	208612	55	*
Scaffold600	110054	110110	57	*	Scaffold1485	213326	213382	57	*
Scaffold600	75730	75790	61	*	Scaffold161	548271	548331	61	*
Scaffold600	67112	67166	55	*	Scaffold161	538991	539045	55	*
Scaffold600	39122	39176	55	*	Scaffold161	513479	513533	55	*
Scaffold600	69718	69769	52	*	Scaffold161	541490	541541	52	*
Scaffold600	110060	110113	54	*	Scaffold1732	171467	171520	54	*
Scaffold600	110050	110112	63	*	Scaffold2155	30136	30198	63	*
Scaffold600	110051	110107	57	*	Scaffold296	380971	381027	57	*
Scaffold600	110046	110099	54	*	Scaffold332	142016	142069	54	*
Scaffold600	110047	110114	68	*	Scaffold388	44076	44143	68	*
Scaffold600	110056	110110	55	*	Scaffold39	1204781	1204835	55	*
Scaffold600	110052	110106	55	*	Scaffold453	281264	281318	55	*
Scaffold600	110054	110106	53	*	Scaffold583	396473	396525	53	*
Scaffold600	110060	110116	57	*	Scaffold615	155643	155699	57	*
Scaffold600	110052	110106	55	*	Scaffold90	1	55	55	*
Scaffold6004	79	149	71	*	Scaffold47	291547	291617	71	*
Scaffold6009	13441	13510	70	*	Scaffold301	349189	349258	70	*
Scaffold6009	16907	16959	53	*	Scaffold301	351276	351328	53	*
Scaffold6009	11357	11426	70	*	Scaffold301	349189	349258	70	*
Scaffold601	95253	95308	56	*	Scaffold1529	146595	146650	56	*
Scaffold601	94815	94880	66	*	Scaffold1529	148848	148913	66	*
Scaffold601	95186	95237	52	*	Scaffold1529	146666	146717	52	*
Scaffold601	95169	95219	51	*	Scaffold64	430893	430943	51	*
Scaffold601	95255	95306	52	*	Scaffold64	430979	431030	52	*
Scaffold6013	42556	42607	52	*	Scaffold16	894395	894446	52	*
Scaffold6014	36714	36774	61	*	Scaffold1353	39946	40006	61	*
Scaffold6014	36034	36087	54	*	Scaffold1353	39270	39323	54	*
Scaffold6014	32898	32957	60	*	Scaffold1847	7524	7583	60	*
Scaffold6014	32836	32887	52	*	Scaffold1847	15092	15143	52	*
Scaffold6014	35515	35565	51	*	Scaffold1847	5800	5850	51	*
Scaffold6014	32836	32895	60	*	Scaffold1847	7586	7645	60	*
Scaffold6018	2657	2735	79	*	Scaffold1916	166899	166977	79	*
Scaffold6018	2403	2468	66	*	Scaffold1916	166786	166851	66	*
Scaffold6018	2899	3014	116	*	Scaffold1916	167092	167207	116	*
Scaffold6018	2657	2735	79	*	Scaffold2730	27494	27572	79	*
Scaffold6018	2899	3014	116	*	Scaffold2730	27686	27801	116	*
Scaffold6018	2789	2843	55	*	Scaffold2730	27576	27630	55	*
Scaffold6022	24283	24361	79	*	Scaffold345	913992	914070	79	*
Scaffold6022	24283	24364	82	*	Scaffold558	389800	389881	82	*
Scaffold6023	755	806	52	*	Scaffold1642	136709	136760	52	*
Scaffold60259	465	521	57	*	Scaffold16	669150	669206	57	*
Scaffold6033	22958	23010	53	*	Scaffold397	22541	22593	53	*
Scaffold6033	27721	27782	62	*	Scaffold397	20900	20961	62	*
Scaffold6033	43953	44013	61	*	Scaffold77	7901	7961	61	*
Scaffold60339	157	216	60	*	Scaffold636	558171	558230	60	*
Scaffold6035	66344	66427	84	*	Scaffold640	564877	564960	84	*
Scaffold6035	88812	88874	63	*	Scaffold640	545026	545088	63	*
Scaffold6035	99462	99524	63	*	Scaffold640	535632	535694	63	*
Scaffold6035	63510	63570	61	*	Scaffold640	567840	567900	61	*
Scaffold6035	72538	72587	50	*	Scaffold640	558864	558913	50	*
Scaffold6035	63622	63681	60	*	Scaffold640	567729	567788	60	*
Scaffold6035	88886	88936	51	*	Scaffold640	544964	545014	51	*
Scaffold6035	59844	59897	54	*	Scaffold640	571080	571133	54	*
Scaffold6035	103365	103451	87	*	Scaffold640	531913	531999	87	*
Scaffold6035	96701	96760	60	*	Scaffold640	538317	538376	60	*
Scaffold6035	57465	57528	64	*	Scaffold640	572979	573042	64	*
Scaffold6035	110265	110344	80	*	Scaffold640	525131	525210	80	*
Scaffold6035	47000	47050	51	*	Scaffold640	338663	338713	51	*
Scaffold6035	68023	68074	52	*	Scaffold640	562924	562975	52	*
Scaffold6035	51698	51808	111	*	Scaffold640	578069	578179	111	*
Scaffold6035	69784	69898	115	*	Scaffold640	561155	561269	115	*
Scaffold6035	88354	88426	73	*	Scaffold640	545511	545583	73	*
Scaffold6035	70145	70282	138	*	Scaffold640	560779	560916	138	*
Scaffold6035	50578	50629	52	*	Scaffold640	579354	579405	52	*
Scaffold6035	71270	71384	115	*	Scaffold640	559718	559832	115	*
Scaffold6035	99145	99229	85	*	Scaffold640	535937	536021	85	*
Scaffold6035	56491	56601	111	*	Scaffold640	574133	574243	111	*
Scaffold6035	120596	120650	55	*	Scaffold640	511097	511151	55	*
Scaffold6035	46781	46831	51	*	Scaffold640	338428	338478	51	*
Scaffold6035	47434	47489	56	*	Scaffold640	339158	339213	56	*
Scaffold6035	67761	67918	158	*	Scaffold640	563071	563228	158	*
Scaffold6035	76927	76993	67	*	Scaffold640	554852	554918	67	*
Scaffold6035	50751	50801	51	*	Scaffold640	579185	579235	51	*
Scaffold6036	24146	24197	52	*	Scaffold164	730246	730297	52	*
Scaffold6037	10956	11018	63	*	Scaffold1826	20868	20930	63	*
Scaffold6037	10956	11018	63	*	Scaffold892	247223	247285	63	*
Scaffold6041	51973	52029	57	*	Scaffold252	335685	335741	57	*
Scaffold6041	91794	91859	66	*	Scaffold252	363300	363365	66	*
Scaffold6041	57684	57744	61	*	Scaffold252	341227	341287	61	*
Scaffold6041	83928	84011	84	*	Scaffold252	359961	360044	84	*
Scaffold6041	52037	52091	55	*	Scaffold252	335749	335803	55	*
Scaffold6041	48176	48235	60	*	Scaffold252	329910	329969	60	*
Scaffold6041	44614	44670	57	*	Scaffold252	326386	326442	57	*
Scaffold6041	50554	50645	92	*	Scaffold252	334485	334576	92	*
Scaffold6041	84013	84077	65	*	Scaffold252	360046	360110	65	*
Scaffold6041	71357	71406	50	*	Scaffold252	349432	349481	50	*
Scaffold6045	51380	51473	94	*	Scaffold588	68644	68737	94	*
Scaffold60454	2	59	58	*	Scaffold413	8591	8648	58	*
Scaffold6048	23064	23126	63	*	Scaffold125	227559	227621	63	*
Scaffold6048	23489	23538	50	*	Scaffold1250	31362	31411	50	*
Scaffold605	65312	65364	53	*	Scaffold1112	78110	78162	53	*
Scaffold605	65150	65208	59	*	Scaffold1223	64386	64444	59	*
Scaffold605	65327	65376	50	*	Scaffold1223	64218	64267	50	*
Scaffold605	65234	65307	74	*	Scaffold1223	64287	64360	74	*
Scaffold605	65188	65245	58	*	Scaffold1321	5228	5285	58	*
Scaffold605	65037	65088	52	*	Scaffold1352	111857	111908	52	*
Scaffold605	65313	65363	51	*	Scaffold151	816540	816590	51	*
Scaffold605	65172	65222	51	*	Scaffold151	816394	816444	51	*
Scaffold605	65154	65204	51	*	Scaffold1562	5242	5292	51	*
Scaffold605	65328	65384	57	*	Scaffold1562	5416	5472	57	*
Scaffold605	65270	65319	50	*	Scaffold1562	5358	5407	50	*
Scaffold605	179573	179630	58	*	Scaffold1694	136293	136350	58	*
Scaffold605	65183	65237	55	*	Scaffold1733	232747	232801	55	*
Scaffold605	65087	65157	71	*	Scaffold1733	232651	232721	71	*
Scaffold605	65295	65349	55	*	Scaffold1733	232858	232912	55	*
Scaffold605	65208	65262	55	*	Scaffold1747	5283	5337	55	*
Scaffold605	65573	65624	52	*	Scaffold1747	4920	4971	52	*
Scaffold605	65378	65427	50	*	Scaffold18	332338	332387	50	*
Scaffold605	65172	65244	73	*	Scaffold2526	158684	158756	73	*
Scaffold605	65561	65623	63	*	Scaffold2526	158304	158366	63	*
Scaffold605	65267	65329	63	*	Scaffold2526	158599	158661	63	*
Scaffold605	65076	65142	67	*	Scaffold2526	158787	158853	67	*
Scaffold605	65042	65111	70	*	Scaffold2598	43303	43372	70	*
Scaffold605	65308	65384	77	*	Scaffold310	230404	230480	77	*
Scaffold605	65321	65388	68	*	Scaffold3444	53483	53550	68	*
Scaffold605	65031	65088	58	*	Scaffold375	395124	395181	58	*
Scaffold605	65090	65165	76	*	Scaffold375	395183	395258	76	*
Scaffold605	142298	142350	53	*	Scaffold4	598171	598223	53	*
Scaffold605	182273	182326	54	*	Scaffold425	255709	255762	54	*
Scaffold605	163091	163140	50	*	Scaffold425	272940	272989	50	*
Scaffold605	170609	170682	74	*	Scaffold425	265169	265242	74	*
Scaffold605	117616	117673	58	*	Scaffold425	309085	309142	58	*
Scaffold605	119516	119573	58	*	Scaffold425	307822	307879	58	*
Scaffold605	165356	165414	59	*	Scaffold425	270694	270752	59	*
Scaffold605	184982	185032	51	*	Scaffold425	253153	253203	51	*
Scaffold605	157709	157758	50	*	Scaffold425	278983	279032	50	*
Scaffold605	185034	185187	154	*	Scaffold425	252998	253151	154	*
Scaffold605	117737	117822	86	*	Scaffold425	308936	309021	86	*
Scaffold605	182776	182825	50	*	Scaffold425	254678	254727	50	*
Scaffold605	158687	158738	52	*	Scaffold425	277859	277910	52	*
Scaffold605	150157	150227	71	*	Scaffold425	283456	283526	71	*
Scaffold605	176701	176752	52	*	Scaffold425	260245	260296	52	*
Scaffold605	65255	65307	53	*	Scaffold4473	6376	6428	53	*
Scaffold605	65273	65330	58	*	Scaffold685	426457	426514	58	*
Scaffold605	65031	65094	64	*	Scaffold685	426693	426756	64	*
Scaffold605	65112	65173	62	*	Scaffold7190	2061	2122	62	*
Scaffold605	65175	65224	50	*	Scaffold7190	2124	2173	50	*
Scaffold6052	27500	27551	52	*	Scaffold2921	26607	26658	52	*
Scaffold6052	57204	57259	56	*	Scaffold408	292305	292360	56	*
Scaffold6052	78412	78480	69	*	Scaffold408	312747	312815	69	*
Scaffold6054	13978	14028	51	*	Scaffold1496	386114	386164	51	*
Scaffold6054	26511	26573	63	*	Scaffold1496	397528	397590	63	*
Scaffold6054	14131	14270	140	*	Scaffold1496	386262	386401	140	*
Scaffold6054	39644	39695	52	*	Scaffold5191	8347	8398	52	*
Scaffold6054	39745	39808	64	*	Scaffold5191	8449	8512	64	*
Scaffold6063	49305	49364	60	*	Scaffold249	188750	188809	60	*
Scaffold6064	32231	32289	59	*	Scaffold2768	1831	1889	59	*
Scaffold60668	188	241	54	*	Scaffold688	123291	123344	54	*
Scaffold607	137650	137724	75	*	Scaffold605	286432	286506	75	*
Scaffold607	154038	154094	57	*	Scaffold605	274439	274495	57	*
Scaffold607	75076	75128	53	*	Scaffold605	351540	351592	53	*
Scaffold607	177584	177635	52	*	Scaffold8	556669	556720	52	*
Scaffold6075	48389	48482	94	*	Scaffold636	164886	164979	94	*
Scaffold608	31069	31120	52	*	Scaffold198	603769	603820	52	*
Scaffold6080	49562	49628	67	*	Scaffold113	356483	356549	67	*
Scaffold6082	1598	1652	55	*	Scaffold10	1283424	1283478	55	*
Scaffold6082	13086	13157	72	*	Scaffold10	1290758	1290829	72	*
Scaffold6082	15660	15734	75	*	Scaffold10	1292863	1292937	75	*
Scaffold6082	41069	41126	58	*	Scaffold10	1309930	1309987	58	*
Scaffold6082	3155	3209	55	*	Scaffold10	1283424	1283478	55	*
Scaffold6086	15456	15526	71	*	Scaffold421	343534	343604	71	*
Scaffold6088	33611	33686	76	*	Scaffold3316	11056	11131	76	*
Scaffold6088	33675	33730	56	*	Scaffold346	128973	129028	56	*
Scaffold60888	60	133	74	*	Scaffold1400	94721	94794	74	*
Scaffold60888	105	157	53	*	Scaffold170	3597	3649	53	*
Scaffold60888	51	156	106	*	Scaffold252	536859	536964	106	*
Scaffold60888	51	122	72	*	Scaffold477	121828	121899	72	*
Scaffold60888	51	123	73	*	Scaffold507	187912	187984	73	*
Scaffold6091	44598	44669	72	*	Scaffold379	151312	151383	72	*
Scaffold6099	20218	20274	57	*	Scaffold248	201157	201213	57	*
Scaffold61	32563	32623	61	*	Scaffold912	55130	55190	61	*
Scaffold61	32567	32623	57	*	Scaffold912	61718	61774	57	*
Scaffold610	127841	127890	50	*	Scaffold879	173581	173630	50	*
Scaffold6100	37553	37604	52	*	Scaffold157	703954	704005	52	*
Scaffold6100	18615	18667	53	*	Scaffold176	602165	602217	53	*
Scaffold6100	37532	37598	67	*	Scaffold311	688346	688412	67	*
Scaffold6100	37533	37587	55	*	Scaffold407	529126	529180	55	*
Scaffold6100	37528	37605	78	*	Scaffold413	83042	83119	78	*
Scaffold6100	37531	37585	55	*	Scaffold72	17809	17863	55	*
Scaffold6100	37532	37605	74	*	Scaffold775	113812	113885	74	*
Scaffold6100	37538	37604	67	*	Scaffold8789	15910	15976	67	*
Scaffold6100	37538	37604	67	*	Scaffold940	261056	261122	67	*
Scaffold6105	18855	18918	64	*	Scaffold366	140014	140077	64	*
Scaffold6109	2533	2583	51	*	Scaffold131	950184	950234	51	*
Scaffold6109	8383	8524	142	*	Scaffold131	956136	956277	142	*
Scaffold611	83439	83490	52	*	Scaffold749	140757	140808	52	*
Scaffold6110	13239	13290	52	*	Scaffold1472	23463	23514	52	*
Scaffold6116	27570	27623	54	*	Scaffold501	315987	316040	54	*
Scaffold6116	29013	29063	51	*	Scaffold501	313316	313366	51	*
Scaffold61187	21	88	68	*	Scaffold16714	11268	11335	68	*
Scaffold6123	3609	3661	53	*	Scaffold2131	73831	73883	53	*
Scaffold6132	38397	38463	67	*	Scaffold58	581986	582052	67	*
Scaffold6137	30293	30346	54	*	Scaffold52	411560	411613	54	*
Scaffold6141	15930	15979	50	*	Scaffold468	69254	69303	50	*
Scaffold6148	48331	48394	64	*	Scaffold5191	8368	8431	64	*
Scaffold615	157380	157492	113	*	Scaffold3112	32303	32415	113	*
Scaffold615	50269	50350	82	*	Scaffold3316	11050	11131	82	*
Scaffold615	66540	66595	56	*	Scaffold478	518815	518870	56	*
Scaffold615	172773	172845	73	*	Scaffold858	422029	422101	73	*
Scaffold615	139593	139656	64	*	Scaffold858	404429	404492	64	*
Scaffold615	139779	139841	63	*	Scaffold858	404615	404677	63	*
Scaffold6152	23130	23184	55	*	Scaffold13	292897	292951	55	*
Scaffold6152	23190	23254	65	*	Scaffold13	292956	293020	65	*
Scaffold6152	23037	23109	73	*	Scaffold13	292804	292876	73	*
Scaffold6153	66969	67018	50	*	Scaffold24312	3808	3857	50	*
Scaffold6153	39841	39899	59	*	Scaffold55	676218	676276	59	*
Scaffold6153	66969	67018	50	*	Scaffold55	696684	696733	50	*
Scaffold61575	57	112	56	*	Scaffold408	42199	42254	56	*
Scaffold6165	1018	1073	56	*	Scaffold718	294648	294703	56	*
Scaffold6170	27323	27381	59	*	Scaffold1162	76256	76314	59	*
Scaffold6176	95326	95411	86	*	Scaffold1301	316528	316613	86	*
Scaffold6176	95286	95336	51	*	Scaffold13431	1160	1210	51	*
Scaffold6176	95213	95271	59	*	Scaffold3540	19401	19459	59	*
Scaffold6176	95224	95336	113	*	Scaffold5191	8398	8510	113	*
Scaffold6176	95339	95433	95	*	Scaffold5191	8301	8395	95	*
Scaffold6179	12884	12973	90	*	Scaffold1562	5318	5407	90	*
Scaffold6182	20236	20286	51	*	Scaffold848	280159	280209	51	*
Scaffold6182	50481	50540	60	*	Scaffold848	252344	252403	60	*
Scaffold6182	42095	42171	77	*	Scaffold848	258166	258242	77	*
Scaffold6182	36177	36227	51	*	Scaffold848	264106	264156	51	*
Scaffold6182	17950	18003	54	*	Scaffold848	283026	283079	54	*
Scaffold6183	13778	13827	50	*	Scaffold18	332338	332387	50	*
Scaffold6183	13799	13854	56	*	Scaffold634	78802	78857	56	*
Scaffold6183	14175	14224	50	*	Scaffold725	145513	145562	50	*
Scaffold6187	9840	9895	56	*	Scaffold1368	132894	132949	56	*
Scaffold6188	96161	96223	63	*	Scaffold500	124777	124839	63	*
Scaffold6188	107247	107296	50	*	Scaffold692	357966	358015	50	*
Scaffold6188	127904	127953	50	*	Scaffold692	329381	329430	50	*
Scaffold6188	37551	37602	52	*	Scaffold692	426094	426145	52	*
Scaffold619	12738	12788	51	*	Scaffold103	701347	701397	51	*
Scaffold619	12736	12795	60	*	Scaffold1053	17006	17065	60	*
Scaffold619	12733	12783	51	*	Scaffold1053	123537	123587	51	*
Scaffold619	12503	12575	73	*	Scaffold107	185597	185669	73	*
Scaffold619	12733	12787	55	*	Scaffold1125	147992	148046	55	*
Scaffold619	12719	12791	73	*	Scaffold113	663701	663773	73	*
Scaffold619	12713	12786	74	*	Scaffold1142	281354	281427	74	*
Scaffold619	12733	12787	55	*	Scaffold1165	212387	212441	55	*
Scaffold619	12705	12767	63	*	Scaffold1165	117802	117864	63	*
Scaffold619	12732	12786	55	*	Scaffold131	934377	934431	55	*
Scaffold619	12530	12581	52	*	Scaffold131	512298	512349	52	*
Scaffold619	12491	12562	72	*	Scaffold1350	127864	127935	72	*
Scaffold619	12735	12786	52	*	Scaffold1370	23764	23815	52	*
Scaffold619	12716	12770	55	*	Scaffold1396	74547	74601	55	*
Scaffold619	12525	12582	58	*	Scaffold1488	90199	90256	58	*
Scaffold619	12678	12778	101	*	Scaffold150	220573	220673	101	*
Scaffold619	12669	12761	93	*	Scaffold1545	138263	138355	93	*
Scaffold619	12724	12779	56	*	Scaffold15716	3538	3593	56	*
Scaffold619	12730	12786	57	*	Scaffold162	559267	559323	57	*
Scaffold619	12739	12794	56	*	Scaffold17	864885	864940	56	*
Scaffold619	12736	12791	56	*	Scaffold1726	50530	50585	56	*
Scaffold619	12739	12795	57	*	Scaffold1764	185481	185537	57	*
Scaffold619	12721	12787	67	*	Scaffold177	656673	656739	67	*
Scaffold619	12717	12769	53	*	Scaffold179	514159	514211	53	*
Scaffold619	12513	12563	51	*	Scaffold186	14885	14935	51	*
Scaffold619	12735	12787	53	*	Scaffold1878	33324	33376	53	*
Scaffold619	12718	12783	66	*	Scaffold190	233948	234013	66	*
Scaffold619	12518	12578	61	*	Scaffold1957	260231	260291	61	*
Scaffold619	71223	71304	82	*	Scaffold198	95781	95862	82	*
Scaffold619	12719	12781	63	*	Scaffold20	477433	477495	63	*
Scaffold619	12729	12784	56	*	Scaffold201	200024	200079	56	*
Scaffold619	12727	12787	61	*	Scaffold214	243140	243200	61	*
Scaffold619	12718	12787	70	*	Scaffold2335	111597	111666	70	*
Scaffold619	12733	12784	52	*	Scaffold26	1009055	1009106	52	*
Scaffold619	12636	12776	141	*	Scaffold2634	24217	24357	141	*
Scaffold619	12720	12773	54	*	Scaffold299	96012	96065	54	*
Scaffold619	12579	12638	60	*	Scaffold3	747422	747481	60	*
Scaffold619	12677	12787	111	*	Scaffold3	747273	747383	111	*
Scaffold619	12734	12787	54	*	Scaffold306	488567	488620	54	*
Scaffold619	12683	12735	53	*	Scaffold306	516788	516840	53	*
Scaffold619	12674	12758	85	*	Scaffold3211	27124	27208	85	*
Scaffold619	15888	15941	54	*	Scaffold356	210323	210376	54	*
Scaffold619	12719	12787	69	*	Scaffold369	335189	335257	69	*
Scaffold619	12731	12784	54	*	Scaffold396	197582	197635	54	*
Scaffold619	12726	12784	59	*	Scaffold41	105911	105969	59	*
Scaffold619	12521	12576	56	*	Scaffold4150	26038	26093	56	*
Scaffold619	12739	12791	53	*	Scaffold418	138407	138459	53	*
Scaffold619	12735	12791	57	*	Scaffold429	108334	108390	57	*
Scaffold619	12526	12586	61	*	Scaffold451	597561	597621	61	*
Scaffold619	12733	12788	56	*	Scaffold505	153012	153067	56	*
Scaffold619	12495	12549	55	*	Scaffold53	609751	609805	55	*
Scaffold619	12495	12549	55	*	Scaffold53	599365	599419	55	*
Scaffold619	12524	12584	61	*	Scaffold547	342080	342140	61	*
Scaffold619	12728	12786	59	*	Scaffold561	309520	309578	59	*
Scaffold619	12723	12788	66	*	Scaffold579	474226	474291	66	*
Scaffold619	12730	12787	58	*	Scaffold583	262826	262883	58	*
Scaffold619	12514	12572	59	*	Scaffold627	145343	145401	59	*
Scaffold619	12651	12702	52	*	Scaffold6343	3623	3674	52	*
Scaffold619	12734	12787	54	*	Scaffold6358	1925	1978	54	*
Scaffold619	12524	12587	64	*	Scaffold670	217143	217206	64	*
Scaffold619	12731	12782	52	*	Scaffold72	1107407	1107458	52	*
Scaffold619	12724	12779	56	*	Scaffold779	68953	69008	56	*
Scaffold619	12738	12787	50	*	Scaffold78	587658	587707	50	*
Scaffold619	12729	12781	53	*	Scaffold788	175443	175495	53	*
Scaffold619	12687	12747	61	*	Scaffold790	147430	147490	61	*
Scaffold619	12733	12791	59	*	Scaffold8170	1525	1583	59	*
Scaffold619	12551	12606	56	*	Scaffold84	262877	262932	56	*
Scaffold619	12736	12790	55	*	Scaffold856	176704	176758	55	*
Scaffold619	12525	12583	59	*	Scaffold865	125059	125117	59	*
Scaffold619	12502	12554	53	*	Scaffold880	232913	232965	53	*
Scaffold619	12494	12571	78	*	Scaffold90	1173095	1173172	78	*
Scaffold619	12736	12793	58	*	Scaffold957	268850	268907	58	*
Scaffold619	12491	12546	56	*	Scaffold996	220118	220173	56	*
Scaffold6197	919	969	51	*	Scaffold231	441526	441576	51	*
Scaffold6197	2278	2328	51	*	Scaffold231	441526	441576	51	*
Scaffold6197	9394	9448	55	*	Scaffold477	136670	136724	55	*
Scaffold61993	225	285	61	*	Scaffold10	1872308	1872368	61	*
Scaffold620	35880	35931	52	*	Scaffold126	435098	435149	52	*
Scaffold620	2153	2207	55	*	Scaffold881	237594	237648	55	*
Scaffold620	9079	9129	51	*	Scaffold881	232941	232991	51	*
Scaffold6202	40046	40103	58	*	Scaffold6144	2404	2461	58	*
Scaffold6202	40046	40098	53	*	Scaffold824	171539	171591	53	*
Scaffold6204	32347	32421	75	*	Scaffold1029	389920	389994	75	*
Scaffold6204	13615	13670	56	*	Scaffold1029	370252	370307	56	*
Scaffold6204	14593	14648	56	*	Scaffold1029	370252	370307	56	*
Scaffold6204	32526	32585	60	*	Scaffold1029	390099	390158	60	*
Scaffold6205	69871	69977	107	*	Scaffold57	406648	406754	107	*
Scaffold6205	56317	56371	55	*	Scaffold57	395503	395557	55	*
Scaffold621	109520	109569	50	*	Scaffold102	280017	280066	50	*
Scaffold621	12153	12211	59	*	Scaffold102	384043	384101	59	*
Scaffold6215	8632	8691	60	*	Scaffold1256	276388	276447	60	*
Scaffold6215	8176	8226	51	*	Scaffold1256	276842	276892	51	*
Scaffold62198	152	215	64	*	Scaffold636	50946	51009	64	*
Scaffold6220	3308	3365	58	*	Scaffold65	681077	681134	58	*
Scaffold6230	31030	31082	53	*	Scaffold91	167149	167201	53	*
Scaffold6231	4216	4266	51	*	Scaffold222	146607	146657	51	*
Scaffold62338	124	178	55	*	Scaffold1223	64367	64421	55	*
Scaffold624	87238	87292	55	*	Scaffold7590	1417	1471	55	*
Scaffold6241	3845	3897	53	*	Scaffold238	577028	577080	53	*
Scaffold6242	10249	10300	52	*	Scaffold1140	114703	114754	52	*
Scaffold6242	10235	10476	242	*	Scaffold198	603579	603820	242	*
Scaffold6242	33348	33401	54	*	Scaffold376	56155	56208	54	*
Scaffold6242	23013	23063	51	*	Scaffold376	52362	52412	51	*
Scaffold6242	45521	45574	54	*	Scaffold376	76222	76275	54	*
Scaffold6245	7706	7760	55	*	Scaffold558	389838	389892	55	*
Scaffold6246	34682	34731	50	*	Scaffold395	186464	186513	50	*
Scaffold6246	34682	34731	50	*	Scaffold395	191569	191618	50	*
Scaffold625	23941	23994	54	*	Scaffold1379	128899	128952	54	*
Scaffold625	27704	27757	54	*	Scaffold1379	126827	126880	54	*
Scaffold625	106375	106426	52	*	Scaffold1379	72870	72921	52	*
Scaffold625	94315	94373	59	*	Scaffold1379	78297	78355	59	*
Scaffold625	27596	27651	56	*	Scaffold1379	126933	126988	56	*
Scaffold625	104122	104179	58	*	Scaffold1379	74651	74708	58	*
Scaffold625	107178	107251	74	*	Scaffold1379	71656	71729	74	*
Scaffold625	59161	59215	55	*	Scaffold1379	106267	106321	55	*
Scaffold625	129195	129268	74	*	Scaffold1379	56114	56187	74	*
Scaffold625	97686	97744	59	*	Scaffold1379	78297	78355	59	*
Scaffold625	9612	9668	57	*	Scaffold26366	5562	5618	57	*
Scaffold625	8427	8483	57	*	Scaffold26366	5562	5618	57	*
Scaffold6251	443	540	98	*	Scaffold688	11394	11491	98	*
Scaffold626	93454	93522	69	*	Scaffold132	602033	602101	69	*
Scaffold626	119447	119500	54	*	Scaffold132	651004	651057	54	*
Scaffold6264	5930	5979	50	*	Scaffold82	184202	184251	50	*
Scaffold6264	5930	5979	50	*	Scaffold82	176211	176260	50	*
Scaffold62665	629	694	66	*	Scaffold114	642485	642550	66	*
Scaffold62665	638	689	52	*	Scaffold124	312499	312550	52	*
Scaffold62665	637	686	50	*	Scaffold1978	49084	49133	50	*
Scaffold62665	633	690	58	*	Scaffold882	312790	312847	58	*
Scaffold62665	760	820	61	*	Scaffold882	312918	312978	61	*
Scaffold627	61227	61282	56	*	Scaffold876	296632	296687	56	*
Scaffold6276	5680	5731	52	*	Scaffold1354	51391	51442	52	*
Scaffold6278	2448	2497	50	*	Scaffold455	101430	101479	50	*
Scaffold628	93103	93158	56	*	Scaffold2165	97988	98043	56	*
Scaffold628	204723	204785	63	*	Scaffold3227	56965	57027	63	*
Scaffold628	204723	204785	63	*	Scaffold3227	59209	59271	63	*
Scaffold628	253891	253944	54	*	Scaffold3227	1785	1838	54	*
Scaffold6280	1720	1774	55	*	Scaffold248	201144	201198	55	*
Scaffold6296	42496	42551	56	*	Scaffold1223	64302	64357	56	*
Scaffold6296	22385	22463	79	*	Scaffold1321	4827	4905	79	*
Scaffold6297	49524	49585	62	*	Scaffold1495	107908	107969	62	*
Scaffold6297	48535	48587	53	*	Scaffold1495	101193	101245	53	*
Scaffold6297	54204	54306	103	*	Scaffold18	331973	332075	103	*
Scaffold6297	33920	33971	52	*	Scaffold22659	108	159	52	*
Scaffold6297	51206	51256	51	*	Scaffold253	158544	158594	51	*
Scaffold6297	56944	57001	58	*	Scaffold253	154076	154133	58	*
Scaffold6297	55240	55290	51	*	Scaffold2809	4990	5040	51	*
Scaffold6297	55647	55702	56	*	Scaffold365	594161	594216	56	*
Scaffold6297	55508	55569	62	*	Scaffold365	593926	593987	62	*
Scaffold6298	20559	20610	52	*	Scaffold756	198413	198464	52	*
Scaffold63	152334	152384	51	*	Scaffold1763	123957	124007	51	*
Scaffold63	29370	29458	89	*	Scaffold73	10928	11016	89	*
Scaffold630	45820	45869	50	*	Scaffold360	112057	112106	50	*
Scaffold630	45891	45957	67	*	Scaffold360	111968	112034	67	*
Scaffold6308	14632	14685	54	*	Scaffold73	10983	11036	54	*
Scaffold631	66218	66267	50	*	Scaffold345	594137	594186	50	*
Scaffold631	62458	62509	52	*	Scaffold345	590089	590140	52	*
Scaffold6313	2693	2746	54	*	Scaffold303	341893	341946	54	*
Scaffold63174	254	317	64	*	Scaffold1331	167956	168019	64	*
Scaffold632	28899	28957	59	*	Scaffold127	301501	301559	59	*
Scaffold632	28396	28460	65	*	Scaffold127	301648	301712	65	*
Scaffold632	28615	28667	53	*	Scaffold602	67378	67430	53	*
Scaffold63204	464	516	53	*	Scaffold1225	21687	21739	53	*
Scaffold63204	456	514	59	*	Scaffold55	514339	514397	59	*
Scaffold6327	76963	77104	142	*	Scaffold1640	188932	189073	142	*
Scaffold6327	58555	58627	73	*	Scaffold1640	206258	206330	73	*
Scaffold6327	52929	53003	75	*	Scaffold1640	211744	211818	75	*
Scaffold6327	52836	52909	74	*	Scaffold1640	211836	211909	74	*
Scaffold6327	53029	53110	82	*	Scaffold1640	211637	211718	82	*
Scaffold6327	67034	67085	52	*	Scaffold1640	198039	198090	52	*
Scaffold6327	63589	63649	61	*	Scaffold1640	201809	201869	61	*
Scaffold6327	12088	12174	87	*	Scaffold1640	251183	251269	87	*
Scaffold6327	51238	51365	128	*	Scaffold1640	213245	213372	128	*
Scaffold6327	65529	65592	64	*	Scaffold1640	199617	199680	64	*
Scaffold6327	34296	34356	61	*	Scaffold1640	230281	230341	61	*
Scaffold6327	13881	13939	59	*	Scaffold1640	249092	249150	59	*
Scaffold6327	66750	66827	78	*	Scaffold1640	198299	198376	78	*
Scaffold6327	65594	65653	60	*	Scaffold1640	199556	199615	60	*
Scaffold6327	72678	72742	65	*	Scaffold1640	193697	193761	65	*
Scaffold6327	51045	51109	65	*	Scaffold1640	213505	213569	65	*
Scaffold6327	13954	14012	59	*	Scaffold1640	249019	249077	59	*
Scaffold6327	72187	72260	74	*	Scaffold1640	194179	194252	74	*
Scaffold6327	62992	63084	93	*	Scaffold1640	202363	202455	93	*
Scaffold6327	12181	12231	51	*	Scaffold1640	251126	251176	51	*
Scaffold6327	8209	8258	50	*	Scaffold1640	254007	254056	50	*
Scaffold6328	7159	7230	72	*	Scaffold1640	170945	171016	72	*
Scaffold6328	7036	7092	57	*	Scaffold1640	171082	171138	57	*
Scaffold6328	5468	5530	63	*	Scaffold1640	172654	172716	63	*
Scaffold6328	1076	1183	108	*	Scaffold1640	177302	177409	108	*
Scaffold6328	1021	1074	54	*	Scaffold1640	177411	177464	54	*
Scaffold6328	1929	1996	68	*	Scaffold1640	176461	176528	68	*
Scaffold6334	11587	11641	55	*	Scaffold98	7340	7394	55	*
Scaffold6338	27783	27833	51	*	Scaffold1217	143793	143843	51	*
Scaffold6338	28250	28330	81	*	Scaffold1217	144258	144338	81	*
Scaffold6338	28031	28173	143	*	Scaffold1217	144036	144178	143	*
Scaffold6338	27965	28025	61	*	Scaffold1217	143970	144030	61	*
Scaffold6338	27238	27303	66	*	Scaffold1217	142668	142733	66	*
Scaffold6338	34757	34807	51	*	Scaffold1327	81748	81798	51	*
Scaffold6338	34335	34418	84	*	Scaffold1327	81269	81352	84	*
Scaffold6338	34051	34104	54	*	Scaffold1327	80988	81041	54	*
Scaffold6338	33712	33806	95	*	Scaffold1327	80691	80785	95	*
Scaffold6338	34121	34180	60	*	Scaffold1327	81058	81117	60	*
Scaffold6338	30301	30401	101	*	Scaffold162	25552	25652	101	*
Scaffold6338	36876	36975	100	*	Scaffold2014	75775	75874	100	*
Scaffold6338	30847	30910	64	*	Scaffold2014	112197	112260	64	*
Scaffold6338	34110	34180	71	*	Scaffold2014	83079	83149	71	*
Scaffold6338	32356	32409	54	*	Scaffold2014	110644	110697	54	*
Scaffold6338	29207	29260	54	*	Scaffold2014	113004	113057	54	*
Scaffold6338	27783	27833	51	*	Scaffold2014	116397	116447	51	*
Scaffold6338	28031	28173	143	*	Scaffold2014	116062	116204	143	*
Scaffold6338	32801	32865	65	*	Scaffold2014	110195	110259	65	*
Scaffold6338	30293	30411	119	*	Scaffold2014	112727	112845	119	*
Scaffold6338	33086	33225	140	*	Scaffold2014	109915	110054	140	*
Scaffold6338	28250	28330	81	*	Scaffold2014	115899	115979	81	*
Scaffold6338	34335	34418	84	*	Scaffold2014	82844	82927	84	*
Scaffold6338	31128	31200	73	*	Scaffold2014	111904	111976	73	*
Scaffold6338	34051	34104	54	*	Scaffold2014	83155	83208	54	*
Scaffold6338	31863	31968	106	*	Scaffold2014	111089	111194	106	*
Scaffold6338	35162	35236	75	*	Scaffold2014	78473	78547	75	*
Scaffold6338	37562	37621	60	*	Scaffold2014	75064	75123	60	*
Scaffold6338	30945	30995	51	*	Scaffold2014	112113	112163	51	*
Scaffold6338	27965	28025	61	*	Scaffold2014	116210	116270	61	*
Scaffold6338	32411	32471	61	*	Scaffold2014	110582	110642	61	*
Scaffold6338	37464	37522	59	*	Scaffold2014	75178	75236	59	*
Scaffold6338	36794	36849	56	*	Scaffold2014	75901	75956	56	*
Scaffold6338	31989	32057	69	*	Scaffold2014	110999	111067	69	*
Scaffold6338	35043	35145	103	*	Scaffold2014	78564	78666	103	*
Scaffold6338	31304	31413	110	*	Scaffold2014	111691	111800	110	*
Scaffold6338	37211	37289	79	*	Scaffold2014	75414	75492	79	*
Scaffold6338	33716	33770	55	*	Scaffold2256	72783	72837	55	*
Scaffold6338	34110	34180	71	*	Scaffold2256	72412	72482	71	*
Scaffold6338	34051	34104	54	*	Scaffold2256	72488	72541	54	*
Scaffold6338	27965	28029	65	*	Scaffold2754	37981	38045	65	*
Scaffold6338	27783	27833	51	*	Scaffold2754	37804	37854	51	*
Scaffold6338	28031	28140	110	*	Scaffold2754	38047	38156	110	*
Scaffold6341	64155	64209	55	*	Scaffold1789	119509	119563	55	*
Scaffold6353	4185	4246	62	*	Scaffold360	186254	186315	62	*
Scaffold63553	37	91	55	*	Scaffold113	356669	356723	55	*
Scaffold63553	93	192	100	*	Scaffold113	356568	356667	100	*
Scaffold636	38238	38296	59	*	Scaffold1674	37768	37826	59	*
Scaffold6364	17866	17936	71	*	Scaffold10	1374569	1374639	71	*
Scaffold6364	18018	18084	67	*	Scaffold10	1374425	1374491	67	*
Scaffold6364	17941	18013	73	*	Scaffold10	1374492	1374564	73	*
Scaffold6364	17842	17913	72	*	Scaffold1053	298509	298580	72	*
Scaffold6364	17866	17936	71	*	Scaffold1168	150501	150571	71	*
Scaffold6364	17941	18013	73	*	Scaffold1168	150424	150496	73	*
Scaffold6364	17820	17876	57	*	Scaffold122	942226	942282	57	*
Scaffold6364	17875	17929	55	*	Scaffold1319	58583	58637	55	*
Scaffold6364	17873	17936	64	*	Scaffold1349	204891	204954	64	*
Scaffold6364	17842	17906	65	*	Scaffold1409	67979	68043	65	*
Scaffold6364	17864	17929	66	*	Scaffold1418	34155	34220	66	*
Scaffold6364	17866	17936	71	*	Scaffold143	907362	907432	71	*
Scaffold6364	17943	18013	71	*	Scaffold143	905135	905205	71	*
Scaffold6364	18018	18079	62	*	Scaffold143	907223	907284	62	*
Scaffold6364	17941	18013	73	*	Scaffold143	907285	907357	73	*
Scaffold6364	17938	17993	56	*	Scaffold145	724500	724555	56	*
Scaffold6364	17939	18013	75	*	Scaffold15169	218	292	75	*
Scaffold6364	17878	17937	60	*	Scaffold15169	157	216	60	*
Scaffold6364	18018	18084	67	*	Scaffold15169	293	359	67	*
Scaffold6364	17843	17929	87	*	Scaffold1523	280526	280612	87	*
Scaffold6364	17821	17888	68	*	Scaffold1592	53062	53129	68	*
Scaffold6364	17874	17930	57	*	Scaffold1601	109784	109840	57	*
Scaffold6364	17941	18013	73	*	Scaffold17598	270	342	73	*
Scaffold6364	18018	18068	51	*	Scaffold17598	219	269	51	*
Scaffold6364	17864	17936	73	*	Scaffold17598	347	419	73	*
Scaffold6364	17816	17869	54	*	Scaffold1795	130835	130888	54	*
Scaffold6364	17843	17934	92	*	Scaffold182	117552	117643	92	*
Scaffold6364	17941	18013	73	*	Scaffold187	676175	676247	73	*
Scaffold6364	17866	17936	71	*	Scaffold187	676252	676322	71	*
Scaffold6364	18018	18073	56	*	Scaffold187	676119	676174	56	*
Scaffold6364	17874	17936	63	*	Scaffold1929	52293	52355	63	*
Scaffold6364	17940	18011	72	*	Scaffold1976	14288	14359	72	*
Scaffold6364	17957	18009	53	*	Scaffold2086	3765	3817	53	*
Scaffold6364	17948	18005	58	*	Scaffold2089	53754	53811	58	*
Scaffold6364	17882	17944	63	*	Scaffold21	676706	676768	63	*
Scaffold6364	17937	18011	75	*	Scaffold216	241882	241956	75	*
Scaffold6364	17935	18010	76	*	Scaffold216	116398	116473	76	*
Scaffold6364	17869	17938	70	*	Scaffold223	146339	146408	70	*
Scaffold6364	17867	17922	56	*	Scaffold2246	57962	58017	56	*
Scaffold6364	17866	17918	53	*	Scaffold22623	293	345	53	*
Scaffold6364	17822	17936	115	*	Scaffold22658	386	500	115	*
Scaffold6364	17877	17929	53	*	Scaffold227	334365	334417	53	*
Scaffold6364	18018	18086	69	*	Scaffold231	128201	128269	69	*
Scaffold6364	17884	17934	51	*	Scaffold260	390042	390092	51	*
Scaffold6364	17864	17929	66	*	Scaffold267	453857	453922	66	*
Scaffold6364	17858	17914	57	*	Scaffold2703	13081	13137	57	*
Scaffold6364	17866	17936	71	*	Scaffold27401	417	487	71	*
Scaffold6364	17941	18003	63	*	Scaffold27401	492	554	63	*
Scaffold6364	17880	17937	58	*	Scaffold29	664582	664639	58	*
Scaffold6364	17943	18000	58	*	Scaffold293	578993	579050	58	*
Scaffold6364	17826	17894	69	*	Scaffold295	292281	292349	69	*
Scaffold6364	17852	17929	78	*	Scaffold307	157828	157905	78	*
Scaffold6364	17870	17929	60	*	Scaffold309	130524	130583	60	*
Scaffold6364	17943	18013	71	*	Scaffold341	680497	680567	71	*
Scaffold6364	17872	17939	68	*	Scaffold383	96601	96668	68	*
Scaffold6364	17941	17998	58	*	Scaffold383	96670	96727	58	*
Scaffold6364	17848	17936	89	*	Scaffold4	476739	476827	89	*
Scaffold6364	17835	17915	81	*	Scaffold4571	20778	20858	81	*
Scaffold6364	17867	17924	58	*	Scaffold5	2236940	2236997	58	*
Scaffold6364	17869	17933	65	*	Scaffold50	467994	468058	65	*
Scaffold6364	17866	17936	71	*	Scaffold524	221234	221304	71	*
Scaffold6364	17875	17942	68	*	Scaffold535	445309	445376	68	*
Scaffold6364	17820	17887	68	*	Scaffold54	24101	24168	68	*
Scaffold6364	17823	17909	87	*	Scaffold583	511410	511496	87	*
Scaffold6364	17940	18013	74	*	Scaffold593	64984	65057	74	*
Scaffold6364	17868	17925	58	*	Scaffold606	74615	74672	58	*
Scaffold6364	17943	18007	65	*	Scaffold691	157257	157321	65	*
Scaffold6364	17870	17936	67	*	Scaffold691	157184	157250	67	*
Scaffold6364	17947	17999	53	*	Scaffold70	1057289	1057341	53	*
Scaffold6364	17890	17942	53	*	Scaffold736	150183	150235	53	*
Scaffold6364	17933	17997	65	*	Scaffold845	46399	46463	65	*
Scaffold6364	17866	17936	71	*	Scaffold8514	5626	5696	71	*
Scaffold6364	17941	18013	73	*	Scaffold8514	5549	5621	73	*
Scaffold6364	17836	17906	71	*	Scaffold857	35038	35108	71	*
Scaffold6364	17938	17998	61	*	Scaffold865	150859	150919	61	*
Scaffold6364	17820	17885	66	*	Scaffold901	349106	349171	66	*
Scaffold6364	17833	17901	69	*	Scaffold9068	226	294	69	*
Scaffold6372	37356	37415	60	*	Scaffold143	686551	686610	60	*
Scaffold6372	40864	40956	93	*	Scaffold143	682966	683058	93	*
Scaffold6372	25814	25877	64	*	Scaffold18	332107	332170	64	*
Scaffold6374	32470	32526	57	*	Scaffold293	367633	367689	57	*
Scaffold6375	30046	30108	63	*	Scaffold18	331971	332033	63	*
Scaffold6375	19958	20056	99	*	Scaffold198	95765	95863	99	*
Scaffold6375	20005	20056	52	*	Scaffold346	122148	122199	52	*
Scaffold6375	19994	20049	56	*	Scaffold636	455275	455330	56	*
Scaffold63793	100	149	50	*	Scaffold2782	6357	6406	50	*
Scaffold63793	1	67	67	*	Scaffold2782	6446	6512	67	*
Scaffold63793	164	215	52	*	Scaffold2782	6291	6342	52	*
Scaffold638	158101	158168	68	*	Scaffold5191	8543	8610	68	*
Scaffold638	141778	141843	66	*	Scaffold636	597316	597381	66	*
Scaffold638	189884	189987	104	*	Scaffold636	631696	631799	104	*
Scaffold638	204113	204165	53	*	Scaffold636	646641	646693	53	*
Scaffold638	118283	118335	53	*	Scaffold636	572809	572861	53	*
Scaffold638	153484	153533	50	*	Scaffold636	608942	608991	50	*
Scaffold638	172733	172862	130	*	Scaffold636	617799	617928	130	*
Scaffold638	141882	141935	54	*	Scaffold636	597420	597473	54	*
Scaffold638	151470	151525	56	*	Scaffold636	607476	607531	56	*
Scaffold638	99111	99177	67	*	Scaffold636	558544	558610	67	*
Scaffold638	102675	102749	75	*	Scaffold636	562498	562572	75	*
Scaffold638	121419	121473	55	*	Scaffold636	575220	575274	55	*
Scaffold638	192241	192314	74	*	Scaffold636	635825	635898	74	*
Scaffold638	148878	148933	56	*	Scaffold636	603591	603646	56	*
Scaffold638	201992	202048	57	*	Scaffold636	644469	644525	57	*
Scaffold638	99189	99267	79	*	Scaffold636	558622	558700	79	*
Scaffold6386	3015	3069	55	*	Scaffold201	500070	500124	55	*
Scaffold639	62716	62783	68	*	Scaffold325	341522	341589	68	*
Scaffold6398	18778	18836	59	*	Scaffold946	200818	200876	59	*
Scaffold6401	85351	85408	58	*	Scaffold1572	312418	312475	58	*
Scaffold6401	47372	47425	54	*	Scaffold1572	273136	273189	54	*
Scaffold6401	7926	7996	71	*	Scaffold1572	234469	234539	71	*
Scaffold6401	5677	5734	58	*	Scaffold1572	231692	231749	58	*
Scaffold6401	17828	17880	53	*	Scaffold1572	246061	246113	53	*
Scaffold6403	27482	27565	84	*	Scaffold127	859739	859822	84	*
Scaffold6407	13195	13249	55	*	Scaffold1367	155780	155834	55	*
Scaffold6407	13365	13443	79	*	Scaffold2280	3310	3388	79	*
Scaffold6407	13293	13363	71	*	Scaffold2280	3238	3308	71	*
Scaffold6407	15559	15611	53	*	Scaffold2280	3493	3545	53	*
Scaffold6407	13195	13246	52	*	Scaffold347	49039	49090	52	*
Scaffold6409	3338	3398	61	*	Scaffold1326	129691	129751	61	*
Scaffold6409	3340	3397	58	*	Scaffold1434	48733	48790	58	*
Scaffold6409	3338	3404	67	*	Scaffold1625	36417	36483	67	*
Scaffold6409	3340	3403	64	*	Scaffold1637	9485	9548	64	*
Scaffold6409	3350	3405	56	*	Scaffold2045	142717	142772	56	*
Scaffold6409	3339	3403	65	*	Scaffold293	543685	543749	65	*
Scaffold6409	3339	3397	59	*	Scaffold5	1610580	1610638	59	*
Scaffold6409	3348	3398	51	*	Scaffold502	539419	539469	51	*
Scaffold6409	3338	3400	63	*	Scaffold632	457275	457337	63	*
Scaffold6409	3338	3397	60	*	Scaffold69	858407	858466	60	*
Scaffold64098	1	67	67	*	Scaffold1062	169918	169984	67	*
Scaffold6411	27652	27720	69	*	Scaffold1992	16011	16079	69	*
Scaffold6411	27649	27718	70	*	Scaffold52	497879	497948	70	*
Scaffold6411	27650	27709	60	*	Scaffold653	18593	18652	60	*
Scaffold6414	2993	3196	204	*	Scaffold10	1374369	1374572	204	*
Scaffold6414	3008	3186	179	*	Scaffold1545	52887	53065	179	*
Scaffold6414	3109	3183	75	*	Scaffold31122	209	283	75	*
Scaffold6414	2994	3105	112	*	Scaffold31122	287	398	112	*
Scaffold6414	2993	3047	55	*	Scaffold413	83080	83134	55	*
Scaffold6414	3049	3173	125	*	Scaffold413	82954	83078	125	*
Scaffold6414	2994	3134	141	*	Scaffold4851	2984	3124	141	*
Scaffold64157	33	126	94	*	Scaffold1763	123823	123916	94	*
Scaffold64188	14	72	59	*	Scaffold946	200818	200876	59	*
Scaffold642	73987	74036	50	*	Scaffold29956	469	518	50	*
Scaffold642	98567	98619	53	*	Scaffold56	767040	767092	53	*
Scaffold642	98371	98421	51	*	Scaffold56	767235	767285	51	*
Scaffold642	73987	74036	50	*	Scaffold56	786896	786945	50	*
Scaffold642	73076	73156	81	*	Scaffold56	787610	787690	81	*
Scaffold642	98188	98241	54	*	Scaffold56	767424	767477	54	*
Scaffold6423	6410	6483	74	*	Scaffold11	172937	173010	74	*
Scaffold6423	15793	15862	70	*	Scaffold1396	332920	332989	70	*
Scaffold6423	10487	10538	52	*	Scaffold1763	124249	124300	52	*
Scaffold6423	6491	6558	68	*	Scaffold388	727405	727472	68	*
Scaffold6423	29879	29943	65	*	Scaffold661	77920	77984	65	*
Scaffold6430	18353	18402	50	*	Scaffold1614	120810	120859	50	*
Scaffold6430	54506	54557	52	*	Scaffold1614	86799	86850	52	*
Scaffold6430	26912	26963	52	*	Scaffold1614	114184	114235	52	*
Scaffold6430	15176	15226	51	*	Scaffold1614	124430	124480	51	*
Scaffold6432	2490	2564	75	*	Scaffold421	343526	343600	75	*
Scaffold6440	25728	25777	50	*	Scaffold23	876463	876512	50	*
Scaffold6448	33449	33498	50	*	Scaffold5	752341	752390	50	*
Scaffold6448	33449	33501	53	*	Scaffold5	747806	747858	53	*
Scaffold6455	40200	40249	50	*	Scaffold1336	13713	13762	50	*
Scaffold6461	38199	38249	51	*	Scaffold140	790887	790937	51	*
Scaffold6461	38072	38134	63	*	Scaffold174	457204	457266	63	*
Scaffold6461	38170	38223	54	*	Scaffold206	621797	621850	54	*
Scaffold6461	38059	38110	52	*	Scaffold208	158598	158649	52	*
Scaffold6461	38154	38249	96	*	Scaffold25732	1940	2035	96	*
Scaffold6461	38155	38219	65	*	Scaffold2802	30842	30906	65	*
Scaffold6461	38062	38144	83	*	Scaffold29	587078	587160	83	*
Scaffold6461	38059	38134	76	*	Scaffold3029	26340	26415	76	*
Scaffold6461	38153	38216	64	*	Scaffold31318	2385	2448	64	*
Scaffold6461	38153	38244	92	*	Scaffold339	330748	330839	92	*
Scaffold6461	38165	38226	62	*	Scaffold477	553760	553821	62	*
Scaffold6461	38055	38110	56	*	Scaffold496	257736	257791	56	*
Scaffold6461	38181	38233	53	*	Scaffold541	36564	36616	53	*
Scaffold6461	38362	38413	52	*	Scaffold56	203682	203733	52	*
Scaffold6461	38167	38249	83	*	Scaffold56	203486	203568	83	*
Scaffold6461	38253	38309	57	*	Scaffold5641	2874	2930	57	*
Scaffold6461	38152	38249	98	*	Scaffold568	236365	236462	98	*
Scaffold6461	38198	38249	52	*	Scaffold709	413057	413108	52	*
Scaffold6461	38083	38143	61	*	Scaffold8	733984	734044	61	*
Scaffold6461	38069	38144	76	*	Scaffold83	88096	88171	76	*
Scaffold6461	38153	38249	97	*	Scaffold989	43695	43791	97	*
Scaffold6462	24005	24072	68	*	Scaffold1527	43429	43496	68	*
Scaffold647	146686	146737	52	*	Scaffold1527	43513	43564	52	*
Scaffold647	146816	146872	57	*	Scaffold1527	43378	43434	57	*
Scaffold647	146624	146679	56	*	Scaffold1527	43571	43626	56	*
Scaffold647	5730	5820	91	*	Scaffold1992	215663	215753	91	*
Scaffold647	147026	147078	53	*	Scaffold4	641318	641370	53	*
Scaffold6472	101881	101933	53	*	Scaffold31	247829	247881	53	*
Scaffold6473	45188	45244	57	*	Scaffold129	460026	460082	57	*
Scaffold64732	402	463	62	*	Scaffold2	1554871	1554932	62	*
Scaffold6481	144	193	50	*	Scaffold113	356508	356557	50	*
Scaffold6481	81	135	55	*	Scaffold118	162729	162783	55	*
Scaffold6485	539	594	56	*	Scaffold1844	87034	87089	56	*
Scaffold6485	602	654	53	*	Scaffold246	323023	323075	53	*
Scaffold6485	623	690	68	*	Scaffold616	114008	114075	68	*
Scaffold6486	10427	10507	81	*	Scaffold3112	32492	32572	81	*
Scaffold6486	10261	10331	71	*	Scaffold3112	32323	32393	71	*
Scaffold64870	3	60	58	*	Scaffold1860	75399	75456	58	*
Scaffold6490	67784	67847	64	*	Scaffold164	730245	730308	64	*
Scaffold6497	55030	55089	60	*	Scaffold1051	125782	125841	60	*
Scaffold6497	9593	9677	85	*	Scaffold1726	131075	131159	85	*
Scaffold6497	36494	36544	51	*	Scaffold1726	152450	152500	51	*
Scaffold6497	10174	10258	85	*	Scaffold1726	131075	131159	85	*
Scaffold6498	19454	19507	54	*	Scaffold462	393372	393425	54	*
Scaffold650	25039	25092	54	*	Scaffold1410	69909	69962	54	*
Scaffold6501	1426	1475	50	*	Scaffold1419	19153	19202	50	*
Scaffold6501	47996	48055	60	*	Scaffold365	449381	449440	60	*
Scaffold6501	49396	49450	55	*	Scaffold433	678241	678295	55	*
Scaffold6501	49167	49224	58	*	Scaffold433	678097	678154	58	*
Scaffold65043	1	61	61	*	Scaffold113	356515	356575	61	*
Scaffold65170	192	256	65	*	Scaffold1527	43345	43409	65	*
Scaffold6523	6403	6468	66	*	Scaffold185	227013	227078	66	*
Scaffold6523	21508	21576	69	*	Scaffold185	213786	213854	69	*
Scaffold653	143233	143282	50	*	Scaffold336	392095	392144	50	*
Scaffold653	145146	145195	50	*	Scaffold336	392095	392144	50	*
Scaffold6533	54835	54889	55	*	Scaffold28637	875	929	55	*
Scaffold6533	54783	54833	51	*	Scaffold28637	823	873	51	*
Scaffold6533	68362	68437	76	*	Scaffold57	469440	469515	76	*
Scaffold6533	43135	43187	53	*	Scaffold57	446768	446820	53	*
Scaffold6533	54835	54889	55	*	Scaffold57	457114	457168	55	*
Scaffold6533	7319	7369	51	*	Scaffold57	415147	415197	51	*
Scaffold6533	24642	24697	56	*	Scaffold57	432002	432057	56	*
Scaffold6533	54783	54833	51	*	Scaffold57	457062	457112	51	*
Scaffold6533	31784	31837	54	*	Scaffold57	437961	438014	54	*
Scaffold6533	8016	8129	114	*	Scaffold57	415799	415912	114	*
Scaffold6533	71417	71468	52	*	Scaffold57	472635	472686	52	*
Scaffold6533	40274	40323	50	*	Scaffold57	443961	444010	50	*
Scaffold6533	29046	29148	103	*	Scaffold57	436097	436199	103	*
Scaffold6533	65360	65423	64	*	Scaffold57	467414	467477	64	*
Scaffold65440	1	55	55	*	Scaffold1321	5228	5282	55	*
Scaffold6548	27729	27781	53	*	Scaffold369	587989	588041	53	*
Scaffold6548	6112	6164	53	*	Scaffold369	607378	607430	53	*
Scaffold655	41288	41340	53	*	Scaffold186	295237	295289	53	*
Scaffold6556	14736	14791	56	*	Scaffold17178	1060	1115	56	*
Scaffold6565	23922	23974	53	*	Scaffold151	472408	472460	53	*
Scaffold6568	10283	10344	62	*	Scaffold1848	8233	8294	62	*
Scaffold6568	10291	10344	54	*	Scaffold3006	40750	40803	54	*
Scaffold6568	10284	10346	63	*	Scaffold354	386794	386856	63	*
Scaffold6568	10284	10342	59	*	Scaffold5552	37816	37874	59	*
Scaffold6568	10281	10336	56	*	Scaffold577	68798	68853	56	*
Scaffold6568	10290	10346	57	*	Scaffold579	91973	92029	57	*
Scaffold6568	10289	10341	53	*	Scaffold663	373255	373307	53	*
Scaffold6568	10281	10346	66	*	Scaffold683	252403	252468	66	*
Scaffold6568	10284	10339	56	*	Scaffold69	579104	579159	56	*
Scaffold6568	10286	10350	65	*	Scaffold829	228214	228278	65	*
Scaffold6568	10292	10350	59	*	Scaffold898	186066	186124	59	*
Scaffold6568	10287	10341	55	*	Scaffold911	210950	211004	55	*
Scaffold657	69512	69570	59	*	Scaffold19	1234277	1234335	59	*
Scaffold657	44751	44815	65	*	Scaffold19	1257862	1257926	65	*
Scaffold657	44540	44659	120	*	Scaffold19	1258018	1258137	120	*
Scaffold657	44131	44182	52	*	Scaffold19	1258494	1258545	52	*
Scaffold657	43934	43995	62	*	Scaffold19	1258694	1258755	62	*
Scaffold657	44198	44250	53	*	Scaffold19	1258426	1258478	53	*
Scaffold657	67878	67936	59	*	Scaffold315	323593	323651	59	*
Scaffold6570	35955	36005	51	*	Scaffold142	971742	971792	51	*
Scaffold6572	6588	6641	54	*	Scaffold1297	254572	254625	54	*
Scaffold6577	51232	51285	54	*	Scaffold647	74553	74606	54	*
Scaffold6581	10949	10998	50	*	Scaffold1122	152861	152910	50	*
Scaffold6587	31279	31330	52	*	Scaffold2342	71536	71587	52	*
Scaffold6587	29708	29765	58	*	Scaffold2342	69991	70048	58	*
Scaffold6587	113708	113764	57	*	Scaffold591	422677	422733	57	*
Scaffold6587	115714	115766	53	*	Scaffold591	424779	424831	53	*
Scaffold659	73731	73785	55	*	Scaffold113	356669	356723	55	*
Scaffold659	73804	73952	149	*	Scaffold113	356502	356650	149	*
Scaffold659	73708	73760	53	*	Scaffold1301	147090	147142	53	*
Scaffold659	24512	24572	61	*	Scaffold208	161855	161915	61	*
Scaffold659	136141	136202	62	*	Scaffold2090	19296	19357	62	*
Scaffold659	102021	102077	57	*	Scaffold2678	106195	106251	57	*
Scaffold659	56306	56356	51	*	Scaffold2678	121459	121509	51	*
Scaffold659	48811	48862	52	*	Scaffold2678	125224	125275	52	*
Scaffold659	28964	29024	61	*	Scaffold2678	144118	144178	61	*
Scaffold659	27877	27937	61	*	Scaffold2678	144118	144178	61	*
Scaffold659	38369	38418	50	*	Scaffold2678	136216	136265	50	*
Scaffold659	73804	73871	68	*	Scaffold378	436250	436317	68	*
Scaffold659	73843	73909	67	*	Scaffold663	256938	257004	67	*
Scaffold6592	84229	84286	58	*	Scaffold1006	42006	42063	58	*
Scaffold6592	55336	55385	50	*	Scaffold62	405142	405191	50	*
Scaffold6592	10586	10662	77	*	Scaffold62	454075	454151	77	*
Scaffold6592	20581	20642	62	*	Scaffold62	447467	447528	62	*
Scaffold6592	43438	43495	58	*	Scaffold62	417458	417515	58	*
Scaffold6592	43555	43607	53	*	Scaffold62	417347	417399	53	*
Scaffold6592	15964	16037	74	*	Scaffold62	448986	449059	74	*
Scaffold6595	13111	13196	86	*	Scaffold413	8560	8645	86	*
Scaffold65954	254	319	66	*	Scaffold7874	823	888	66	*
Scaffold65954	265	336	72	*	Scaffold905	145999	146070	72	*
Scaffold66	141442	141519	78	*	Scaffold117	234467	234544	78	*
Scaffold66	141286	141339	54	*	Scaffold117	234311	234364	54	*
Scaffold66	119756	119814	59	*	Scaffold117	212672	212730	59	*
Scaffold66	141096	141145	50	*	Scaffold117	234120	234169	50	*
Scaffold66	141362	141419	58	*	Scaffold117	234387	234444	58	*
Scaffold66	122078	122182	105	*	Scaffold117	214897	215001	105	*
Scaffold66	117159	117221	63	*	Scaffold117	210183	210245	63	*
Scaffold66	141193	141244	52	*	Scaffold117	234218	234269	52	*
Scaffold66	141527	141598	72	*	Scaffold117	234552	234623	72	*
Scaffold66	136905	136964	60	*	Scaffold117	229687	229746	60	*
Scaffold66	202673	202727	55	*	Scaffold1527	43571	43625	55	*
Scaffold66	123815	123877	63	*	Scaffold1548	217569	217631	63	*
Scaffold66	119756	119814	59	*	Scaffold1548	221627	221685	59	*
Scaffold66	117159	117219	61	*	Scaffold1548	226664	226724	61	*
Scaffold66	122078	122182	105	*	Scaffold1548	219357	219461	105	*
Scaffold66	5576	5628	53	*	Scaffold1641	80984	81036	53	*
Scaffold66	39950	40006	57	*	Scaffold1641	55399	55455	57	*
Scaffold66	49834	49890	57	*	Scaffold1641	51686	51742	57	*
Scaffold66	34568	34629	62	*	Scaffold1641	61263	61324	62	*
Scaffold66	34568	34629	62	*	Scaffold27944	2167	2228	62	*
Scaffold66	26123	26179	57	*	Scaffold5191	8327	8383	57	*
Scaffold660	174130	174179	50	*	Scaffold28	302450	302499	50	*
Scaffold660	143035	143101	67	*	Scaffold28	328748	328814	67	*
Scaffold660	214494	214550	57	*	Scaffold28	272661	272717	57	*
Scaffold660	211974	212038	65	*	Scaffold28	274648	274712	65	*
Scaffold660	135248	135319	72	*	Scaffold28	334273	334344	72	*
Scaffold660	182428	182525	98	*	Scaffold28	297685	297782	98	*
Scaffold660	225248	225305	58	*	Scaffold28	263074	263131	58	*
Scaffold660	126951	127004	54	*	Scaffold28	338671	338724	54	*
Scaffold660	215546	215597	52	*	Scaffold28	271603	271654	52	*
Scaffold660	138491	138541	51	*	Scaffold28	331976	332026	51	*
Scaffold660	174203	174260	58	*	Scaffold28	302370	302427	58	*
Scaffold660	211903	211972	70	*	Scaffold28	274714	274783	70	*
Scaffold660	183097	183176	80	*	Scaffold28	297037	297116	80	*
Scaffold660	211824	211875	52	*	Scaffold28	274811	274862	52	*
Scaffold660	187385	187438	54	*	Scaffold28	292250	292303	54	*
Scaffold660	159678	159732	55	*	Scaffold28	317510	317564	55	*
Scaffold660	135501	135553	53	*	Scaffold28	334015	334067	53	*
Scaffold660	171731	171783	53	*	Scaffold28	304955	305007	53	*
Scaffold660	145267	145385	119	*	Scaffold28	326369	326487	119	*
Scaffold660	174299	174440	142	*	Scaffold28	302193	302334	142	*
Scaffold660	172731	172807	77	*	Scaffold28	303811	303887	77	*
Scaffold660	173976	174050	75	*	Scaffold28	302583	302657	75	*
Scaffold660	170613	170690	78	*	Scaffold28	308255	308332	78	*
Scaffold660	215434	215497	64	*	Scaffold28	271706	271769	64	*
Scaffold660	151278	151333	56	*	Scaffold28	321671	321726	56	*
Scaffold660	173274	173333	60	*	Scaffold28	303294	303353	60	*
Scaffold660	173132	173182	51	*	Scaffold28	303443	303493	51	*
Scaffold660	175471	175551	81	*	Scaffold28	301053	301133	81	*
Scaffold660	182976	183041	66	*	Scaffold28	297172	297237	66	*
Scaffold660	231257	231334	78	*	Scaffold28	259072	259149	78	*
Scaffold660	165423	165594	172	*	Scaffold28	314023	314194	172	*
Scaffold660	151587	151661	75	*	Scaffold28	321341	321415	75	*
Scaffold660	142827	142887	61	*	Scaffold28	328948	329008	61	*
Scaffold660	182086	182135	50	*	Scaffold28	298073	298122	50	*
Scaffold660	158903	158971	69	*	Scaffold28	318259	318327	69	*
Scaffold660	159097	159158	62	*	Scaffold28	318073	318134	62	*
Scaffold660	214607	214658	52	*	Scaffold28	272553	272604	52	*
Scaffold660	168743	168892	150	*	Scaffold28	310283	310432	150	*
Scaffold660	197635	197696	62	*	Scaffold28	285265	285326	62	*
Scaffold660	175092	175178	87	*	Scaffold28	301451	301537	87	*
Scaffold660	160382	160444	63	*	Scaffold28	316832	316894	63	*
Scaffold660	144107	144175	69	*	Scaffold28	327586	327654	69	*
Scaffold660	182761	182817	57	*	Scaffold28	297399	297455	57	*
Scaffold660	174506	174581	76	*	Scaffold28	302053	302128	76	*
Scaffold660	173510	173561	52	*	Scaffold28	303067	303118	52	*
Scaffold660	214203	214256	54	*	Scaffold28	272967	273020	54	*
Scaffold660	182146	182196	51	*	Scaffold28	298012	298062	51	*
Scaffold660	134783	134853	71	*	Scaffold28	334727	334797	71	*
Scaffold660	156965	157028	64	*	Scaffold28	319757	319820	64	*
Scaffold660	143218	143274	57	*	Scaffold28	328577	328633	57	*
Scaffold660	209855	209908	54	*	Scaffold28	276873	276926	54	*
Scaffold660	144274	144349	76	*	Scaffold28	327412	327487	76	*
Scaffold660	229289	229371	83	*	Scaffold28	260314	260396	83	*
Scaffold660	174632	174706	75	*	Scaffold28	301924	301998	75	*
Scaffold66001	1	130	130	*	Scaffold8458	2284	2413	130	*
Scaffold66097	1	131	131	*	Scaffold73	10903	11033	131	*
Scaffold661	57963	58019	57	*	Scaffold16	208061	208117	57	*
Scaffold661	57968	58019	52	*	Scaffold2409	67358	67409	52	*
Scaffold661	109546	109611	66	*	Scaffold248	201140	201205	66	*
Scaffold661	108843	108896	54	*	Scaffold558	355587	355640	54	*
Scaffold6614	22249	22306	58	*	Scaffold91	616619	616676	58	*
Scaffold6614	19556	19613	58	*	Scaffold91	610049	610106	58	*
Scaffold662	78298	78376	79	*	Scaffold691	202364	202442	79	*
Scaffold6630	70201	70251	51	*	Scaffold655	152661	152711	51	*
Scaffold66327	121	176	56	*	Scaffold1081	150186	150241	56	*
Scaffold6638	4093	4146	54	*	Scaffold1031	39547	39600	54	*
Scaffold66396	110	197	88	*	Scaffold1223	64287	64374	88	*
Scaffold664	32988	33037	50	*	Scaffold1647	188776	188825	50	*
Scaffold664	32982	33033	52	*	Scaffold28	98693	98744	52	*
Scaffold66404	14	66	53	*	Scaffold856	177152	177204	53	*
Scaffold6649	5517	5568	52	*	Scaffold259	4529	4580	52	*
Scaffold6649	5517	5568	52	*	Scaffold288	110465	110516	52	*
Scaffold6649	11232	11282	51	*	Scaffold945	327925	327975	51	*
Scaffold6652	11738	11789	52	*	Scaffold1642	87368	87419	52	*
Scaffold6652	11753	11811	59	*	Scaffold5191	8452	8510	59	*
Scaffold6652	11856	11924	69	*	Scaffold5191	8339	8407	69	*
Scaffold6652	13421	13470	50	*	Scaffold5191	7848	7897	50	*
Scaffold6652	4253	4311	59	*	Scaffold621	389276	389334	59	*
Scaffold666	26916	26965	50	*	Scaffold291	213822	213871	50	*
Scaffold666	27747	27807	61	*	Scaffold64	558409	558469	61	*
Scaffold6661	9143	9192	50	*	Scaffold1349	56662	56711	50	*
Scaffold6661	84804	84930	127	*	Scaffold1349	12874	13000	127	*
Scaffold6661	28089	28138	50	*	Scaffold1349	40852	40901	50	*
Scaffold6662	32860	32910	51	*	Scaffold865	151073	151123	51	*
Scaffold6668	23503	23557	55	*	Scaffold127	377101	377155	55	*
Scaffold6675	18479	18528	50	*	Scaffold50	1045470	1045519	50	*
Scaffold6678	37663	37757	95	*	Scaffold360	111928	112022	95	*
Scaffold668	127366	127421	56	*	Scaffold478	47478	47533	56	*
Scaffold668	157631	157705	75	*	Scaffold478	25226	25300	75	*
Scaffold668	157756	157807	52	*	Scaffold478	25124	25175	52	*
Scaffold668	152594	152650	57	*	Scaffold478	28635	28691	57	*
Scaffold6684	31194	31244	51	*	Scaffold1809	128977	129027	51	*
Scaffold66889	366	426	61	*	Scaffold5224	7101	7161	61	*
Scaffold669	160511	160566	56	*	Scaffold974	175695	175750	56	*
Scaffold6691	19752	19807	56	*	Scaffold2093	7000	7055	56	*
Scaffold67	97525	97576	52	*	Scaffold179	558653	558704	52	*
Scaffold67	96180	96247	68	*	Scaffold179	558428	558495	68	*
Scaffold67	96285	96339	55	*	Scaffold179	558534	558588	55	*
Scaffold67	95987	96076	90	*	Scaffold717	23474	23563	90	*
Scaffold67	158455	158505	51	*	Scaffold717	83803	83853	51	*
Scaffold67	142855	142904	50	*	Scaffold717	63576	63625	50	*
Scaffold67	95987	96076	90	*	Scaffold717	12411	12500	90	*
Scaffold670	68702	68752	51	*	Scaffold1253	212753	212803	51	*
Scaffold670	108100	108160	61	*	Scaffold1253	190768	190828	61	*
Scaffold670	95344	95394	51	*	Scaffold1253	199665	199715	51	*
Scaffold670	73470	73521	52	*	Scaffold1253	208691	208742	52	*
Scaffold670	66594	66645	52	*	Scaffold1253	215449	215500	52	*
Scaffold670	111486	111540	55	*	Scaffold1253	186768	186822	55	*
Scaffold670	108680	108743	64	*	Scaffold1253	190210	190273	64	*
Scaffold670	93570	93621	52	*	Scaffold338	648115	648166	52	*
Scaffold670	80577	80639	63	*	Scaffold749	140901	140963	63	*
Scaffold6706	44418	44484	67	*	Scaffold288	504197	504263	67	*
Scaffold6707	15648	15708	61	*	Scaffold654	504821	504881	61	*
Scaffold6707	12283	12338	56	*	Scaffold654	508926	508981	56	*
Scaffold6707	68216	68272	57	*	Scaffold654	470401	470457	57	*
Scaffold6711	18956	19008	53	*	Scaffold139	152876	152928	53	*
Scaffold6711	18911	18987	77	*	Scaffold19990	1472	1548	77	*
Scaffold6711	18961	19027	67	*	Scaffold5191	8795	8861	67	*
Scaffold6711	18692	18816	125	*	Scaffold5191	8293	8417	125	*
Scaffold6711	18958	19033	76	*	Scaffold86	106716	106791	76	*
Scaffold6721	20848	20916	69	*	Scaffold293	410600	410668	69	*
Scaffold6721	39261	39315	55	*	Scaffold293	424440	424494	55	*
Scaffold6721	37515	37575	61	*	Scaffold293	424434	424494	61	*
Scaffold6726	8003	8052	50	*	Scaffold18	332601	332650	50	*
Scaffold673	197230	197279	50	*	Scaffold187	705094	705143	50	*
Scaffold6730	48597	48673	77	*	Scaffold2280	3312	3388	77	*
Scaffold6732	47864	47995	132	*	Scaffold1763	123689	123820	132	*
Scaffold6732	47902	47998	97	*	Scaffold728	176735	176831	97	*
Scaffold6734	58473	58538	66	*	Scaffold144	375178	375243	66	*
Scaffold67344	399	451	53	*	Scaffold25	797764	797816	53	*
Scaffold6737	17448	17499	52	*	Scaffold517	346074	346125	52	*
Scaffold6737	28085	28136	52	*	Scaffold747	313463	313514	52	*
Scaffold67376	1434	1483	50	*	Scaffold37	684330	684379	50	*
Scaffold674	35032	35081	50	*	Scaffold17068	478	527	50	*
Scaffold674	35032	35081	50	*	Scaffold30524	633	682	50	*
Scaffold67410	109	167	59	*	Scaffold1259	130726	130784	59	*
Scaffold6745	6166	6222	57	*	Scaffold174	493646	493702	57	*
Scaffold6745	6179	6230	52	*	Scaffold40	66691	66742	52	*
Scaffold6747	48254	48306	53	*	Scaffold234	329463	329515	53	*
Scaffold6747	49761	49813	53	*	Scaffold234	329463	329515	53	*
Scaffold675	14684	14733	50	*	Scaffold1293	97929	97978	50	*
Scaffold675	30034	30086	53	*	Scaffold1293	89505	89557	53	*
Scaffold6751	527	576	50	*	Scaffold1666	45314	45363	50	*
Scaffold6751	527	576	50	*	Scaffold1666	44878	44927	50	*
Scaffold67542	48	100	53	*	Scaffold1491	172005	172057	53	*
Scaffold6755	16	74	59	*	Scaffold5224	7065	7123	59	*
Scaffold6759	50367	50442	76	*	Scaffold2330	267716	267791	76	*
Scaffold6760	17228	17281	54	*	Scaffold1275	190227	190280	54	*
Scaffold6766	24195	24256	62	*	Scaffold248	201129	201190	62	*
Scaffold6768	1334	1384	51	*	Scaffold79	375274	375324	51	*
Scaffold6771	36007	36058	52	*	Scaffold2280	3298	3349	52	*
Scaffold6771	36063	36126	64	*	Scaffold2280	3230	3293	64	*
Scaffold6774	37013	37098	86	*	Scaffold1496	295066	295151	86	*
Scaffold6774	29874	29942	69	*	Scaffold1496	300437	300505	69	*
Scaffold6774	5077	5127	51	*	Scaffold1496	319322	319372	51	*
Scaffold6774	3473	3570	98	*	Scaffold1496	320332	320429	98	*
Scaffold6774	5879	5961	83	*	Scaffold1496	318579	318661	83	*
Scaffold6774	36815	36865	51	*	Scaffold1496	295299	295349	51	*
Scaffold6774	16378	16432	55	*	Scaffold1496	310735	310789	55	*
Scaffold6774	30284	30349	66	*	Scaffold1496	300437	300502	66	*
Scaffold678	21532	21606	75	*	Scaffold1062	197761	197835	75	*
Scaffold678	21545	21608	64	*	Scaffold1490	19323	19386	64	*
Scaffold678	21453	21505	53	*	Scaffold5191	8245	8297	53	*
Scaffold678	21625	21683	59	*	Scaffold5191	8417	8475	59	*
Scaffold678	21532	21617	86	*	Scaffold5191	8324	8409	86	*
Scaffold678	21619	21674	56	*	Scaffold76	636368	636423	56	*
Scaffold6780	25765	25829	65	*	Scaffold1250	79106	79170	65	*
Scaffold6780	25817	25876	60	*	Scaffold18	331974	332033	60	*
Scaffold6780	25662	25716	55	*	Scaffold617	300339	300393	55	*
Scaffold6780	6839	6890	52	*	Scaffold759	152493	152544	52	*
Scaffold6780	29056	29117	62	*	Scaffold759	132960	133021	62	*
Scaffold6780	14185	14234	50	*	Scaffold759	145221	145270	50	*
Scaffold6781	45553	45611	59	*	Scaffold597	359864	359922	59	*
Scaffold6781	30620	30673	54	*	Scaffold597	350052	350105	54	*
Scaffold6787	54365	54434	70	*	Scaffold229	418683	418752	70	*
Scaffold6788	16610	16711	102	*	Scaffold177	222564	222665	102	*
Scaffold679	18951	19021	71	*	Scaffold18	332082	332152	71	*
Scaffold6793	89142	89194	53	*	Scaffold1467	128054	128106	53	*
Scaffold6795	11443	11493	51	*	Scaffold1063	444578	444628	51	*
Scaffold6795	72492	72564	73	*	Scaffold1063	394911	394983	73	*
Scaffold6795	74867	74931	65	*	Scaffold1063	391936	392000	65	*
Scaffold6795	15044	15103	60	*	Scaffold1063	443143	443202	60	*
Scaffold6795	11443	11493	51	*	Scaffold234	1276380	1276430	51	*
Scaffold6795	15044	15103	60	*	Scaffold234	1277833	1277892	60	*
Scaffold68	210682	210790	109	*	Scaffold113	356543	356651	109	*
Scaffold68	200503	200566	64	*	Scaffold1266	99836	99899	64	*
Scaffold68	96964	97039	76	*	Scaffold3316	11056	11131	76	*
Scaffold68	96867	96920	54	*	Scaffold3316	10952	11005	54	*
Scaffold68	166850	166916	67	*	Scaffold359	271133	271199	67	*
Scaffold68	211151	211220	70	*	Scaffold365	448192	448261	70	*
Scaffold68	174173	174226	54	*	Scaffold365	481964	482017	54	*
Scaffold68	105837	105890	54	*	Scaffold365	554744	554797	54	*
Scaffold68	200503	200566	64	*	Scaffold365	462975	463038	64	*
Scaffold68	169011	169060	50	*	Scaffold4	876491	876540	50	*
Scaffold68	169235	169299	65	*	Scaffold4	1291214	1291278	65	*
Scaffold68	169111	169166	56	*	Scaffold565	678691	678746	56	*
Scaffold68	166850	166912	63	*	Scaffold831	18214	18276	63	*
Scaffold68	20732	20792	61	*	Scaffold90	739775	739835	61	*
Scaffold680	146800	146870	71	*	Scaffold305	543097	543167	71	*
Scaffold680	149909	150014	106	*	Scaffold305	545766	545871	106	*
Scaffold680	140429	140493	65	*	Scaffold305	536004	536068	65	*
Scaffold680	115964	116019	56	*	Scaffold305	512825	512880	56	*
Scaffold680	91380	91491	112	*	Scaffold305	492841	492952	112	*
Scaffold680	128246	128300	55	*	Scaffold305	523823	523877	55	*
Scaffold680	146432	146488	57	*	Scaffold305	542702	542758	57	*
Scaffold680	131550	131614	65	*	Scaffold305	527170	527234	65	*
Scaffold680	9152	9234	83	*	Scaffold558	394237	394319	83	*
Scaffold6800	5230	5306	77	*	Scaffold1386	43402	43478	77	*
Scaffold6807	324	378	55	*	Scaffold164	730284	730338	55	*
Scaffold6808	19324	19378	55	*	Scaffold1740	22058	22112	55	*
Scaffold6809	27196	27249	54	*	Scaffold1534	1708	1761	54	*
Scaffold681	107753	107804	52	*	Scaffold18	332816	332867	52	*
Scaffold681	108006	108059	54	*	Scaffold2280	514	567	54	*
Scaffold681	23917	23977	61	*	Scaffold2377	32441	32501	61	*
Scaffold681	134754	134815	62	*	Scaffold238	128486	128547	62	*
Scaffold681	135331	135397	67	*	Scaffold238	127913	127979	67	*
Scaffold681	174888	174955	68	*	Scaffold238	315483	315550	68	*
Scaffold681	135196	135275	80	*	Scaffold238	128035	128114	80	*
Scaffold681	964	1016	53	*	Scaffold27545	1340	1392	53	*
Scaffold681	108250	108347	98	*	Scaffold328	51183	51280	98	*
Scaffold681	108394	108453	60	*	Scaffold328	50705	50764	60	*
Scaffold681	108408	108458	51	*	Scaffold62	1071929	1071979	51	*
Scaffold681	108552	108603	52	*	Scaffold749	140758	140809	52	*
Scaffold6815	48714	48767	54	*	Scaffold11	98437	98490	54	*
Scaffold6815	48312	48371	60	*	Scaffold11	98837	98896	60	*
Scaffold68185	252	327	76	*	Scaffold116	690886	690961	76	*
Scaffold68185	242	306	65	*	Scaffold12998	201	265	65	*
Scaffold68185	250	309	60	*	Scaffold1314	237398	237457	60	*
Scaffold68185	245	328	84	*	Scaffold1433	117754	117837	84	*
Scaffold68185	244	310	67	*	Scaffold1434	205948	206014	67	*
Scaffold68185	245	307	63	*	Scaffold1447	34669	34731	63	*
Scaffold68185	245	310	66	*	Scaffold156	540207	540272	66	*
Scaffold68185	238	309	72	*	Scaffold16284	1079	1150	72	*
Scaffold68185	267	321	55	*	Scaffold1745	47478	47532	55	*
Scaffold68185	245	307	63	*	Scaffold175	664147	664209	63	*
Scaffold68185	245	306	62	*	Scaffold185	425010	425071	62	*
Scaffold68185	251	323	73	*	Scaffold231	133087	133159	73	*
Scaffold68185	275	331	57	*	Scaffold274	324682	324738	57	*
Scaffold68185	235	309	75	*	Scaffold3	316042	316116	75	*
Scaffold68185	246	312	67	*	Scaffold321	472107	472173	67	*
Scaffold68185	246	306	61	*	Scaffold39	246650	246710	61	*
Scaffold68185	244	319	76	*	Scaffold406	12708	12783	76	*
Scaffold68185	257	310	54	*	Scaffold453	60980	61033	54	*
Scaffold68185	245	331	87	*	Scaffold462	454556	454642	87	*
Scaffold68185	258	310	53	*	Scaffold499	76063	76115	53	*
Scaffold68185	252	309	58	*	Scaffold517	286642	286699	58	*
Scaffold68185	254	307	54	*	Scaffold672	242455	242508	54	*
Scaffold68185	244	309	66	*	Scaffold748	271881	271946	66	*
Scaffold68185	259	320	62	*	Scaffold856	125051	125112	62	*
Scaffold68185	255	308	54	*	Scaffold862	272781	272834	54	*
Scaffold68185	255	317	63	*	Scaffold903	91006	91068	63	*
Scaffold682	2155	2220	66	*	Scaffold62	1071843	1071908	66	*
Scaffold6820	41558	41608	51	*	Scaffold2782	28998	29048	51	*
Scaffold68225	75	124	50	*	Scaffold1562	5358	5407	50	*
Scaffold6830	277	328	52	*	Scaffold824	256780	256831	52	*
Scaffold6832	5471	5538	68	*	Scaffold238	577007	577074	68	*
Scaffold6833	26302	26360	59	*	Scaffold172	54801	54859	59	*
Scaffold6843	13272	13340	69	*	Scaffold1527	43676	43744	69	*
Scaffold685	10885	10953	69	*	Scaffold190	261043	261111	69	*
Scaffold685	10882	10950	69	*	Scaffold21	1129336	1129404	69	*
Scaffold6853	26408	26516	109	*	Scaffold2435	171330	171438	109	*
Scaffold6853	23552	23630	79	*	Scaffold2435	168342	168420	79	*
Scaffold6853	6615	6669	55	*	Scaffold2435	148954	149008	55	*
Scaffold6853	13620	13687	68	*	Scaffold2435	164820	164887	68	*
Scaffold6853	33478	33624	147	*	Scaffold2435	177902	178048	147	*
Scaffold6853	24013	24110	98	*	Scaffold2435	168826	168923	98	*
Scaffold6853	24732	24807	76	*	Scaffold2435	169884	169959	76	*
Scaffold6853	23632	23684	53	*	Scaffold2435	168422	168474	53	*
Scaffold6855	28812	28866	55	*	Scaffold16	985249	985303	55	*
Scaffold6862	10914	10987	74	*	Scaffold1010	120611	120684	74	*
Scaffold68639	295	353	59	*	Scaffold6	1419364	1419422	59	*
Scaffold6864	15994	16047	54	*	Scaffold2307	148561	148614	54	*
Scaffold6864	15996	16047	52	*	Scaffold3528	13726	13777	52	*
Scaffold6864	15994	16047	54	*	Scaffold457	2350	2403	54	*
Scaffold6864	15994	16047	54	*	Scaffold724	366727	366780	54	*
Scaffold6864	15994	16047	54	*	Scaffold938	163083	163136	54	*
Scaffold6864	15994	16047	54	*	Scaffold95	80932	80985	54	*
Scaffold68664	42	98	57	*	Scaffold196	383668	383724	57	*
Scaffold6868	4980	5040	61	*	Scaffold2952	69765	69825	61	*
Scaffold6872	5325	5408	84	*	Scaffold10	1386407	1386490	84	*
Scaffold6873	16545	16595	51	*	Scaffold824	46272	46322	51	*
Scaffold6873	16141	16227	87	*	Scaffold824	45865	45951	87	*
Scaffold6873	16776	16855	80	*	Scaffold824	46506	46585	80	*
Scaffold6875	16696	16754	59	*	Scaffold1461	31726	31784	59	*
Scaffold6875	16696	16754	59	*	Scaffold384	250305	250363	59	*
Scaffold68787	61	119	59	*	Scaffold2102	76838	76896	59	*
Scaffold688	55928	55985	58	*	Scaffold1988	74173	74230	58	*
Scaffold688	144116	144165	50	*	Scaffold5931	5968	6017	50	*
Scaffold6887	45005	45068	64	*	Scaffold296	313616	313679	64	*
Scaffold6887	44928	44977	50	*	Scaffold79	375260	375309	50	*
Scaffold6889	42525	42591	67	*	Scaffold429	245065	245131	67	*
Scaffold689	73578	73633	56	*	Scaffold3435	30659	30714	56	*
Scaffold689	73651	73703	53	*	Scaffold3435	30738	30790	53	*
Scaffold6891	48203	48259	57	*	Scaffold130	108833	108889	57	*
Scaffold6891	48201	48260	60	*	Scaffold1440	62134	62193	60	*
Scaffold6891	37265	37319	55	*	Scaffold1847	14021	14075	55	*
Scaffold6891	37037	37092	56	*	Scaffold1847	13798	13853	56	*
Scaffold6891	36695	36744	50	*	Scaffold1847	13456	13505	50	*
Scaffold6891	37037	37092	56	*	Scaffold1847	1773	1828	56	*
Scaffold6891	36695	36759	65	*	Scaffold1847	1431	1495	65	*
Scaffold6891	37467	37529	63	*	Scaffold1847	2199	2261	63	*
Scaffold6891	38235	38298	64	*	Scaffold1847	2974	3037	64	*
Scaffold6891	37267	37319	53	*	Scaffold1847	2000	2052	53	*
Scaffold6891	38303	38359	57	*	Scaffold1847	3042	3098	57	*
Scaffold6891	38235	38298	64	*	Scaffold1847	14957	15020	64	*
Scaffold6891	45490	45546	57	*	Scaffold480	133042	133098	57	*
Scaffold6893	8743	8799	57	*	Scaffold10	1974666	1974722	57	*
Scaffold6893	8743	8799	57	*	Scaffold10	1972244	1972300	57	*
Scaffold6893	8743	8799	57	*	Scaffold20070	977	1033	57	*
Scaffold6894	65851	65906	56	*	Scaffold1293	58656	58711	56	*
Scaffold6894	65849	65921	73	*	Scaffold15001	382	454	73	*
Scaffold6894	65944	65999	56	*	Scaffold15001	304	359	56	*
Scaffold6895	98	156	59	*	Scaffold127	913548	913606	59	*
Scaffold6895	90	143	54	*	Scaffold127	436749	436802	54	*
Scaffold6895	106	155	50	*	Scaffold16336	18	67	50	*
Scaffold6895	92	152	61	*	Scaffold180	318005	318065	61	*
Scaffold6895	105	158	54	*	Scaffold230	134741	134794	54	*
Scaffold6895	17	156	140	*	Scaffold2634	24217	24356	140	*
Scaffold6895	101	154	54	*	Scaffold34	834204	834257	54	*
Scaffold6895	78	147	70	*	Scaffold54	1169695	1169764	70	*
Scaffold6895	93	156	64	*	Scaffold615	155644	155707	64	*
Scaffold6895	99	155	57	*	Scaffold790	130597	130653	57	*
Scaffold6899	42042	42106	65	*	Scaffold266	402309	402373	65	*
Scaffold69	59015	59113	99	*	Scaffold125	236678	236776	99	*
Scaffold69	31912	31967	56	*	Scaffold125	251304	251359	56	*
Scaffold69	15618	15674	57	*	Scaffold125	279862	279918	57	*
Scaffold69	36344	36397	54	*	Scaffold125	246761	246814	54	*
Scaffold69	57458	57519	62	*	Scaffold2	1383664	1383725	62	*
Scaffold69	16820	16896	77	*	Scaffold5191	8251	8327	77	*
Scaffold6901	49330	49379	50	*	Scaffold854	267438	267487	50	*
Scaffold6919	63186	63235	50	*	Scaffold879	173581	173630	50	*
Scaffold69203	22	74	53	*	Scaffold3112	32375	32427	53	*
Scaffold69233	371	430	60	*	Scaffold646	114716	114775	60	*
Scaffold6925	28419	28471	53	*	Scaffold1689	106903	106955	53	*
Scaffold6928	25350	25402	53	*	Scaffold470	293391	293443	53	*
Scaffold6928	25692	25840	149	*	Scaffold470	293456	293604	149	*
Scaffold6928	25458	25557	100	*	Scaffold470	293499	293598	100	*
Scaffold6929	32045	32161	117	*	Scaffold527	347642	347758	117	*
Scaffold693	43897	43961	65	*	Scaffold1046	102338	102402	65	*
Scaffold693	43904	44008	105	*	Scaffold1407	62122	62226	105	*
Scaffold693	43959	44008	50	*	Scaffold14843	19	68	50	*
Scaffold693	35206	35270	65	*	Scaffold200	26532	26596	65	*
Scaffold693	35165	35251	87	*	Scaffold323	244547	244633	87	*
Scaffold693	35165	35232	68	*	Scaffold3844	3115	3182	68	*
Scaffold693	35165	35257	93	*	Scaffold4667	2971	3063	93	*
Scaffold693	43917	44008	92	*	Scaffold590	332971	333062	92	*
Scaffold693	43911	44007	97	*	Scaffold7075	586	682	97	*
Scaffold693	35179	35250	72	*	Scaffold7864	19252	19323	72	*
Scaffold693	35182	35260	79	*	Scaffold8	683444	683522	79	*
Scaffold6933	56624	56694	71	*	Scaffold1002	49579	49649	71	*
Scaffold6933	76798	76859	62	*	Scaffold3128	7734	7795	62	*
Scaffold6941	4266	4328	63	*	Scaffold3404	56251	56313	63	*
Scaffold6941	7605	7667	63	*	Scaffold3404	58512	58574	63	*
Scaffold6948	4302	4355	54	*	Scaffold1505	66771	66824	54	*
Scaffold6948	507	557	51	*	Scaffold23	222855	222905	51	*
Scaffold6948	15335	15408	74	*	Scaffold322	326971	327044	74	*
Scaffold6953	40216	40281	66	*	Scaffold2054	137849	137914	66	*
Scaffold6953	40227	40277	51	*	Scaffold411	298945	298995	51	*
Scaffold6953	38711	38761	51	*	Scaffold490	18282	18332	51	*
Scaffold6953	35719	35771	53	*	Scaffold490	15165	15217	53	*
Scaffold69629	155	213	59	*	Scaffold1866	9847	9905	59	*
Scaffold6974	7077	7129	53	*	Scaffold2454	79026	79078	53	*
Scaffold69750	408	471	64	*	Scaffold636	557873	557936	64	*
Scaffold6977	57126	57186	61	*	Scaffold1321	35573	35633	61	*
Scaffold698	54150	54199	50	*	Scaffold2483	186389	186438	50	*
Scaffold698	132788	132839	52	*	Scaffold2483	118243	118294	52	*
Scaffold698	70523	70580	58	*	Scaffold2483	170401	170458	58	*
Scaffold698	67824	67881	58	*	Scaffold2483	172011	172068	58	*
Scaffold698	53963	54044	82	*	Scaffold2483	186543	186624	82	*
Scaffold698	137031	137097	67	*	Scaffold2483	113525	113591	67	*
Scaffold698	135601	135663	63	*	Scaffold2483	114586	114648	63	*
Scaffold6980	24431	24486	56	*	Scaffold2123	45485	45540	56	*
Scaffold6981	52710	52766	57	*	Scaffold2738	4392	4448	57	*
Scaffold6981	70930	70982	53	*	Scaffold468	449333	449385	53	*
Scaffold6981	68287	68349	63	*	Scaffold468	452531	452593	63	*
Scaffold6981	94592	94651	60	*	Scaffold468	428299	428358	60	*
Scaffold6981	81158	81225	68	*	Scaffold468	440552	440619	68	*
Scaffold6981	76313	76367	55	*	Scaffold468	445487	445541	55	*
Scaffold6981	77408	77469	62	*	Scaffold468	444608	444669	62	*
Scaffold6981	70646	70696	51	*	Scaffold468	449618	449668	51	*
Scaffold6981	40106	40159	54	*	Scaffold468	470309	470362	54	*
Scaffold6981	38355	38447	93	*	Scaffold468	472745	472837	93	*
Scaffold6981	60949	61014	66	*	Scaffold468	459100	459165	66	*
Scaffold6986	20217	20266	50	*	Scaffold1495	108403	108452	50	*
Scaffold6987	30083	30134	52	*	Scaffold1030	463401	463452	52	*
Scaffold6987	30083	30134	52	*	Scaffold1030	449108	449159	52	*
Scaffold6987	13467	13546	80	*	Scaffold2193	26809	26888	80	*
Scaffold699	140304	140363	60	*	Scaffold1027	250868	250927	60	*
Scaffold699	140372	140431	60	*	Scaffold1109	119194	119253	60	*
Scaffold699	140329	140387	59	*	Scaffold1143	83606	83664	59	*
Scaffold699	140339	140394	56	*	Scaffold1248	102467	102522	56	*
Scaffold699	93283	93344	62	*	Scaffold1276	299220	299281	62	*
Scaffold699	140683	140738	56	*	Scaffold1402	78001	78056	56	*
Scaffold699	140299	140378	80	*	Scaffold1527	43421	43500	80	*
Scaffold699	140380	140433	54	*	Scaffold1527	43502	43555	54	*
Scaffold699	140357	140411	55	*	Scaffold1539	95313	95367	55	*
Scaffold699	140615	140667	53	*	Scaffold1539	95573	95625	53	*
Scaffold699	140669	140724	56	*	Scaffold1539	95627	95682	56	*
Scaffold699	140493	140556	64	*	Scaffold1539	95440	95503	64	*
Scaffold699	140692	140742	51	*	Scaffold1592	40149	40199	51	*
Scaffold699	140506	140572	67	*	Scaffold179	558755	558821	67	*
Scaffold699	140322	140393	72	*	Scaffold1842	57831	57902	72	*
Scaffold699	140645	140705	61	*	Scaffold1842	58146	58206	61	*
Scaffold699	140557	140609	53	*	Scaffold204	81471	81523	53	*
Scaffold699	140639	140704	66	*	Scaffold2768	1731	1796	66	*
Scaffold699	140323	140393	71	*	Scaffold2768	2032	2102	71	*
Scaffold699	140609	140661	53	*	Scaffold296	625760	625812	53	*
Scaffold699	140380	140471	92	*	Scaffold296	625521	625612	92	*
Scaffold699	140682	140741	60	*	Scaffold296	625833	625892	60	*
Scaffold699	140612	140670	59	*	Scaffold30995	283	341	59	*
Scaffold699	140331	140385	55	*	Scaffold5224	7003	7057	55	*
Scaffold699	140605	140660	56	*	Scaffold5224	6736	6791	56	*
Scaffold699	140364	140433	70	*	Scaffold54	537817	537886	70	*
Scaffold699	140688	140747	60	*	Scaffold564	497831	497890	60	*
Scaffold699	140299	140363	65	*	Scaffold594	261130	261194	65	*
Scaffold699	140334	140385	52	*	Scaffold786	281297	281348	52	*
Scaffold699	140095	140144	50	*	Scaffold847	36774	36823	50	*
Scaffold69933	24	80	57	*	Scaffold1527	43508	43564	57	*
Scaffold6994	52222	52286	65	*	Scaffold18	332710	332774	65	*
Scaffold6997	17665	17724	60	*	Scaffold1527	43364	43423	60	*
Scaffold6998	72147	72205	59	*	Scaffold18	331975	332033	59	*
Scaffold70	117686	117749	64	*	Scaffold18	332954	333017	64	*
Scaffold70	135309	135385	77	*	Scaffold503	167002	167078	77	*
Scaffold70	175704	175762	59	*	Scaffold503	197700	197758	59	*
Scaffold70	132756	132806	51	*	Scaffold503	165340	165390	51	*
Scaffold7006	42804	42880	77	*	Scaffold7	378324	378400	77	*
Scaffold7006	42804	42880	77	*	Scaffold7	385993	386069	77	*
Scaffold701	134048	134101	54	*	Scaffold504	588498	588551	54	*
Scaffold7021	2705	2761	57	*	Scaffold121	181562	181618	57	*
Scaffold7021	9812	9891	80	*	Scaffold121	187819	187898	80	*
Scaffold7021	8802	8854	53	*	Scaffold121	186876	186928	53	*
Scaffold7021	2588	2651	64	*	Scaffold121	181438	181501	64	*
Scaffold7027	136	190	55	*	Scaffold806	284783	284837	55	*
Scaffold7029	37573	37627	55	*	Scaffold1301	260988	261042	55	*
Scaffold7029	32217	32287	71	*	Scaffold1301	267517	267587	71	*
Scaffold7029	14520	14571	52	*	Scaffold1301	279936	279987	52	*
Scaffold7029	4792	4841	50	*	Scaffold1301	284715	284764	50	*
Scaffold7029	22210	22290	81	*	Scaffold1301	275986	276066	81	*
Scaffold7029	48304	48361	58	*	Scaffold1301	244617	244674	58	*
Scaffold7029	55429	55492	64	*	Scaffold1301	240908	240971	64	*
Scaffold7029	73647	73707	61	*	Scaffold220	44414	44474	61	*
Scaffold7030	27284	27341	58	*	Scaffold2398	62208	62265	58	*
Scaffold7031	18312	18372	61	*	Scaffold1527	43502	43562	61	*
Scaffold7031	18247	18306	60	*	Scaffold1527	43436	43495	60	*
Scaffold7038	29904	29973	70	*	Scaffold1054	285313	285382	70	*
Scaffold7038	29914	29973	60	*	Scaffold1054	282021	282080	60	*
Scaffold70434	584	635	52	*	Scaffold400	43743	43794	52	*
Scaffold7048	44398	44453	56	*	Scaffold140	400167	400222	56	*
Scaffold7048	48415	48468	54	*	Scaffold167	378745	378798	54	*
Scaffold7060	31214	31267	54	*	Scaffold520	542131	542184	54	*
Scaffold7060	4218	4269	52	*	Scaffold520	523483	523534	52	*
Scaffold7060	3742	3791	50	*	Scaffold520	523002	523051	50	*
Scaffold7060	10142	10208	67	*	Scaffold520	529119	529185	67	*
Scaffold7066	10337	10395	59	*	Scaffold11504	259	317	59	*
Scaffold7071	72253	72327	75	*	Scaffold1647	1013	1087	75	*
Scaffold7071	62541	62590	50	*	Scaffold1647	8424	8473	50	*
Scaffold7071	43968	44038	71	*	Scaffold1647	23852	23922	71	*
Scaffold7071	72089	72139	51	*	Scaffold1647	1200	1250	51	*
Scaffold7075	4886	4939	54	*	Scaffold4	876486	876539	54	*
Scaffold70796	157	207	51	*	Scaffold19990	1559	1609	51	*
Scaffold70796	78	146	69	*	Scaffold19990	1480	1548	69	*
Scaffold70796	148	205	58	*	Scaffold310	361737	361794	58	*
Scaffold708	63843	63919	77	*	Scaffold134	170585	170661	77	*
Scaffold708	62931	63107	177	*	Scaffold134	169655	169831	177	*
Scaffold708	63400	63466	67	*	Scaffold134	170141	170207	67	*
Scaffold708	109265	109356	92	*	Scaffold134	214618	214709	92	*
Scaffold7083	15968	16017	50	*	Scaffold194	856367	856416	50	*
Scaffold70848	142	192	51	*	Scaffold226	241108	241158	51	*
Scaffold7085	51912	51967	56	*	Scaffold1527	43375	43430	56	*
Scaffold7091	72749	72798	50	*	Scaffold142	545559	545608	50	*
Scaffold7091	119755	119804	50	*	Scaffold142	499585	499634	50	*
Scaffold7091	58686	58741	56	*	Scaffold142	556532	556587	56	*
Scaffold7091	30778	30845	68	*	Scaffold142	584168	584235	68	*
Scaffold7091	86912	86961	50	*	Scaffold142	526023	526072	50	*
Scaffold7091	48588	48665	78	*	Scaffold142	567017	567094	78	*
Scaffold7091	73875	73930	56	*	Scaffold142	544468	544523	56	*
Scaffold7091	66700	66756	57	*	Scaffold142	549113	549169	57	*
Scaffold7091	44126	44175	50	*	Scaffold142	570728	570777	50	*
Scaffold7091	31188	31297	110	*	Scaffold142	583717	583826	110	*
Scaffold7091	17113	17186	74	*	Scaffold142	594675	594748	74	*
Scaffold7091	84627	84703	77	*	Scaffold142	528699	528775	77	*
Scaffold7091	120712	120776	65	*	Scaffold142	498597	498661	65	*
Scaffold7091	40642	40691	50	*	Scaffold142	574234	574283	50	*
Scaffold7091	42152	42209	58	*	Scaffold142	572553	572610	58	*
Scaffold7091	96478	96528	51	*	Scaffold142	516769	516819	51	*
Scaffold7091	119528	119591	64	*	Scaffold142	499797	499860	64	*
Scaffold7091	119640	119704	65	*	Scaffold142	499679	499743	65	*
Scaffold7091	32267	32344	78	*	Scaffold142	582926	583003	78	*
Scaffold710	13713	13767	55	*	Scaffold691	17027	17081	55	*
Scaffold71005	114	163	50	*	Scaffold261	370949	370998	50	*
Scaffold71094	84	172	89	*	Scaffold144	588959	589047	89	*
Scaffold7113	15719	15778	60	*	Scaffold2123	42725	42784	60	*
Scaffold7113	15799	15849	51	*	Scaffold2123	42654	42704	51	*
Scaffold7113	116741	116804	64	*	Scaffold2619	28491	28554	64	*
Scaffold7113	95794	95846	53	*	Scaffold2619	45692	45744	53	*
Scaffold7113	15575	15637	63	*	Scaffold651	375021	375083	63	*
Scaffold7113	15130	15198	69	*	Scaffold85	97301	97369	69	*
Scaffold7123	28352	28410	59	*	Scaffold494	250229	250287	59	*
Scaffold7125	47853	47907	55	*	Scaffold194	369109	369163	55	*
Scaffold7125	23057	23115	59	*	Scaffold194	347567	347625	59	*
Scaffold7129	57750	57806	57	*	Scaffold58	839390	839446	57	*
Scaffold7129	57750	57806	57	*	Scaffold58	821308	821364	57	*
Scaffold713	127875	127933	59	*	Scaffold1206	93973	94031	59	*
Scaffold713	8983	9078	96	*	Scaffold688	81961	82056	96	*
Scaffold7131	5242	5311	70	*	Scaffold1736	37127	37196	70	*
Scaffold7148	29171	29220	50	*	Scaffold22	719415	719464	50	*
Scaffold7149	666	729	64	*	Scaffold1924	82106	82169	64	*
Scaffold7149	732	798	67	*	Scaffold1924	82035	82101	67	*
Scaffold7155	19006	19091	86	*	Scaffold33	453168	453253	86	*
Scaffold7155	31732	31787	56	*	Scaffold661	77986	78041	56	*
Scaffold7159	20380	20441	62	*	Scaffold1527	43307	43368	62	*
Scaffold7159	20440	20499	60	*	Scaffold199	626205	626264	60	*
Scaffold7159	20353	20409	57	*	Scaffold199	626298	626354	57	*
Scaffold7159	20420	20475	56	*	Scaffold88	246575	246630	56	*
Scaffold716	10774	10836	63	*	Scaffold1912	6758	6820	63	*
Scaffold716	67407	67493	87	*	Scaffold345	913972	914058	87	*
Scaffold717	36683	36738	56	*	Scaffold1259	130725	130780	56	*
Scaffold7170	33985	34047	63	*	Scaffold1406	67214	67276	63	*
Scaffold7170	44426	44534	109	*	Scaffold1527	43370	43478	109	*
Scaffold7170	33988	34046	59	*	Scaffold40	693458	693516	59	*
Scaffold7170	34004	34055	52	*	Scaffold90	1126449	1126500	52	*
Scaffold7171	26235	26285	51	*	Scaffold2782	28997	29047	51	*
Scaffold7174	37515	37569	55	*	Scaffold8467	602	656	55	*
Scaffold7176	52142	52194	53	*	Scaffold320	114112	114164	53	*
Scaffold7176	47311	47365	55	*	Scaffold320	118274	118328	55	*
Scaffold7176	48971	49030	60	*	Scaffold320	116433	116492	60	*
Scaffold71792	79	136	58	*	Scaffold1916	166846	166903	58	*
Scaffold71792	3	77	75	*	Scaffold1916	166904	166978	75	*
Scaffold7185	94676	94779	104	*	Scaffold1763	123686	123789	104	*
Scaffold7186	36578	36627	50	*	Scaffold1105	172257	172306	50	*
Scaffold7194	20753	20807	55	*	Scaffold198	603468	603522	55	*
Scaffold7194	20618	20714	97	*	Scaffold198	603561	603657	97	*
Scaffold72	71556	71621	66	*	Scaffold1177	136239	136304	66	*
Scaffold72	61566	61640	75	*	Scaffold20	1071928	1072002	75	*
Scaffold72	133975	134038	64	*	Scaffold20	1119609	1119672	64	*
Scaffold72	66488	66537	50	*	Scaffold20	1077180	1077229	50	*
Scaffold72	42407	42506	100	*	Scaffold20	1055888	1055987	100	*
Scaffold72	54529	54587	59	*	Scaffold20	1066298	1066356	59	*
Scaffold72	61643	61699	57	*	Scaffold20	1072005	1072061	57	*
Scaffold72	111709	111768	60	*	Scaffold20	1112169	1112228	60	*
Scaffold72	48165	48224	60	*	Scaffold20	1060145	1060204	60	*
Scaffold72	66759	66838	80	*	Scaffold20	1077441	1077520	80	*
Scaffold72	129774	129845	72	*	Scaffold20	1117169	1117240	72	*
Scaffold72	133975	134038	64	*	Scaffold6723	4071	4134	64	*
Scaffold72	129774	129845	72	*	Scaffold6723	1631	1702	72	*
Scaffold7201	47273	47332	60	*	Scaffold154	762938	762997	60	*
Scaffold7201	14101	14160	60	*	Scaffold592	350840	350899	60	*
Scaffold7201	16510	16580	71	*	Scaffold592	353133	353203	71	*
Scaffold7201	18324	18379	56	*	Scaffold592	354097	354152	56	*
Scaffold7201	16443	16499	57	*	Scaffold592	353066	353122	57	*
Scaffold7203	10148	10206	59	*	Scaffold198	603598	603656	59	*
Scaffold7214	32562	32613	52	*	Scaffold583	197356	197407	52	*
Scaffold7214	32671	32724	54	*	Scaffold583	197465	197518	54	*
Scaffold7215	8282	8386	105	*	Scaffold1212	17845	17949	105	*
Scaffold7215	8282	8386	105	*	Scaffold5987	28113	28217	105	*
Scaffold7223	18566	18615	50	*	Scaffold901	412191	412240	50	*
Scaffold7223	26844	26927	84	*	Scaffold901	408097	408180	84	*
Scaffold7223	26929	26978	50	*	Scaffold901	408046	408095	50	*
Scaffold7223	26607	26710	104	*	Scaffold901	408314	408417	104	*
Scaffold7225	26347	26398	52	*	Scaffold108	168903	168954	52	*
Scaffold7225	26475	26540	66	*	Scaffold1527	43502	43567	66	*
Scaffold7225	26343	26407	65	*	Scaffold1527	43370	43434	65	*
Scaffold7225	26452	26502	51	*	Scaffold216	115421	115471	51	*
Scaffold7225	26438	26509	72	*	Scaffold2447	21747	21818	72	*
Scaffold7226	15130	15191	62	*	Scaffold1527	43307	43368	62	*
Scaffold7226	15193	15242	50	*	Scaffold1527	43370	43419	50	*
Scaffold7226	54654	54725	72	*	Scaffold33	361456	361527	72	*
Scaffold7226	54591	54644	54	*	Scaffold33	361393	361446	54	*
Scaffold7226	54654	54725	72	*	Scaffold36	939931	940002	72	*
Scaffold7226	54591	54644	54	*	Scaffold36	939868	939921	54	*
Scaffold7228	68421	68474	54	*	Scaffold511	112741	112794	54	*
Scaffold723	96895	96951	57	*	Scaffold2444	10898	10954	57	*
Scaffold7231	89207	89259	53	*	Scaffold225	656034	656086	53	*
Scaffold7234	41336	41392	57	*	Scaffold1113	64516	64572	57	*
Scaffold7235	1661	1713	53	*	Scaffold307	590454	590506	53	*
Scaffold7239	32723	32785	63	*	Scaffold21	448128	448190	63	*
Scaffold724	96975	97025	51	*	Scaffold1828	106214	106264	51	*
Scaffold724	90306	90374	69	*	Scaffold1828	102190	102258	69	*
Scaffold724	94312	94366	55	*	Scaffold1828	104842	104896	55	*
Scaffold724	63357	63406	50	*	Scaffold1942	10949	10998	50	*
Scaffold724	96975	97025	51	*	Scaffold29529	702	752	51	*
Scaffold724	90306	90374	69	*	Scaffold666	205861	205929	69	*
Scaffold724	96975	97025	51	*	Scaffold666	201270	201320	51	*
Scaffold7241	67324	67377	54	*	Scaffold857	452920	452973	54	*
Scaffold7241	65910	65963	54	*	Scaffold857	452920	452973	54	*
Scaffold7244	23464	23515	52	*	Scaffold1008	100707	100758	52	*
Scaffold7244	70496	70548	53	*	Scaffold474	66416	66468	53	*
Scaffold7244	6104	6156	53	*	Scaffold674	389091	389143	53	*
Scaffold7245	7037	7094	58	*	Scaffold1206	94037	94094	58	*
Scaffold7245	4653	4714	62	*	Scaffold1206	93724	93785	62	*
Scaffold7257	18400	18450	51	*	Scaffold87	348175	348225	51	*
Scaffold7257	19557	19610	54	*	Scaffold87	349571	349624	54	*
Scaffold726	144312	144361	50	*	Scaffold4134	12015	12064	50	*
Scaffold7261	14823	14879	57	*	Scaffold1489	69813	69869	57	*
Scaffold7261	9269	9324	56	*	Scaffold1489	73773	73828	56	*
Scaffold7263	44022	44082	61	*	Scaffold1051	125781	125841	61	*
Scaffold7270	10511	10564	54	*	Scaffold479	458732	458785	54	*
Scaffold7281	32463	32670	208	*	Scaffold5191	8303	8510	208	*
Scaffold7281	50341	50409	69	*	Scaffold558	389760	389828	69	*
Scaffold7284	43935	44009	75	*	Scaffold198	603639	603713	75	*
Scaffold7284	43834	43933	100	*	Scaffold198	603538	603637	100	*
Scaffold7285	89195	89331	137	*	Scaffold232	39233	39369	137	*
Scaffold7285	26356	26462	107	*	Scaffold661	78086	78192	107	*
Scaffold7285	96964	97021	58	*	Scaffold770	88835	88892	58	*
Scaffold7293	16850	16911	62	*	Scaffold293	113823	113884	62	*
Scaffold7296	41409	41472	64	*	Scaffold1206	93970	94033	64	*
Scaffold7297	61140	61198	59	*	Scaffold658	269602	269660	59	*
Scaffold7297	41462	41516	55	*	Scaffold658	250731	250785	55	*
Scaffold7297	62145	62199	55	*	Scaffold658	270411	270465	55	*
Scaffold7297	37631	37683	53	*	Scaffold658	247738	247790	53	*
Scaffold7297	61980	62031	52	*	Scaffold658	270248	270299	52	*
Scaffold7297	41547	41599	53	*	Scaffold658	250816	250868	53	*
Scaffold7297	57604	57689	86	*	Scaffold658	266522	266607	86	*
Scaffold7297	38041	38090	50	*	Scaffold658	248141	248190	50	*
Scaffold7297	5319	5370	52	*	Scaffold658	213779	213830	52	*
Scaffold7297	31037	31088	52	*	Scaffold658	242132	242183	52	*
Scaffold7297	56691	56744	54	*	Scaffold658	265411	265464	54	*
Scaffold7297	50881	50965	85	*	Scaffold658	258997	259081	85	*
Scaffold7297	42579	42670	92	*	Scaffold658	251890	251981	92	*
Scaffold7297	56636	56685	50	*	Scaffold658	265357	265406	50	*
Scaffold7297	42518	42567	50	*	Scaffold658	251829	251878	50	*
Scaffold7297	30941	31025	85	*	Scaffold658	242036	242120	85	*
Scaffold7297	60928	61000	73	*	Scaffold658	269395	269467	73	*
Scaffold72996	91	144	54	*	Scaffold1062	47266	47319	54	*
Scaffold73	122483	122607	125	*	Scaffold19	59761	59885	125	*
Scaffold73	124966	125017	52	*	Scaffold19	62236	62287	52	*
Scaffold73	122001	122094	94	*	Scaffold19	59280	59373	94	*
Scaffold73	122613	122671	59	*	Scaffold19	59891	59949	59	*
Scaffold73	129635	129695	61	*	Scaffold19	65933	65993	61	*
Scaffold73	123813	123905	93	*	Scaffold19	61377	61469	93	*
Scaffold73	121001	121064	64	*	Scaffold19	57979	58042	64	*
Scaffold73	94873	94926	54	*	Scaffold19	28823	28876	54	*
Scaffold73	117461	117546	86	*	Scaffold19	54139	54224	86	*
Scaffold73	123546	123650	105	*	Scaffold19	61124	61228	105	*
Scaffold73	122360	122473	114	*	Scaffold19	59638	59751	114	*
Scaffold7300	10465	10516	52	*	Scaffold254	654866	654917	52	*
Scaffold7303	26223	26282	60	*	Scaffold688	11431	11490	60	*
Scaffold731	126159	126208	50	*	Scaffold418	110155	110204	50	*
Scaffold731	121046	121108	63	*	Scaffold418	105441	105503	63	*
Scaffold731	111014	111067	54	*	Scaffold418	95899	95952	54	*
Scaffold731	97070	97128	59	*	Scaffold418	81917	81975	59	*
Scaffold731	115992	116082	91	*	Scaffold418	100829	100919	91	*
Scaffold7321	58258	58314	57	*	Scaffold65	652829	652885	57	*
Scaffold7321	9566	9617	52	*	Scaffold792	36491	36542	52	*
Scaffold7322	19599	19649	51	*	Scaffold983	430026	430076	51	*
Scaffold7325	10993	11050	58	*	Scaffold2280	3331	3388	58	*
Scaffold7327	2988	3039	52	*	Scaffold27542	125	176	52	*
Scaffold7327	34423	34497	75	*	Scaffold421	343527	343601	75	*
Scaffold733	42122	42192	71	*	Scaffold56	127825	127895	71	*
Scaffold733	35438	35489	52	*	Scaffold56	134741	134792	52	*
Scaffold733	48275	48358	84	*	Scaffold56	122371	122454	84	*
Scaffold733	20855	20914	60	*	Scaffold56	150229	150288	60	*
Scaffold733	69536	69596	61	*	Scaffold56	54519	54579	61	*
Scaffold733	64463	64530	68	*	Scaffold56	56052	56119	68	*
Scaffold733	37000	37127	128	*	Scaffold56	133971	134098	128	*
Scaffold733	32810	32861	52	*	Scaffold56	137266	137317	52	*
Scaffold733	25203	25265	63	*	Scaffold56	145641	145703	63	*
Scaffold733	19666	19725	60	*	Scaffold56	150229	150288	60	*
Scaffold733	90466	90522	57	*	Scaffold56	113793	113849	57	*
Scaffold733	55064	55117	54	*	Scaffold56	65704	65757	54	*
Scaffold733	34932	34994	63	*	Scaffold56	135340	135402	63	*
Scaffold733	44681	44796	116	*	Scaffold56	125943	126058	116	*
Scaffold733	29499	29578	80	*	Scaffold56	141036	141115	80	*
Scaffold733	64463	64530	68	*	Scaffold7172	9215	9282	68	*
Scaffold733	69536	69596	61	*	Scaffold7172	10764	10824	61	*
Scaffold7334	36878	36929	52	*	Scaffold44	845333	845384	52	*
Scaffold7334	41669	41739	71	*	Scaffold79	395788	395858	71	*
Scaffold734	54786	54847	62	*	Scaffold1397	62086	62147	62	*
Scaffold734	54787	54845	59	*	Scaffold1397	145762	145820	59	*
Scaffold734	54793	54854	62	*	Scaffold1475	15061	15122	62	*
Scaffold734	54786	54847	62	*	Scaffold151	796670	796731	62	*
Scaffold734	54789	54846	58	*	Scaffold167	381227	381284	58	*
Scaffold734	54792	54849	58	*	Scaffold29	979727	979784	58	*
Scaffold734	54792	54848	57	*	Scaffold397	89995	90051	57	*
Scaffold734	54792	54853	62	*	Scaffold404	49499	49560	62	*
Scaffold734	54791	54850	60	*	Scaffold477	496589	496648	60	*
Scaffold7340	63912	63988	77	*	Scaffold20	332977	333053	77	*
Scaffold7340	63912	64006	95	*	Scaffold504	588470	588564	95	*
Scaffold7340	63904	63953	50	*	Scaffold636	232749	232798	50	*
Scaffold7340	63937	63995	59	*	Scaffold704	506864	506922	59	*
Scaffold7345	36659	36716	58	*	Scaffold1223	64303	64360	58	*
Scaffold7345	15970	16021	52	*	Scaffold1758	199677	199728	52	*
Scaffold7348	7267	7326	60	*	Scaffold105	550419	550478	60	*
Scaffold7348	7285	7351	67	*	Scaffold879	173513	173579	67	*
Scaffold735	40255	40322	68	*	Scaffold1408	30440	30507	68	*
Scaffold735	54961	55011	51	*	Scaffold1408	17735	17785	51	*
Scaffold735	53655	53714	60	*	Scaffold1408	17735	17794	60	*
Scaffold735	23021	23070	50	*	Scaffold1408	43235	43284	50	*
Scaffold7352	17578	17630	53	*	Scaffold1122	274129	274181	53	*
Scaffold7352	17440	17497	58	*	Scaffold1527	43370	43427	58	*
Scaffold7352	1841	1917	77	*	Scaffold238	296691	296767	77	*
Scaffold7352	32313	32366	54	*	Scaffold449	334840	334893	54	*
Scaffold7354	34423	34476	54	*	Scaffold387	427392	427445	54	*
Scaffold7354	25399	25458	60	*	Scaffold387	432877	432936	60	*
Scaffold736	64654	64714	61	*	Scaffold198	189258	189318	61	*
Scaffold7363	13112	13161	50	*	Scaffold111	280336	280385	50	*
Scaffold7363	13474	13547	74	*	Scaffold256	717436	717509	74	*
Scaffold7363	11929	11982	54	*	Scaffold453	597970	598023	54	*
Scaffold7363	13133	13195	63	*	Scaffold453	597815	597877	63	*
Scaffold7363	13076	13132	57	*	Scaffold456	127289	127345	57	*
Scaffold7363	13153	13210	58	*	Scaffold456	127211	127268	58	*
Scaffold7363	11854	11924	71	*	Scaffold585	164492	164562	71	*
Scaffold7363	13470	13523	54	*	Scaffold645	372732	372785	54	*
Scaffold7363	11908	11982	75	*	Scaffold672	145763	145837	75	*
Scaffold7366	33564	33619	56	*	Scaffold1148	77705	77760	56	*
Scaffold7366	33569	33627	59	*	Scaffold123	561841	561899	59	*
Scaffold7366	33567	33629	63	*	Scaffold242	260900	260962	63	*
Scaffold7366	33567	33620	54	*	Scaffold2674	23954	24007	54	*
Scaffold7366	33566	33626	61	*	Scaffold314	127963	128023	61	*
Scaffold7366	33565	33624	60	*	Scaffold624	241128	241187	60	*
Scaffold7366	33569	33627	59	*	Scaffold774	394965	395023	59	*
Scaffold7366	33567	33623	57	*	Scaffold799	99140	99196	57	*
Scaffold7366	33569	33626	58	*	Scaffold966	634030	634087	58	*
Scaffold737	122301	122356	56	*	Scaffold1030	407557	407612	56	*
Scaffold737	101933	101982	50	*	Scaffold1030	391263	391312	50	*
Scaffold737	70142	70191	50	*	Scaffold1030	367469	367518	50	*
Scaffold737	118299	118361	63	*	Scaffold1030	403580	403642	63	*
Scaffold73704	39	91	53	*	Scaffold418	537596	537648	53	*
Scaffold7372	17520	17570	51	*	Scaffold520	474318	474368	51	*
Scaffold7372	19703	19763	61	*	Scaffold520	471727	471787	61	*
Scaffold7372	16399	16450	52	*	Scaffold520	474925	474976	52	*
Scaffold7372	65921	65990	70	*	Scaffold5224	7093	7162	70	*
Scaffold7373	20398	20452	55	*	Scaffold252	726961	727015	55	*
Scaffold7377	28364	28416	53	*	Scaffold124	741628	741680	53	*
Scaffold7377	28342	28416	75	*	Scaffold14464	956	1030	75	*
Scaffold7377	28342	28416	75	*	Scaffold157	511311	511385	75	*
Scaffold7377	28345	28416	72	*	Scaffold174	323152	323223	72	*
Scaffold7377	28342	28416	75	*	Scaffold199	44301	44375	75	*
Scaffold7377	28320	28410	91	*	Scaffold221	492684	492774	91	*
Scaffold7377	28342	28416	75	*	Scaffold23502	62	136	75	*
Scaffold7377	28342	28416	75	*	Scaffold2465	35425	35499	75	*
Scaffold7377	28349	28416	68	*	Scaffold2516	57086	57153	68	*
Scaffold7377	28361	28434	74	*	Scaffold2530	10646	10719	74	*
Scaffold7377	28311	28390	80	*	Scaffold258	266270	266349	80	*
Scaffold7377	28309	28398	90	*	Scaffold259	330976	331065	90	*
Scaffold7377	28344	28402	59	*	Scaffold2627	56076	56134	59	*
Scaffold7377	28366	28420	55	*	Scaffold2672	66999	67053	55	*
Scaffold7377	28361	28416	56	*	Scaffold2747	67730	67785	56	*
Scaffold7377	28342	28416	75	*	Scaffold28073	585	659	75	*
Scaffold7377	28342	28410	69	*	Scaffold305	49266	49334	69	*
Scaffold7377	28311	28416	106	*	Scaffold32	112354	112459	106	*
Scaffold7377	28342	28416	75	*	Scaffold358	220212	220286	75	*
Scaffold7377	28345	28416	72	*	Scaffold373	330610	330681	72	*
Scaffold7377	28342	28416	75	*	Scaffold4202	7087	7161	75	*
Scaffold7377	28365	28416	52	*	Scaffold43	111224	111275	52	*
Scaffold7377	28340	28416	77	*	Scaffold467	157926	158002	77	*
Scaffold7377	28342	28416	75	*	Scaffold5114	6547	6621	75	*
Scaffold7377	28342	28416	75	*	Scaffold547	215821	215895	75	*
Scaffold7377	28342	28395	54	*	Scaffold704	207419	207472	54	*
Scaffold7377	28342	28416	75	*	Scaffold715	353182	353256	75	*
Scaffold7377	28342	28416	75	*	Scaffold76	284783	284857	75	*
Scaffold7377	28342	28416	75	*	Scaffold826	43117	43191	75	*
Scaffold7377	28342	28432	91	*	Scaffold850	228144	228234	91	*
Scaffold7380	22219	22276	58	*	Scaffold261	84479	84536	58	*
Scaffold7380	18170	18237	68	*	Scaffold261	89366	89433	68	*
Scaffold7382	13285	13340	56	*	Scaffold1527	43163	43218	56	*
Scaffold7382	13070	13134	65	*	Scaffold1527	43370	43434	65	*
Scaffold7382	51720	51771	52	*	Scaffold2024	142847	142898	52	*
Scaffold7382	74332	74388	57	*	Scaffold2061	83306	83362	57	*
Scaffold7382	13051	13177	127	*	Scaffold240	219995	220121	127	*
Scaffold7382	73332	73405	74	*	Scaffold2526	158681	158754	74	*
Scaffold7383	60563	60627	65	*	Scaffold5191	8391	8455	65	*
Scaffold7383	60629	60693	65	*	Scaffold5191	8457	8521	65	*
Scaffold7383	60489	60554	66	*	Scaffold5191	8317	8382	66	*
Scaffold7390	52221	52327	107	*	Scaffold73	10851	10957	107	*
Scaffold74	126338	126398	61	*	Scaffold1603	133171	133231	61	*
Scaffold74	126277	126326	50	*	Scaffold1603	133110	133159	50	*
Scaffold74	155612	155661	50	*	Scaffold189	614798	614847	50	*
Scaffold74	155585	155640	56	*	Scaffold2162	20884	20939	56	*
Scaffold74	126180	126229	50	*	Scaffold672	50637	50686	50	*
Scaffold740	120177	120230	54	*	Scaffold190	106920	106973	54	*
Scaffold740	98034	98090	57	*	Scaffold190	83066	83122	57	*
Scaffold740	111089	111150	62	*	Scaffold190	96630	96691	62	*
Scaffold740	123545	123595	51	*	Scaffold190	110001	110051	51	*
Scaffold740	124971	125021	51	*	Scaffold190	111447	111497	51	*
Scaffold740	128959	129025	67	*	Scaffold190	116517	116583	67	*
Scaffold740	128204	128261	58	*	Scaffold190	115860	115917	58	*
Scaffold7400	45069	45139	71	*	Scaffold238	409285	409355	71	*
Scaffold7400	26305	26410	106	*	Scaffold688	11397	11502	106	*
Scaffold7402	49947	49997	51	*	Scaffold468	534040	534090	51	*
Scaffold7402	2563	2615	53	*	Scaffold468	504074	504126	53	*
Scaffold7402	47694	47745	52	*	Scaffold468	532914	532965	52	*
Scaffold7404	21412	21465	54	*	Scaffold450	7327	7380	54	*
Scaffold7411	23160	23240	81	*	Scaffold1567	94345	94425	81	*
Scaffold7411	23144	23204	61	*	Scaffold254	597017	597077	61	*
Scaffold7411	23157	23206	50	*	Scaffold2741	12873	12922	50	*
Scaffold7411	23142	23200	59	*	Scaffold277	5459	5517	59	*
Scaffold7411	23192	23247	56	*	Scaffold658	85279	85334	56	*
Scaffold7416	3831	3898	68	*	Scaffold194	856367	856434	68	*
Scaffold7416	3834	3903	70	*	Scaffold238	577008	577077	70	*
Scaffold7416	44972	45031	60	*	Scaffold266	378849	378908	60	*
Scaffold7417	5287	5337	51	*	Scaffold177	535577	535627	51	*
Scaffold7417	21306	21364	59	*	Scaffold177	522234	522292	59	*
Scaffold7417	26109	26169	61	*	Scaffold177	518199	518259	61	*
Scaffold7417	5391	5447	57	*	Scaffold177	535467	535523	57	*
Scaffold7419	6146	6200	55	*	Scaffold31	1131408	1131462	55	*
Scaffold7419	7824	7927	104	*	Scaffold688	11403	11506	104	*
Scaffold7419	6155	6254	100	*	Scaffold688	11393	11492	100	*
Scaffold7420	12940	12992	53	*	Scaffold100	4183	4235	53	*
Scaffold7420	10898	10954	57	*	Scaffold33	677537	677593	57	*
Scaffold7421	8309	8403	95	*	Scaffold333	661848	661942	95	*
Scaffold7421	8405	8459	55	*	Scaffold333	661793	661847	55	*
Scaffold7421	8405	8459	55	*	Scaffold3493	14253	14307	55	*
Scaffold7421	8309	8403	95	*	Scaffold3493	14158	14252	95	*
Scaffold7421	8405	8459	55	*	Scaffold62	1025954	1026008	55	*
Scaffold7421	8309	8403	95	*	Scaffold62	1026009	1026103	95	*
Scaffold7422	40816	40869	54	*	Scaffold1002	229132	229185	54	*
Scaffold7429	15372	15428	57	*	Scaffold562	330896	330952	57	*
Scaffold743	6991	7043	53	*	Scaffold166	402920	402972	53	*
Scaffold743	74825	74885	61	*	Scaffold166	445173	445233	61	*
Scaffold743	65824	65873	50	*	Scaffold166	436757	436806	50	*
Scaffold743	2231	2286	56	*	Scaffold2820	65386	65441	56	*
Scaffold743	2234	2289	56	*	Scaffold325	341554	341609	56	*
Scaffold7431	39610	39677	68	*	Scaffold470	293537	293604	68	*
Scaffold7431	39679	39742	64	*	Scaffold470	293472	293535	64	*
Scaffold7434	40542	40599	58	*	Scaffold2280	525	582	58	*
Scaffold7434	40523	40585	63	*	Scaffold550	423148	423210	63	*
Scaffold7439	54503	54594	92	*	Scaffold68	1056502	1056593	92	*
Scaffold7439	57649	57704	56	*	Scaffold68	1059660	1059715	56	*
Scaffold7439	68161	68225	65	*	Scaffold68	1064674	1064738	65	*
Scaffold7439	13405	13465	61	*	Scaffold68	1026515	1026575	61	*
Scaffold7439	45758	45831	74	*	Scaffold68	1047758	1047831	74	*
Scaffold7439	52238	52299	62	*	Scaffold68	1054717	1054778	62	*
Scaffold7439	70956	71016	61	*	Scaffold68	1070405	1070465	61	*
Scaffold7439	54714	54770	57	*	Scaffold68	1056711	1056767	57	*
Scaffold7439	70782	70841	60	*	Scaffold68	1070237	1070296	60	*
Scaffold7439	15465	15561	97	*	Scaffold68	1028733	1028829	97	*
Scaffold7439	68364	68414	51	*	Scaffold68	1064877	1064927	51	*
Scaffold7439	68227	68319	93	*	Scaffold68	1064740	1064832	93	*
Scaffold7439	37654	37799	146	*	Scaffold68	1041247	1041392	146	*
Scaffold7439	71103	71241	139	*	Scaffold68	1070553	1070691	139	*
Scaffold7439	18190	18326	137	*	Scaffold68	1031565	1031701	137	*
Scaffold7439	65252	65317	66	*	Scaffold68	1063586	1063651	66	*
Scaffold7439	13874	13943	70	*	Scaffold68	1026988	1027057	70	*
Scaffold7439	7523	7576	54	*	Scaffold68	1021431	1021484	54	*
Scaffold7439	45603	45668	66	*	Scaffold68	1047599	1047664	66	*
Scaffold744	7150	7210	61	*	Scaffold602	172813	172873	61	*
Scaffold74460	58	135	78	*	Scaffold144	588961	589038	78	*
Scaffold7447	15608	15659	52	*	Scaffold1395	158007	158058	52	*
Scaffold7456	3176	3229	54	*	Scaffold1259	130724	130777	54	*
Scaffold7465	32777	32834	58	*	Scaffold251	341583	341640	58	*
Scaffold74705	74	135	62	*	Scaffold1108	71131	71192	62	*
Scaffold7478	27687	27774	88	*	Scaffold360	112028	112115	88	*
Scaffold748	30967	31024	58	*	Scaffold1933	89809	89866	58	*
Scaffold7481	26709	26765	57	*	Scaffold658	525003	525059	57	*
Scaffold7481	12726	12775	50	*	Scaffold658	531489	531538	50	*
Scaffold7481	26709	26765	57	*	Scaffold658	521347	521403	57	*
Scaffold7481	15806	15897	92	*	Scaffold658	519147	519238	92	*
Scaffold7481	15806	15897	92	*	Scaffold658	528983	529074	92	*
Scaffold7481	11695	11780	86	*	Scaffold658	532510	532595	86	*
Scaffold7484	37215	37265	51	*	Scaffold365	730357	730407	51	*
Scaffold7486	148780	148845	66	*	Scaffold451	245820	245885	66	*
Scaffold7486	160320	160369	50	*	Scaffold451	234519	234568	50	*
Scaffold7486	128115	128206	92	*	Scaffold451	264109	264200	92	*
Scaffold7486	159334	159391	58	*	Scaffold451	235516	235573	58	*
Scaffold7486	80222	80296	75	*	Scaffold451	311709	311783	75	*
Scaffold7486	154681	154769	89	*	Scaffold451	239297	239385	89	*
Scaffold7486	46282	46336	55	*	Scaffold451	341908	341962	55	*
Scaffold7486	174778	174829	52	*	Scaffold451	219302	219353	52	*
Scaffold7486	166454	166506	53	*	Scaffold451	227541	227593	53	*
Scaffold7486	52237	52309	73	*	Scaffold451	335964	336036	73	*
Scaffold7486	127889	127976	88	*	Scaffold451	264339	264426	88	*
Scaffold7486	46374	46445	72	*	Scaffold451	341799	341870	72	*
Scaffold7486	45309	45375	67	*	Scaffold451	343001	343067	67	*
Scaffold7486	142954	143027	74	*	Scaffold451	250943	251016	74	*
Scaffold7486	39098	39154	57	*	Scaffold451	347949	348005	57	*
Scaffold7486	83058	83109	52	*	Scaffold451	306684	306735	52	*
Scaffold7486	58691	58753	63	*	Scaffold451	332809	332871	63	*
Scaffold7486	90096	90145	50	*	Scaffold451	299562	299611	50	*
Scaffold7486	83058	83109	52	*	Scaffold451	308774	308825	52	*
Scaffold7486	128484	128543	60	*	Scaffold451	263768	263827	60	*
Scaffold7486	58566	58666	101	*	Scaffold451	332897	332997	101	*
Scaffold7486	114002	114051	50	*	Scaffold451	275625	275674	50	*
Scaffold7486	89796	89865	70	*	Scaffold451	299852	299921	70	*
Scaffold7486	136302	136366	65	*	Scaffold451	256369	256433	65	*
Scaffold7486	70370	70437	68	*	Scaffold451	322534	322601	68	*
Scaffold7486	51182	51244	63	*	Scaffold451	336953	337015	63	*
Scaffold7486	135787	135842	56	*	Scaffold451	256877	256932	56	*
Scaffold7486	154775	154833	59	*	Scaffold451	239233	239291	59	*
Scaffold7486	71622	71709	88	*	Scaffold451	321522	321609	88	*
Scaffold7486	82523	82581	59	*	Scaffold451	309312	309370	59	*
Scaffold7486	135844	135904	61	*	Scaffold451	256815	256875	61	*
Scaffold7486	90029	90094	66	*	Scaffold451	299613	299678	66	*
Scaffold7486	82452	82521	70	*	Scaffold451	309372	309441	70	*
Scaffold7486	59989	60064	76	*	Scaffold451	331336	331411	76	*
Scaffold7486	147716	147812	97	*	Scaffold451	246681	246777	97	*
Scaffold7486	155576	155639	64	*	Scaffold451	238305	238368	64	*
Scaffold7486	55280	55331	52	*	Scaffold451	334209	334260	52	*
Scaffold7486	128816	128870	55	*	Scaffold451	263445	263499	55	*
Scaffold7486	52772	52854	83	*	Scaffold451	335425	335507	83	*
Scaffold7486	147661	147714	54	*	Scaffold451	246779	246832	54	*
Scaffold7486	81992	82058	67	*	Scaffold451	309868	309934	67	*
Scaffold7486	70286	70351	66	*	Scaffold451	322620	322685	66	*
Scaffold7486	141366	141430	65	*	Scaffold451	252108	252172	65	*
Scaffold7486	45092	45201	110	*	Scaffold451	343178	343287	110	*
Scaffold7486	52522	52579	58	*	Scaffold451	335694	335751	58	*
Scaffold7486	128631	128700	70	*	Scaffold451	263614	263683	70	*
Scaffold7486	106548	106652	105	*	Scaffold451	286158	286262	105	*
Scaffold7486	171500	171566	67	*	Scaffold451	221818	221884	67	*
Scaffold7492	19099	19150	52	*	Scaffold1108	71066	71117	52	*
Scaffold7492	7505	7559	55	*	Scaffold1206	93596	93650	55	*
Scaffold7492	7513	7567	55	*	Scaffold127	14121	14175	55	*
Scaffold7492	7459	7531	73	*	Scaffold201	337170	337242	73	*
Scaffold7492	7195	7256	62	*	Scaffold3500	40014	40075	62	*
Scaffold7492	29390	29447	58	*	Scaffold864	81204	81261	58	*
Scaffold7492	18360	18418	59	*	Scaffold864	68733	68791	59	*
Scaffold7492	29220	29276	57	*	Scaffold864	81027	81083	57	*
Scaffold7492	33919	33970	52	*	Scaffold864	84337	84388	52	*
Scaffold7492	37451	37517	67	*	Scaffold864	86139	86205	67	*
Scaffold7492	39476	39542	67	*	Scaffold864	86139	86205	67	*
Scaffold7495	11521	11574	54	*	Scaffold447	308640	308693	54	*
Scaffold750	25246	25297	52	*	Scaffold906	164182	164233	52	*
Scaffold7505	56557	56610	54	*	Scaffold1401	200949	201002	54	*
Scaffold751	22285	22340	56	*	Scaffold1010	243446	243501	56	*
Scaffold7517	28483	28551	69	*	Scaffold4	265623	265691	69	*
Scaffold7517	28513	28565	53	*	Scaffold712	129336	129388	53	*
Scaffold75387	42	91	50	*	Scaffold298	127358	127407	50	*
Scaffold7540	15019	15081	63	*	Scaffold1545	38166	38228	63	*
Scaffold7540	15020	15072	53	*	Scaffold32	390396	390448	53	*
Scaffold7542	22128	22182	55	*	Scaffold697	470727	470781	55	*
Scaffold7543	33849	33906	58	*	Scaffold227	487363	487420	58	*
Scaffold7545	3486	3541	56	*	Scaffold2782	97740	97795	56	*
Scaffold755	32996	33091	96	*	Scaffold267	273504	273599	96	*
Scaffold755	121840	121890	51	*	Scaffold29426	824	874	51	*
Scaffold755	166966	167017	52	*	Scaffold7	450455	450506	52	*
Scaffold755	112572	112623	52	*	Scaffold7	499803	499854	52	*
Scaffold755	32996	33091	96	*	Scaffold7	571172	571267	96	*
Scaffold755	121840	121890	51	*	Scaffold7	492245	492295	51	*
Scaffold7559	57362	57415	54	*	Scaffold379	481604	481657	54	*
Scaffold7559	59461	59514	54	*	Scaffold379	481604	481657	54	*
Scaffold756	84710	84766	57	*	Scaffold16857	34440	34496	57	*
Scaffold756	92244	92368	125	*	Scaffold16857	25140	25264	125	*
Scaffold756	92441	92524	84	*	Scaffold16857	24982	25065	84	*
Scaffold756	93850	93906	57	*	Scaffold16857	23611	23667	57	*
Scaffold756	92527	92613	87	*	Scaffold16857	24893	24979	87	*
Scaffold756	82727	82778	52	*	Scaffold16857	36925	36976	52	*
Scaffold756	84970	85024	55	*	Scaffold16857	34181	34235	55	*
Scaffold756	98121	98180	60	*	Scaffold16857	18838	18897	60	*
Scaffold756	79930	79979	50	*	Scaffold16857	39811	39860	50	*
Scaffold756	77674	77729	56	*	Scaffold16857	41950	42005	56	*
Scaffold756	84624	84708	85	*	Scaffold16857	34498	34582	85	*
Scaffold756	93658	93725	68	*	Scaffold16857	23789	23856	68	*
Scaffold756	90753	90811	59	*	Scaffold16857	27115	27173	59	*
Scaffold756	90018	90088	71	*	Scaffold16857	27593	27663	71	*
Scaffold756	93936	93985	50	*	Scaffold16857	23532	23581	50	*
Scaffold756	102347	102409	63	*	Scaffold16857	16360	16422	63	*
Scaffold756	86808	86862	55	*	Scaffold16857	31769	31823	55	*
Scaffold756	97227	97342	116	*	Scaffold16857	19869	19984	116	*
Scaffold756	88413	88510	98	*	Scaffold16857	29107	29204	98	*
Scaffold756	93029	93083	55	*	Scaffold16857	24429	24483	55	*
Scaffold756	85280	85385	106	*	Scaffold16857	33842	33947	106	*
Scaffold756	97584	97644	61	*	Scaffold16857	19430	19490	61	*
Scaffold756	77813	77867	55	*	Scaffold16857	41802	41856	55	*
Scaffold756	91999	92125	127	*	Scaffold16857	25383	25509	127	*
Scaffold756	85026	85140	115	*	Scaffold16857	34065	34179	115	*
Scaffold756	164557	164607	51	*	Scaffold311	305747	305797	51	*
Scaffold756	92441	92524	84	*	Scaffold311	240527	240610	84	*
Scaffold756	207696	207745	50	*	Scaffold311	345804	345853	50	*
Scaffold756	93850	93906	57	*	Scaffold311	241925	241981	57	*
Scaffold756	92013	92083	71	*	Scaffold311	240098	240168	71	*
Scaffold756	92527	92613	87	*	Scaffold311	240613	240699	87	*
Scaffold756	93936	93985	50	*	Scaffold311	242011	242060	50	*
Scaffold756	93658	93725	68	*	Scaffold311	241736	241803	68	*
Scaffold756	11801	11892	92	*	Scaffold311	204618	204709	92	*
Scaffold756	6915	6964	50	*	Scaffold311	201291	201340	50	*
Scaffold756	11619	11799	181	*	Scaffold311	204436	204616	181	*
Scaffold756	175724	175773	50	*	Scaffold311	316022	316071	50	*
Scaffold756	92244	92368	125	*	Scaffold311	240328	240452	125	*
Scaffold756	175542	175597	56	*	Scaffold311	315841	315896	56	*
Scaffold756	93029	93083	55	*	Scaffold311	241109	241163	55	*
Scaffold756	90018	90088	71	*	Scaffold511	641815	641885	71	*
Scaffold756	11801	11892	92	*	Scaffold511	578496	578587	92	*
Scaffold756	6915	6964	50	*	Scaffold511	575143	575192	50	*
Scaffold756	17529	17604	76	*	Scaffold511	581970	582045	76	*
Scaffold756	18212	18312	101	*	Scaffold511	582648	582748	101	*
Scaffold756	79930	79979	50	*	Scaffold511	629829	629878	50	*
Scaffold756	98121	98180	60	*	Scaffold511	650580	650639	60	*
Scaffold756	93936	93985	50	*	Scaffold511	645890	645939	50	*
Scaffold756	93658	93725	68	*	Scaffold511	645615	645682	68	*
Scaffold756	45048	45101	54	*	Scaffold511	602823	602876	54	*
Scaffold756	92441	92524	84	*	Scaffold511	644412	644495	84	*
Scaffold756	17143	17218	76	*	Scaffold511	581970	582045	76	*
Scaffold756	82727	82778	52	*	Scaffold511	632753	632804	52	*
Scaffold756	92244	92368	125	*	Scaffold511	644213	644337	125	*
Scaffold756	93850	93906	57	*	Scaffold511	645804	645860	57	*
Scaffold756	71424	71479	56	*	Scaffold511	621417	621472	56	*
Scaffold756	77813	77867	55	*	Scaffold511	627837	627891	55	*
Scaffold756	64989	65040	52	*	Scaffold511	616350	616401	52	*
Scaffold756	84624	84708	85	*	Scaffold511	634895	634979	85	*
Scaffold756	19343	19399	57	*	Scaffold511	582837	582893	57	*
Scaffold756	74639	74692	54	*	Scaffold511	624622	624675	54	*
Scaffold756	19343	19399	57	*	Scaffold511	579868	579924	57	*
Scaffold756	64881	64946	66	*	Scaffold511	616246	616311	66	*
Scaffold756	91999	92125	127	*	Scaffold511	643968	644094	127	*
Scaffold756	19427	19510	84	*	Scaffold511	579953	580036	84	*
Scaffold756	62664	62753	90	*	Scaffold511	614541	614630	90	*
Scaffold756	71873	71934	62	*	Scaffold511	621865	621926	62	*
Scaffold756	85280	85385	106	*	Scaffold511	635530	635635	106	*
Scaffold756	102347	102409	63	*	Scaffold511	653086	653148	63	*
Scaffold756	44913	45010	98	*	Scaffold511	602688	602785	98	*
Scaffold756	62755	62805	51	*	Scaffold511	614632	614682	51	*
Scaffold756	85026	85140	115	*	Scaffold511	635299	635413	115	*
Scaffold756	92527	92613	87	*	Scaffold511	644498	644584	87	*
Scaffold756	18020	18075	56	*	Scaffold511	582447	582502	56	*
Scaffold756	86808	86862	55	*	Scaffold511	637656	637710	55	*
Scaffold756	28930	28988	59	*	Scaffold511	593014	593072	59	*
Scaffold756	84710	84766	57	*	Scaffold511	634981	635037	57	*
Scaffold756	77674	77729	56	*	Scaffold511	627688	627743	56	*
Scaffold756	97227	97342	116	*	Scaffold511	649492	649607	116	*
Scaffold756	19472	19530	59	*	Scaffold511	582967	583025	59	*
Scaffold756	88413	88510	98	*	Scaffold511	640275	640372	98	*
Scaffold756	11619	11799	181	*	Scaffold511	578314	578494	181	*
Scaffold756	18406	18455	50	*	Scaffold511	582844	582893	50	*
Scaffold756	50494	50589	96	*	Scaffold511	606654	606749	96	*
Scaffold756	18530	18588	59	*	Scaffold511	582967	583025	59	*
Scaffold756	90753	90811	59	*	Scaffold511	642304	642362	59	*
Scaffold756	19157	19257	101	*	Scaffold511	582648	582748	101	*
Scaffold756	84970	85024	55	*	Scaffold511	635243	635297	55	*
Scaffold756	93029	93083	55	*	Scaffold511	644988	645042	55	*
Scaffold7560	22101	22153	53	*	Scaffold2507	194666	194718	53	*
Scaffold7560	23734	23805	72	*	Scaffold284	411962	412033	72	*
Scaffold7560	22101	22155	55	*	Scaffold608	283205	283259	55	*
Scaffold7560	22103	22171	69	*	Scaffold848	11572	11640	69	*
Scaffold7560	22103	22171	69	*	Scaffold848	165615	165683	69	*
Scaffold757	17	77	61	*	Scaffold511	593014	593074	61	*
Scaffold75714	1	60	60	*	Scaffold288	503485	503544	60	*
Scaffold75740	1	66	66	*	Scaffold5	1006608	1006673	66	*
Scaffold7579	27589	27644	56	*	Scaffold1640	279394	279449	56	*
Scaffold7579	43397	43464	68	*	Scaffold1640	263476	263543	68	*
Scaffold7579	30410	30468	59	*	Scaffold1640	276326	276384	59	*
Scaffold7579	27729	27780	52	*	Scaffold1640	279257	279308	52	*
Scaffold7579	23222	23295	74	*	Scaffold1640	283743	283816	74	*
Scaffold7579	23222	23295	74	*	Scaffold619	235258	235331	74	*
Scaffold75798	486	548	63	*	Scaffold73	10898	10960	63	*
Scaffold758	75941	76004	64	*	Scaffold91	167642	167705	64	*
Scaffold7580	6658	6712	55	*	Scaffold186	295786	295840	55	*
Scaffold7580	5079	5128	50	*	Scaffold402	383366	383415	50	*
Scaffold75875	65	115	51	*	Scaffold4	259357	259407	51	*
Scaffold75875	56	122	67	*	Scaffold41	674849	674915	67	*
Scaffold7590	31513	31562	50	*	Scaffold2284	5320	5369	50	*
Scaffold7591	14538	14604	67	*	Scaffold1764	199289	199355	67	*
Scaffold7591	23083	23155	73	*	Scaffold1764	206461	206533	73	*
Scaffold7598	6376	6430	55	*	Scaffold477	136688	136742	55	*
Scaffold760	42287	42355	69	*	Scaffold110	964779	964847	69	*
Scaffold760	39643	39711	69	*	Scaffold110	964779	964847	69	*
Scaffold7604	23166	23232	67	*	Scaffold568	222008	222074	67	*
Scaffold7604	25481	25531	51	*	Scaffold568	223672	223722	51	*
Scaffold7607	11186	11243	58	*	Scaffold326	394085	394142	58	*
Scaffold7622	16719	16803	85	*	Scaffold113	356578	356662	85	*
Scaffold7623	19619	19673	55	*	Scaffold145	277981	278035	55	*
Scaffold7629	5554	5603	50	*	Scaffold413	8641	8690	50	*
Scaffold763	16620	16671	52	*	Scaffold1066	11638	11689	52	*
Scaffold763	86868	86919	52	*	Scaffold361	173824	173875	52	*
Scaffold763	86536	86587	52	*	Scaffold361	173824	173875	52	*
Scaffold7632	72270	72430	161	*	Scaffold1170	223341	223501	161	*
Scaffold7632	69136	69250	115	*	Scaffold1170	219851	219965	115	*
Scaffold7632	57673	57747	75	*	Scaffold1170	208146	208220	75	*
Scaffold7632	48332	48396	65	*	Scaffold1170	199141	199205	65	*
Scaffold7632	54695	54746	52	*	Scaffold1170	205102	205153	52	*
Scaffold7632	57916	57967	52	*	Scaffold1170	208388	208439	52	*
Scaffold7632	65157	65233	77	*	Scaffold1170	215651	215727	77	*
Scaffold7635	4792	4848	57	*	Scaffold1777	58283	58339	57	*
Scaffold7636	39769	39820	52	*	Scaffold38	360576	360627	52	*
Scaffold7636	39774	39831	58	*	Scaffold403	344262	344319	58	*
Scaffold7644	11577	11640	64	*	Scaffold60	385026	385089	64	*
Scaffold7646	31533	31588	56	*	Scaffold1132	141840	141895	56	*
Scaffold7646	19528	19588	61	*	Scaffold1483	58974	59034	61	*
Scaffold7646	19534	19583	50	*	Scaffold2727	57111	57160	50	*
Scaffold7653	48747	48797	51	*	Scaffold1042	102765	102815	51	*
Scaffold7653	48729	48782	54	*	Scaffold79	375671	375724	54	*
Scaffold7653	48286	48335	50	*	Scaffold79	375260	375309	50	*
Scaffold7655	51558	51611	54	*	Scaffold1983	123073	123126	54	*
Scaffold7655	109998	110095	98	*	Scaffold5191	8425	8522	98	*
Scaffold76562	1	51	51	*	Scaffold1472	23455	23505	51	*
Scaffold7661	26136	26193	58	*	Scaffold10	1152499	1152556	58	*
Scaffold7668	5485	5545	61	*	Scaffold464	301074	301134	61	*
Scaffold7668	46819	46873	55	*	Scaffold464	267626	267680	55	*
Scaffold7668	25482	25531	50	*	Scaffold464	286294	286343	50	*
Scaffold7668	74309	74373	65	*	Scaffold5106	9970	10034	65	*
Scaffold767	112308	112357	50	*	Scaffold182	581624	581673	50	*
Scaffold767	112166	112222	57	*	Scaffold182	581481	581537	57	*
Scaffold767	112300	112353	54	*	Scaffold200	433724	433777	54	*
Scaffold767	112180	112238	59	*	Scaffold21777	1151	1209	59	*
Scaffold767	112332	112392	61	*	Scaffold22	1123381	1123441	61	*
Scaffold767	112180	112234	55	*	Scaffold303	328666	328720	55	*
Scaffold767	87328	87382	55	*	Scaffold5191	8456	8510	55	*
Scaffold767	86704	86755	52	*	Scaffold5191	7551	7602	52	*
Scaffold767	112233	112285	53	*	Scaffold5354	7466	7518	53	*
Scaffold767	112280	112340	61	*	Scaffold9115	423	483	61	*
Scaffold7671	43565	43617	53	*	Scaffold356	696292	696344	53	*
Scaffold7671	43527	43595	69	*	Scaffold482	354774	354842	69	*
Scaffold7671	43535	43611	77	*	Scaffold5191	8434	8510	77	*
Scaffold7676	25489	25540	52	*	Scaffold547	301372	301423	52	*
Scaffold7676	35570	35627	58	*	Scaffold547	338451	338508	58	*
Scaffold7676	31351	31402	52	*	Scaffold547	335654	335705	52	*
Scaffold7676	27246	27313	68	*	Scaffold547	302525	302592	68	*
Scaffold7676	21710	21791	82	*	Scaffold547	296798	296879	82	*
Scaffold769	49933	49985	53	*	Scaffold374	551450	551502	53	*
Scaffold769	50747	50803	57	*	Scaffold374	550289	550345	57	*
Scaffold7690	30100	30153	54	*	Scaffold122	286420	286473	54	*
Scaffold7690	70928	71008	81	*	Scaffold122	249904	249984	81	*
Scaffold7690	83376	83428	53	*	Scaffold122	238245	238297	53	*
Scaffold7690	120295	120344	50	*	Scaffold122	207825	207874	50	*
Scaffold7690	40170	40223	54	*	Scaffold122	280850	280903	54	*
Scaffold7690	118849	118899	51	*	Scaffold122	208983	209033	51	*
Scaffold7690	72668	72717	50	*	Scaffold122	248407	248456	50	*
Scaffold7690	112140	112191	52	*	Scaffold122	215375	215426	52	*
Scaffold7690	40170	40223	54	*	Scaffold1318	86411	86464	54	*
Scaffold7693	11941	12002	62	*	Scaffold1527	43502	43563	62	*
Scaffold7697	7661	7710	50	*	Scaffold323	233521	233570	50	*
Scaffold7699	10943	10999	57	*	Scaffold288	502886	502942	57	*
Scaffold77	7886	7944	59	*	Scaffold672	207256	207314	59	*
Scaffold7705	46683	46750	68	*	Scaffold400	433039	433106	68	*
Scaffold77058	203	252	50	*	Scaffold248	282319	282368	50	*
Scaffold7707	4291	4348	58	*	Scaffold9656	14936	14993	58	*
Scaffold771	120201	120268	68	*	Scaffold1161	79247	79314	68	*
Scaffold771	68789	68875	87	*	Scaffold1288	273839	273925	87	*
Scaffold771	11887	12054	168	*	Scaffold198	603591	603758	168	*
Scaffold771	34476	34533	58	*	Scaffold2000	2443	2500	58	*
Scaffold771	37749	37802	54	*	Scaffold2000	463	516	54	*
Scaffold771	54250	54301	52	*	Scaffold229	547548	547599	52	*
Scaffold771	20030	20108	79	*	Scaffold229	518690	518768	79	*
Scaffold771	37749	37802	54	*	Scaffold229	533346	533399	54	*
Scaffold771	34476	34533	58	*	Scaffold229	531226	531283	58	*
Scaffold771	22399	22449	51	*	Scaffold229	518690	518740	51	*
Scaffold771	14538	14608	71	*	Scaffold229	513787	513857	71	*
Scaffold771	59987	60048	62	*	Scaffold240	220011	220072	62	*
Scaffold771	24881	24944	64	*	Scaffold3093	38178	38241	64	*
Scaffold771	24946	25016	71	*	Scaffold5191	8795	8865	71	*
Scaffold771	24885	24944	60	*	Scaffold5191	8867	8926	60	*
Scaffold771	120197	120266	70	*	Scaffold822	242909	242978	70	*
Scaffold771	120145	120195	51	*	Scaffold822	242980	243030	51	*
Scaffold7715	39327	39437	111	*	Scaffold3	2098438	2098548	111	*
Scaffold7715	13371	13431	61	*	Scaffold3	2122141	2122201	61	*
Scaffold7715	39439	39489	51	*	Scaffold3	2098386	2098436	51	*
Scaffold7715	15800	15914	115	*	Scaffold3	2118484	2118598	115	*
Scaffold7715	38946	39087	142	*	Scaffold3	2098791	2098932	142	*
Scaffold7715	9669	9725	57	*	Scaffold3	2124772	2124828	57	*
Scaffold7715	13234	13284	51	*	Scaffold3	2122295	2122345	51	*
Scaffold7715	14494	14547	54	*	Scaffold3	2121233	2121286	54	*
Scaffold7715	37679	37747	69	*	Scaffold3	2100240	2100308	69	*
Scaffold7715	25043	25095	53	*	Scaffold3	2110951	2111003	53	*
Scaffold7715	29388	29438	51	*	Scaffold3	2107266	2107316	51	*
Scaffold7715	37619	37677	59	*	Scaffold3	2100310	2100368	59	*
Scaffold7715	28718	28802	85	*	Scaffold3	2107907	2107991	85	*
Scaffold7715	9747	9800	54	*	Scaffold3	2124697	2124750	54	*
Scaffold7715	38785	38870	86	*	Scaffold3	2099008	2099093	86	*
Scaffold7715	33919	33992	74	*	Scaffold3	2103603	2103676	74	*
Scaffold7715	28804	28863	60	*	Scaffold3	2107846	2107905	60	*
Scaffold7717	49312	49375	64	*	Scaffold743	203212	203275	64	*
Scaffold7717	60785	60835	51	*	Scaffold743	191749	191799	51	*
Scaffold7717	41352	41406	55	*	Scaffold743	211858	211912	55	*
Scaffold772	47996	48122	127	*	Scaffold442	219029	219155	127	*
Scaffold772	45298	45348	51	*	Scaffold442	215589	215639	51	*
Scaffold772	78069	78158	90	*	Scaffold442	232104	232193	90	*
Scaffold7725	22220	22270	51	*	Scaffold658	72176	72226	51	*
Scaffold7725	27573	27634	62	*	Scaffold658	76189	76250	62	*
Scaffold7726	23838	23898	61	*	Scaffold18	332918	332978	61	*
Scaffold7731	2472	2522	51	*	Scaffold1763	124007	124057	51	*
Scaffold7731	10002	10058	57	*	Scaffold597	701133	701189	57	*
Scaffold7738	2516	2566	51	*	Scaffold1035	223242	223292	51	*
Scaffold7738	2570	2662	93	*	Scaffold1061	96146	96238	93	*
Scaffold7738	2567	2616	50	*	Scaffold1061	144883	144932	50	*
Scaffold7738	2618	2667	50	*	Scaffold1061	144934	144983	50	*
Scaffold7738	2516	2577	62	*	Scaffold1125	274615	274676	62	*
Scaffold7738	2581	2676	96	*	Scaffold12	934305	934400	96	*
Scaffold7738	2617	2669	53	*	Scaffold1202	64429	64481	53	*
Scaffold7738	2522	2573	52	*	Scaffold1212	203626	203677	52	*
Scaffold7738	2586	2673	88	*	Scaffold127	1081326	1081413	88	*
Scaffold7738	2550	2604	55	*	Scaffold13	1199394	1199448	55	*
Scaffold7738	2623	2672	50	*	Scaffold143	642782	642831	50	*
Scaffold7738	2516	2585	70	*	Scaffold1619	86995	87064	70	*
Scaffold7738	2614	2674	61	*	Scaffold172	404548	404608	61	*
Scaffold7738	2521	2575	55	*	Scaffold1733	159938	159992	55	*
Scaffold7738	2518	2570	53	*	Scaffold175	878816	878868	53	*
Scaffold7738	2617	2673	57	*	Scaffold1761	125888	125944	57	*
Scaffold7738	2619	2673	55	*	Scaffold180	332074	332128	55	*
Scaffold7738	2519	2576	58	*	Scaffold1840	4785	4842	58	*
Scaffold7738	2605	2676	72	*	Scaffold192	710937	711008	72	*
Scaffold7738	2611	2666	56	*	Scaffold1952	28817	28872	56	*
Scaffold7738	2599	2649	51	*	Scaffold19687	853	903	51	*
Scaffold7738	2623	2677	55	*	Scaffold1992	117787	117841	55	*
Scaffold7738	2520	2577	58	*	Scaffold20	1341909	1341966	58	*
Scaffold7738	2514	2575	62	*	Scaffold227	283215	283276	62	*
Scaffold7738	2592	2676	85	*	Scaffold231	432125	432209	85	*
Scaffold7738	2517	2575	59	*	Scaffold234	231970	232028	59	*
Scaffold7738	2614	2673	60	*	Scaffold2501	79410	79469	60	*
Scaffold7738	2623	2676	54	*	Scaffold2507	197101	197154	54	*
Scaffold7738	2520	2569	50	*	Scaffold251	360726	360775	50	*
Scaffold7738	2605	2674	70	*	Scaffold2592	59421	59490	70	*
Scaffold7738	2603	2652	50	*	Scaffold2607	165044	165093	50	*
Scaffold7738	2626	2680	55	*	Scaffold2617	11961	12015	55	*
Scaffold7738	2516	2583	68	*	Scaffold267	409177	409244	68	*
Scaffold7738	2624	2673	50	*	Scaffold285	403537	403586	50	*
Scaffold7738	2591	2672	82	*	Scaffold285	92920	93001	82	*
Scaffold7738	2520	2576	57	*	Scaffold29	739141	739197	57	*
Scaffold7738	2520	2582	63	*	Scaffold290	421022	421084	63	*
Scaffold7738	2561	2610	50	*	Scaffold303	230591	230640	50	*
Scaffold7738	2527	2676	150	*	Scaffold303	256811	256960	150	*
Scaffold7738	2778	2840	63	*	Scaffold3142	12576	12638	63	*
Scaffold7738	2620	2679	60	*	Scaffold3142	12793	12852	60	*
Scaffold7738	2535	2590	56	*	Scaffold31517	1128	1183	56	*
Scaffold7738	2764	2820	57	*	Scaffold32	382046	382102	57	*
Scaffold7738	2525	2577	53	*	Scaffold32	363451	363503	53	*
Scaffold7738	2615	2674	60	*	Scaffold32	725716	725775	60	*
Scaffold7738	2577	2634	58	*	Scaffold3427	1375	1432	58	*
Scaffold7738	2607	2656	50	*	Scaffold3512	16390	16439	50	*
Scaffold7738	2516	2613	98	*	Scaffold355	275584	275681	98	*
Scaffold7738	2598	2650	53	*	Scaffold4	92067	92119	53	*
Scaffold7738	2618	2672	55	*	Scaffold425	331775	331829	55	*
Scaffold7738	2630	2679	50	*	Scaffold44	934144	934193	50	*
Scaffold7738	2609	2673	65	*	Scaffold453	302443	302507	65	*
Scaffold7738	2525	2608	84	*	Scaffold462	537188	537271	84	*
Scaffold7738	2595	2675	81	*	Scaffold466	71977	72057	81	*
Scaffold7738	2619	2671	53	*	Scaffold4795	17362	17414	53	*
Scaffold7738	2617	2677	61	*	Scaffold509	179119	179179	61	*
Scaffold7738	2622	2674	53	*	Scaffold513	377026	377078	53	*
Scaffold7738	2755	2816	62	*	Scaffold513	112357	112418	62	*
Scaffold7738	2616	2677	62	*	Scaffold5313	1	62	62	*
Scaffold7738	2516	2572	57	*	Scaffold534	318803	318859	57	*
Scaffold7738	2620	2674	55	*	Scaffold543	34109	34163	55	*
Scaffold7738	2611	2674	64	*	Scaffold55	1093138	1093201	64	*
Scaffold7738	2522	2571	50	*	Scaffold55	557029	557078	50	*
Scaffold7738	2617	2669	53	*	Scaffold570	110867	110919	53	*
Scaffold7738	2624	2675	52	*	Scaffold6086	333	384	52	*
Scaffold7738	2520	2574	55	*	Scaffold624	528929	528983	55	*
Scaffold7738	2588	2649	62	*	Scaffold6356	19628	19689	62	*
Scaffold7738	2516	2587	72	*	Scaffold636	559898	559969	72	*
Scaffold7738	2519	2578	60	*	Scaffold672	226195	226254	60	*
Scaffold7738	2527	2597	71	*	Scaffold765	358901	358971	71	*
Scaffold7738	2617	2673	57	*	Scaffold96	545424	545480	57	*
Scaffold7747	24266	24327	62	*	Scaffold1627	39078	39139	62	*
Scaffold775	21961	22014	54	*	Scaffold1180	124599	124652	54	*
Scaffold7750	32858	32910	53	*	Scaffold1061	50416	50468	53	*
Scaffold7761	35165	35227	63	*	Scaffold21985	7441	7503	63	*
Scaffold7761	35165	35227	63	*	Scaffold25	1241246	1241308	63	*
Scaffold77616	15	74	60	*	Scaffold163	261493	261552	60	*
Scaffold77616	24	93	70	*	Scaffold1647	77349	77418	70	*
Scaffold77616	33	83	51	*	Scaffold20887	8866	8916	51	*
Scaffold77616	20	91	72	*	Scaffold21473	473	544	72	*
Scaffold77616	37	89	53	*	Scaffold2188	121243	121295	53	*
Scaffold77616	5	91	87	*	Scaffold2346	38551	38637	87	*
Scaffold77616	13	73	61	*	Scaffold365	572296	572356	61	*
Scaffold77616	13	91	79	*	Scaffold40	48660	48738	79	*
Scaffold77616	26	95	70	*	Scaffold6	1457819	1457888	70	*
Scaffold77616	15	80	66	*	Scaffold647	154423	154488	66	*
Scaffold77616	29	90	62	*	Scaffold650	296497	296558	62	*
Scaffold77616	31	91	61	*	Scaffold70	1358508	1358568	61	*
Scaffold77616	3	91	89	*	Scaffold775	261058	261146	89	*
Scaffold77616	26	95	70	*	Scaffold8340	3747	3816	70	*
Scaffold7767	33947	33999	53	*	Scaffold2711	32477	32529	53	*
Scaffold7767	2728	2801	74	*	Scaffold661	78202	78275	74	*
Scaffold7769	46809	46862	54	*	Scaffold418	537597	537650	54	*
Scaffold7774	14528	14585	58	*	Scaffold513	130740	130797	58	*
Scaffold7782	31033	31082	50	*	Scaffold1527	42862	42911	50	*
Scaffold7782	29998	30059	62	*	Scaffold1763	124009	124070	62	*
Scaffold7785	53389	53459	71	*	Scaffold192	426897	426967	71	*
Scaffold7785	79249	79300	52	*	Scaffold426	181376	181427	52	*
Scaffold7785	53377	53434	58	*	Scaffold904	233853	233910	58	*
Scaffold7785	53376	53451	76	*	Scaffold983	430024	430099	76	*
Scaffold7787	33562	33638	77	*	Scaffold5230	3398	3474	77	*
Scaffold7787	23522	23601	80	*	Scaffold957	107280	107359	80	*
Scaffold7787	33562	33638	77	*	Scaffold957	98726	98802	77	*
Scaffold7790	5640	5692	53	*	Scaffold1435	91289	91341	53	*
Scaffold7790	5640	5692	53	*	Scaffold2323	28493	28545	53	*
Scaffold7795	31856	31939	84	*	Scaffold691	222556	222639	84	*
Scaffold7796	20942	20994	53	*	Scaffold1959	62173	62225	53	*
Scaffold7796	20934	20991	58	*	Scaffold2123	42718	42775	58	*
Scaffold7796	21036	21085	50	*	Scaffold2123	42623	42672	50	*
Scaffold7796	20946	21015	70	*	Scaffold2362	92603	92672	70	*
Scaffold7796	20931	20988	58	*	Scaffold4573	108	165	58	*
Scaffold7796	20969	21023	55	*	Scaffold55	171015	171069	55	*
Scaffold7796	21036	21085	50	*	Scaffold739	60016	60065	50	*
Scaffold77971	335	384	50	*	Scaffold109	498100	498149	50	*
Scaffold7798	19931	19983	53	*	Scaffold1245	119957	120009	53	*
Scaffold7799	3757	3839	83	*	Scaffold198	603730	603812	83	*
Scaffold7799	3670	3755	86	*	Scaffold198	603643	603728	86	*
Scaffold780	39205	39256	52	*	Scaffold375	395260	395311	52	*
Scaffold7803	34534	34586	53	*	Scaffold1263	141361	141413	53	*
Scaffold7803	70228	70280	53	*	Scaffold194	697006	697058	53	*
Scaffold7803	66603	66662	60	*	Scaffold194	693185	693244	60	*
Scaffold7807	40406	40456	51	*	Scaffold54	672552	672602	51	*
Scaffold7807	42510	42600	91	*	Scaffold54	670332	670422	91	*
Scaffold7807	42320	42385	66	*	Scaffold54	670554	670619	66	*
Scaffold78098	261	328	68	*	Scaffold25732	1881	1948	68	*
Scaffold78098	261	330	70	*	Scaffold666	9402	9471	70	*
Scaffold7811	28126	28189	64	*	Scaffold1320	102185	102248	64	*
Scaffold7811	28088	28189	102	*	Scaffold18	332712	332813	102	*
Scaffold7811	27380	27468	89	*	Scaffold790	111089	111177	89	*
Scaffold7811	13067	13123	57	*	Scaffold790	100510	100566	57	*
Scaffold7815	9869	9921	53	*	Scaffold18	332035	332087	53	*
Scaffold7815	7742	7795	54	*	Scaffold2072	40803	40856	54	*
Scaffold7815	7742	7795	54	*	Scaffold527	409305	409358	54	*
Scaffold782	117060	117146	87	*	Scaffold912	124823	124909	87	*
Scaffold782	57774	57824	51	*	Scaffold912	167660	167710	51	*
Scaffold7821	26289	26343	55	*	Scaffold2782	97740	97794	55	*
Scaffold7824	10069	10118	50	*	Scaffold1104	198296	198345	50	*
Scaffold7824	44805	44862	58	*	Scaffold1104	176468	176525	58	*
Scaffold7824	5075	5136	62	*	Scaffold1104	200391	200452	62	*
Scaffold78250	67	117	51	*	Scaffold2102	76718	76768	51	*
Scaffold78367	49	165	117	*	Scaffold198	603561	603677	117	*
Scaffold78367	83	144	62	*	Scaffold483	230978	231039	62	*
Scaffold7837	84067	84119	53	*	Scaffold1819	38292	38344	53	*
Scaffold7837	84003	84065	63	*	Scaffold1819	38346	38408	63	*
Scaffold7837	67379	67471	93	*	Scaffold198	603561	603653	93	*
Scaffold78399	45	105	61	*	Scaffold624	92588	92648	61	*
Scaffold7843	35070	35133	64	*	Scaffold43	586382	586445	64	*
Scaffold7847	38175	38225	51	*	Scaffold858	229738	229788	51	*
Scaffold7847	26819	26871	53	*	Scaffold858	240494	240546	53	*
Scaffold7848	38658	38724	67	*	Scaffold234	599690	599756	67	*
Scaffold7850	17159	17208	50	*	Scaffold17816	510	559	50	*
Scaffold7850	17159	17208	50	*	Scaffold239	160894	160943	50	*
Scaffold7850	17152	17208	57	*	Scaffold239	162696	162752	57	*
Scaffold7851	33674	33869	196	*	Scaffold2782	56486	56681	196	*
Scaffold7851	33870	33953	84	*	Scaffold2782	56398	56481	84	*
Scaffold7851	35296	35361	66	*	Scaffold2782	56416	56481	66	*
Scaffold7851	35198	35273	76	*	Scaffold2782	56324	56399	76	*
Scaffold7851	33541	33594	54	*	Scaffold2782	56769	56822	54	*
Scaffold7854	29634	29712	79	*	Scaffold216	146543	146621	79	*
Scaffold7854	29634	29712	79	*	Scaffold216	148159	148237	79	*
Scaffold7854	39166	39215	50	*	Scaffold62	1071850	1071899	50	*
Scaffold7857	6666	6718	53	*	Scaffold23	250548	250600	53	*
Scaffold7859	55802	55872	71	*	Scaffold190	102763	102833	71	*
Scaffold7859	55805	55865	61	*	Scaffold3	1173409	1173469	61	*
Scaffold7859	55802	55870	69	*	Scaffold406	553747	553815	69	*
Scaffold787	41840	41889	50	*	Scaffold18	332350	332399	50	*
Scaffold7875	10304	10369	66	*	Scaffold2676	41908	41973	66	*
Scaffold7875	9714	9787	74	*	Scaffold2676	41318	41391	74	*
Scaffold7875	9792	9841	50	*	Scaffold2676	41396	41445	50	*
Scaffold7875	10719	10804	86	*	Scaffold2676	42323	42408	86	*
Scaffold7875	14812	14862	51	*	Scaffold688	11417	11467	51	*
Scaffold78755	220	270	51	*	Scaffold1109	196282	196332	51	*
Scaffold78787	1	124	124	*	Scaffold7002	5399	5522	124	*
Scaffold788	120334	120391	58	*	Scaffold153	727242	727299	58	*
Scaffold788	121887	121963	77	*	Scaffold153	726020	726096	77	*
Scaffold788	111538	111610	73	*	Scaffold153	737626	737698	73	*
Scaffold788	111780	111838	59	*	Scaffold153	737401	737459	59	*
Scaffold788	120443	120501	59	*	Scaffold153	727132	727190	59	*
Scaffold788	141321	141378	58	*	Scaffold153	711760	711817	58	*
Scaffold788	111696	111752	57	*	Scaffold153	737484	737540	57	*
Scaffold788	128726	128803	78	*	Scaffold153	719222	719299	78	*
Scaffold788	145144	145194	51	*	Scaffold201	22574	22624	51	*
Scaffold788	145144	145195	52	*	Scaffold216	287267	287318	52	*
Scaffold788	145148	145207	60	*	Scaffold3931	10128	10187	60	*
Scaffold788	145142	145191	50	*	Scaffold818	195082	195131	50	*
Scaffold78831	1	59	59	*	Scaffold1200	31031	31089	59	*
Scaffold7894	44033	44083	51	*	Scaffold139	575984	576034	51	*
Scaffold7895	48562	48662	101	*	Scaffold3327	50536	50636	101	*
Scaffold7895	40360	40418	59	*	Scaffold68	791119	791177	59	*
Scaffold7895	40545	40643	99	*	Scaffold68	791302	791400	99	*
Scaffold7898	51213	51270	58	*	Scaffold35	501801	501858	58	*
Scaffold7898	51213	51270	58	*	Scaffold451	656109	656166	58	*
Scaffold7898	10764	10830	67	*	Scaffold5191	8286	8352	67	*
Scaffold79	43406	43488	83	*	Scaffold749	140873	140955	83	*
Scaffold790	42619	42706	88	*	Scaffold5191	8381	8468	88	*
Scaffold790	42503	42584	82	*	Scaffold5191	8265	8346	82	*
Scaffold7915	16369	16442	74	*	Scaffold198	603658	603731	74	*
Scaffold7917	14293	14371	79	*	Scaffold1529	118083	118161	79	*
Scaffold7917	14293	14374	82	*	Scaffold8770	43058	43139	82	*
Scaffold792	49592	49644	53	*	Scaffold3334	29956	30008	53	*
Scaffold7921	32586	32642	57	*	Scaffold11674	1859	1915	57	*
Scaffold7921	32597	32669	73	*	Scaffold1869	24131	24203	73	*
Scaffold7921	32609	32667	59	*	Scaffold28190	483	541	59	*
Scaffold7921	32597	32665	69	*	Scaffold29504	491	559	69	*
Scaffold7921	32630	32697	68	*	Scaffold307	590439	590506	68	*
Scaffold7921	32597	32665	69	*	Scaffold3984	12175	12243	69	*
Scaffold7921	32588	32691	104	*	Scaffold470	293552	293655	104	*
Scaffold7921	32641	32699	59	*	Scaffold542	409529	409587	59	*
Scaffold7921	32626	32687	62	*	Scaffold57	330385	330446	62	*
Scaffold7921	32640	32700	61	*	Scaffold794	162691	162751	61	*
Scaffold793	51306	51360	55	*	Scaffold113	356541	356595	55	*
Scaffold793	101132	101182	51	*	Scaffold27	261639	261689	51	*
Scaffold7932	57078	57167	90	*	Scaffold65	755695	755784	90	*
Scaffold7932	64660	64725	66	*	Scaffold65	764290	764355	66	*
Scaffold7932	59146	59200	55	*	Scaffold65	758660	758714	55	*
Scaffold7932	40050	40117	68	*	Scaffold65	739745	739812	68	*
Scaffold7932	64660	64725	66	*	Scaffold7381	44062	44127	66	*
Scaffold7932	57078	57167	90	*	Scaffold7381	35464	35553	90	*
Scaffold7932	38524	38577	54	*	Scaffold7381	20258	20311	54	*
Scaffold7932	59146	59200	55	*	Scaffold7381	38432	38486	55	*
Scaffold7935	10792	10852	61	*	Scaffold26493	1058	1118	61	*
Scaffold794	17083	17145	63	*	Scaffold34	643546	643608	63	*
Scaffold794	1651	1700	50	*	Scaffold34	628377	628426	50	*
Scaffold795	140852	140902	51	*	Scaffold45	479189	479239	51	*
Scaffold795	140852	140902	51	*	Scaffold50	1345720	1345770	51	*
Scaffold79564	220	269	50	*	Scaffold103	505107	505156	50	*
Scaffold796	57792	57842	51	*	Scaffold3280	90545	90595	51	*
Scaffold7961	5719	5775	57	*	Scaffold131	310675	310731	57	*
Scaffold7962	20887	20945	59	*	Scaffold161	1053199	1053257	59	*
Scaffold7962	42835	42890	56	*	Scaffold276	358377	358432	56	*
Scaffold7962	42844	43072	229	*	Scaffold558	394091	394319	229	*
Scaffold7968	30280	30331	52	*	Scaffold1642	136709	136760	52	*
Scaffold7968	11414	11463	50	*	Scaffold1642	149129	149178	50	*
Scaffold7971	37859	37929	71	*	Scaffold1837	19349	19419	71	*
Scaffold7971	37862	37918	57	*	Scaffold3159	39926	39982	57	*
Scaffold7971	37857	37911	55	*	Scaffold48	872881	872935	55	*
Scaffold7975	1925	1979	55	*	Scaffold781	176028	176082	55	*
Scaffold79797	437	495	59	*	Scaffold100	129084	129142	59	*
Scaffold79797	5358	5416	59	*	Scaffold100	129084	129142	59	*
Scaffold79798	51	106	56	*	Scaffold216	370103	370158	56	*
Scaffold79800	93	145	53	*	Scaffold22659	174	226	53	*
Scaffold7989	17371	17423	53	*	Scaffold82	498366	498418	53	*
Scaffold7989	17371	17423	53	*	Scaffold86	716304	716356	53	*
Scaffold79904	1	54	54	*	Scaffold658	514580	514633	54	*
Scaffold8	194495	194554	60	*	Scaffold32	774014	774073	60	*
Scaffold8	245581	245635	55	*	Scaffold32	729512	729566	55	*
Scaffold8	156236	156286	51	*	Scaffold32	810846	810896	51	*
Scaffold8	224043	224100	58	*	Scaffold32	750684	750741	58	*
Scaffold8	235984	236040	57	*	Scaffold32	738165	738221	57	*
Scaffold8	147629	147699	71	*	Scaffold32	814742	814812	71	*
Scaffold8	144996	145090	95	*	Scaffold32	823189	823283	95	*
Scaffold8	144996	145090	95	*	Scaffold32	819126	819220	95	*
Scaffold8	225790	225841	52	*	Scaffold32	747335	747386	52	*
Scaffold8	169182	169232	51	*	Scaffold32	793357	793407	51	*
Scaffold8	95242	95291	50	*	Scaffold3523	39277	39326	50	*
Scaffold801	113222	113360	139	*	Scaffold113	356511	356649	139	*
Scaffold801	153854	153912	59	*	Scaffold389	439832	439890	59	*
Scaffold801	47659	47718	60	*	Scaffold389	540503	540562	60	*
Scaffold8010	55109	55163	55	*	Scaffold688	11451	11505	55	*
Scaffold8010	55111	55163	53	*	Scaffold88	221084	221136	53	*
Scaffold8012	47801	47889	89	*	Scaffold5	1281175	1281263	89	*
Scaffold8018	1337	1393	57	*	Scaffold18	332182	332238	57	*
Scaffold8018	14808	14857	50	*	Scaffold26987	196	245	50	*
Scaffold8018	14815	14868	54	*	Scaffold321	125870	125923	54	*
Scaffold8018	1995	2056	62	*	Scaffold571	255216	255277	62	*
Scaffold8018	1997	2057	61	*	Scaffold78	649699	649759	61	*
Scaffold802	7506	7557	52	*	Scaffold389	413446	413497	52	*
Scaffold8025	22596	22645	50	*	Scaffold226	81937	81986	50	*
Scaffold8031	29898	29947	50	*	Scaffold547	452158	452207	50	*
Scaffold8034	35060	35110	51	*	Scaffold370	5265	5315	51	*
Scaffold80360	47	97	51	*	Scaffold2782	97740	97790	51	*
Scaffold8038	19184	19233	50	*	Scaffold16	1108064	1108113	50	*
Scaffold804	26163	26214	52	*	Scaffold310	243205	243256	52	*
Scaffold8043	4576	4629	54	*	Scaffold151	383920	383973	54	*
Scaffold8044	28362	28430	69	*	Scaffold8576	8526	8594	69	*
Scaffold805	127980	128034	55	*	Scaffold131	860868	860922	55	*
Scaffold805	167012	167079	68	*	Scaffold131	894230	894297	68	*
Scaffold805	100304	100363	60	*	Scaffold131	833475	833534	60	*
Scaffold805	111314	111370	57	*	Scaffold131	844582	844638	57	*
Scaffold805	141177	141250	74	*	Scaffold131	872595	872668	74	*
Scaffold805	112988	113038	51	*	Scaffold131	846047	846097	51	*
Scaffold805	101422	101471	50	*	Scaffold131	835100	835149	50	*
Scaffold805	117636	117687	52	*	Scaffold131	849772	849823	52	*
Scaffold805	112924	112976	53	*	Scaffold131	845983	846035	53	*
Scaffold805	193186	193245	60	*	Scaffold131	907161	907220	60	*
Scaffold805	193186	193245	60	*	Scaffold4640	4312	4371	60	*
Scaffold805	68559	68614	56	*	Scaffold5481	4064	4119	56	*
Scaffold80500	93	159	67	*	Scaffold2187	67710	67776	67	*
Scaffold80500	71	156	86	*	Scaffold4647	47064	47149	86	*
Scaffold8054	7460	7509	50	*	Scaffold272	399715	399764	50	*
Scaffold8057	49748	49804	57	*	Scaffold569	480738	480794	57	*
Scaffold806	70850	70918	69	*	Scaffold946	485198	485266	69	*
Scaffold8065	26210	26263	54	*	Scaffold12	835854	835907	54	*
Scaffold8065	36475	36530	56	*	Scaffold12	849639	849694	56	*
Scaffold8065	26210	26263	54	*	Scaffold12	831219	831272	54	*
Scaffold8073	5872	5958	87	*	Scaffold314	358458	358544	87	*
Scaffold8079	43526	43590	65	*	Scaffold1103	170446	170510	65	*
Scaffold8079	19232	19316	85	*	Scaffold1358	317850	317934	85	*
Scaffold8079	9415	9468	54	*	Scaffold1358	312237	312290	54	*
Scaffold8079	18951	19013	63	*	Scaffold1358	317587	317649	63	*
Scaffold8079	19516	19566	51	*	Scaffold1358	318120	318170	51	*
Scaffold808	34568	34617	50	*	Scaffold122	1110502	1110551	50	*
Scaffold808	41560	41611	52	*	Scaffold1512	63264	63315	52	*
Scaffold808	180040	180091	52	*	Scaffold1512	198320	198371	52	*
Scaffold808	111286	111371	86	*	Scaffold1512	136843	136928	86	*
Scaffold808	108588	108657	70	*	Scaffold1512	134091	134160	70	*
Scaffold808	23159	23210	52	*	Scaffold1512	49317	49368	52	*
Scaffold808	136903	136953	51	*	Scaffold1512	158507	158557	51	*
Scaffold808	108673	108739	67	*	Scaffold1512	134175	134241	67	*
Scaffold808	113333	113389	57	*	Scaffold1512	139552	139608	57	*
Scaffold8082	33528	33585	58	*	Scaffold1030	83136	83193	58	*
Scaffold8082	93561	93642	82	*	Scaffold1030	145846	145927	82	*
Scaffold8087	22990	23052	63	*	Scaffold264	32694	32756	63	*
Scaffold8087	12209	12258	50	*	Scaffold37	1118561	1118610	50	*
Scaffold8087	17998	18049	52	*	Scaffold49	240107	240158	52	*
Scaffold8087	22832	22884	53	*	Scaffold5191	8813	8865	53	*
Scaffold8087	22577	22632	56	*	Scaffold5191	8560	8615	56	*
Scaffold8087	12226	12275	50	*	Scaffold5191	7551	7600	50	*
Scaffold8087	22576	22627	52	*	Scaffold564	414461	414512	52	*
Scaffold8087	22827	22878	52	*	Scaffold564	309445	309496	52	*
Scaffold8087	19002	19051	50	*	Scaffold881	344255	344304	50	*
Scaffold809	20224	20277	54	*	Scaffold662	69281	69334	54	*
Scaffold80924	344	401	58	*	Scaffold882	312858	312915	58	*
Scaffold80924	412	470	59	*	Scaffold882	312789	312847	59	*
Scaffold80924	290	341	52	*	Scaffold882	312918	312969	52	*
Scaffold8096	13376	13427	52	*	Scaffold174	118182	118233	52	*
Scaffold80964	9149	9230	82	*	Scaffold1008	314319	314400	82	*
Scaffold80964	9168	9224	57	*	Scaffold1170	171984	172040	57	*
Scaffold80964	9128	9220	93	*	Scaffold2123	45481	45573	93	*
Scaffold80964	9156	9222	67	*	Scaffold451	28544	28610	67	*
Scaffold81	79665	79715	51	*	Scaffold144	220244	220294	51	*
Scaffold8107	47605	47654	50	*	Scaffold2263	155700	155749	50	*
Scaffold8107	49280	49329	50	*	Scaffold2263	155700	155749	50	*
Scaffold8107	3989	4060	72	*	Scaffold56	164406	164477	72	*
Scaffold8107	6663	6724	62	*	Scaffold56	162095	162156	62	*
Scaffold8107	2213	2277	65	*	Scaffold56	166289	166353	65	*
Scaffold811	61740	61789	50	*	Scaffold31	145620	145669	50	*
Scaffold8110	3866	3919	54	*	Scaffold4	1504365	1504418	54	*
Scaffold8110	3834	3990	157	*	Scaffold5191	8266	8422	157	*
Scaffold8117	14525	14596	72	*	Scaffold201	484260	484331	72	*
Scaffold8117	18923	18985	63	*	Scaffold201	487239	487301	63	*
Scaffold8117	14598	14672	75	*	Scaffold201	484333	484407	75	*
Scaffold8119	47089	47153	65	*	Scaffold153	660701	660765	65	*
Scaffold8119	42031	42110	80	*	Scaffold153	655842	655921	80	*
Scaffold8119	45845	45902	58	*	Scaffold153	659768	659825	58	*
Scaffold8119	64617	64680	64	*	Scaffold153	677606	677669	64	*
Scaffold8119	41945	42001	57	*	Scaffold153	655757	655813	57	*
Scaffold8119	52509	52558	50	*	Scaffold153	666012	666061	50	*
Scaffold8119	23166	23237	72	*	Scaffold153	637354	637425	72	*
Scaffold8119	41002	41059	58	*	Scaffold153	654917	654974	58	*
Scaffold8119	37739	37858	120	*	Scaffold153	651751	651870	120	*
Scaffold8119	59727	59804	78	*	Scaffold153	672569	672646	78	*
Scaffold8119	60509	60568	60	*	Scaffold153	673316	673375	60	*
Scaffold8119	33656	33730	75	*	Scaffold153	647610	647684	75	*
Scaffold8119	63089	63145	57	*	Scaffold153	676051	676107	57	*
Scaffold8119	38340	38437	98	*	Scaffold153	652324	652421	98	*
Scaffold8119	33497	33553	57	*	Scaffold153	647462	647518	57	*
Scaffold8119	20629	20684	56	*	Scaffold153	636153	636208	56	*
Scaffold8119	47794	47879	86	*	Scaffold153	661442	661527	86	*
Scaffold8119	35533	35643	111	*	Scaffold153	649710	649820	111	*
Scaffold812	91668	91836	169	*	Scaffold198	603650	603818	169	*
Scaffold812	128171	128228	58	*	Scaffold555	226462	226519	58	*
Scaffold8123	18502	18564	63	*	Scaffold1636	220847	220909	63	*
Scaffold8123	4906	4962	57	*	Scaffold1636	210353	210409	57	*
Scaffold8123	21670	21730	61	*	Scaffold1636	223531	223591	61	*
Scaffold8124	2321	2385	65	*	Scaffold19	1355652	1355716	65	*
Scaffold8126	20016	20106	91	*	Scaffold198	603582	603672	91	*
Scaffold8129	52517	52569	53	*	Scaffold1030	386760	386812	53	*
Scaffold8129	52437	52489	53	*	Scaffold312	481190	481242	53	*
Scaffold8129	52340	52401	62	*	Scaffold5191	8449	8510	62	*
Scaffold8129	52234	52284	51	*	Scaffold5191	8566	8616	51	*
Scaffold8129	52423	52563	141	*	Scaffold5191	8297	8437	141	*
Scaffold813	78098	78153	56	*	Scaffold2782	97740	97795	56	*
Scaffold8130	21757	21817	61	*	Scaffold24	182710	182770	61	*
Scaffold814	61438	61490	53	*	Scaffold1079	216768	216820	53	*
Scaffold814	61268	61324	57	*	Scaffold1079	216942	216998	57	*
Scaffold814	61438	61489	52	*	Scaffold116	91947	91998	52	*
Scaffold814	61261	61320	60	*	Scaffold123	686008	686067	60	*
Scaffold814	61356	61407	52	*	Scaffold123	686103	686154	52	*
Scaffold814	61509	61594	86	*	Scaffold1478	187723	187808	86	*
Scaffold814	61358	61437	80	*	Scaffold1478	182914	182993	80	*
Scaffold814	61362	61414	53	*	Scaffold1527	43436	43488	53	*
Scaffold814	61495	61547	53	*	Scaffold1527	43571	43623	53	*
Scaffold814	61438	61487	50	*	Scaffold1527	43513	43562	50	*
Scaffold814	61369	61422	54	*	Scaffold187	475729	475782	54	*
Scaffold814	59625	59683	59	*	Scaffold196	383666	383724	59	*
Scaffold814	61263	61312	50	*	Scaffold320	28298	28347	50	*
Scaffold814	61380	61437	58	*	Scaffold374	392805	392862	58	*
Scaffold814	61439	61488	50	*	Scaffold517	69554	69603	50	*
Scaffold8141	7192	7245	54	*	Scaffold3763	18393	18446	54	*
Scaffold8145	49877	49965	89	*	Scaffold325	141616	141704	89	*
Scaffold8145	65582	65639	58	*	Scaffold325	127628	127685	58	*
Scaffold8145	82982	83060	79	*	Scaffold325	110383	110461	79	*
Scaffold8145	89381	89440	60	*	Scaffold325	103866	103925	60	*
Scaffold8145	53481	53537	57	*	Scaffold325	139470	139526	57	*
Scaffold8147	20708	20765	58	*	Scaffold1144	215278	215335	58	*
Scaffold8147	21987	22048	62	*	Scaffold1144	216840	216901	62	*
Scaffold815	12923	13001	79	*	Scaffold360	111927	112005	79	*
Scaffold8163	155	227	73	*	Scaffold1951	112111	112183	73	*
Scaffold817	126703	126759	57	*	Scaffold188	831508	831564	57	*
Scaffold817	133062	133116	55	*	Scaffold289	489444	489498	55	*
Scaffold817	59041	59097	57	*	Scaffold848	395711	395767	57	*
Scaffold817	86015	86064	50	*	Scaffold848	380301	380350	50	*
Scaffold817	59041	59097	57	*	Scaffold848	396700	396756	57	*
Scaffold8174	27266	27316	51	*	Scaffold75	322939	322989	51	*
Scaffold8187	22309	22391	83	*	Scaffold1325	3509	3591	83	*
Scaffold8190	1600	1667	68	*	Scaffold2109	69218	69285	68	*
Scaffold8190	40308	40363	56	*	Scaffold3214	16201	16256	56	*
Scaffold8190	40308	40364	57	*	Scaffold3736	22990	23046	57	*
Scaffold8190	3089	3163	75	*	Scaffold451	110802	110876	75	*
Scaffold8190	3134	3185	52	*	Scaffold5495	2159	2210	52	*
Scaffold8190	3447	3501	55	*	Scaffold564	166144	166198	55	*
Scaffold8190	3106	3181	76	*	Scaffold658	611860	611935	76	*
Scaffold8190	40308	40364	57	*	Scaffold695	57413	57469	57	*
Scaffold82	74728	74786	59	*	Scaffold2974	49699	49757	59	*
Scaffold82	96972	97062	91	*	Scaffold3112	32359	32449	91	*
Scaffold82	74728	74786	59	*	Scaffold41	586079	586137	59	*
Scaffold82	96783	96846	64	*	Scaffold643	299953	300016	64	*
Scaffold8204	9369	9431	63	*	Scaffold246	495994	496056	63	*
Scaffold8207	48699	48764	66	*	Scaffold912	274217	274282	66	*
Scaffold8207	8919	8985	67	*	Scaffold912	235356	235422	67	*
Scaffold8207	48352	48417	66	*	Scaffold912	274217	274282	66	*
Scaffold8207	52581	52645	65	*	Scaffold912	275636	275700	65	*
Scaffold8207	54395	54512	118	*	Scaffold912	277135	277252	118	*
Scaffold8207	54660	54735	76	*	Scaffold912	277396	277471	76	*
Scaffold821	74942	74999	58	*	Scaffold86	197850	197907	58	*
Scaffold8213	6809	6861	53	*	Scaffold477	136699	136751	53	*
Scaffold8213	7541	7597	57	*	Scaffold477	136269	136325	57	*
Scaffold8217	12271	12329	59	*	Scaffold2	1383674	1383732	59	*
Scaffold8219	41045	41096	52	*	Scaffold982	120328	120379	52	*
Scaffold8219	34317	34368	52	*	Scaffold982	127991	128042	52	*
Scaffold8227	10517	10573	57	*	Scaffold537	314894	314950	57	*
Scaffold823	116110	116166	57	*	Scaffold1643	108232	108288	57	*
Scaffold823	113815	113870	56	*	Scaffold473	192658	192713	56	*
Scaffold82338	26	77	52	*	Scaffold421	293339	293390	52	*
Scaffold8235	9337	9432	96	*	Scaffold50	159169	159264	96	*
Scaffold8243	23639	23688	50	*	Scaffold1369	26351	26400	50	*
Scaffold8243	23603	23656	54	*	Scaffold167	446262	446315	54	*
Scaffold8243	23610	23690	81	*	Scaffold2584	121031	121111	81	*
Scaffold8243	23612	23664	53	*	Scaffold3028	100137	100189	53	*
Scaffold8243	21786	21837	52	*	Scaffold3028	99971	100022	52	*
Scaffold8243	23647	23714	68	*	Scaffold446	37132	37199	68	*
Scaffold8243	23597	23672	76	*	Scaffold707	24037	24112	76	*
Scaffold8247	5103	5180	78	*	Scaffold1105	292569	292646	78	*
Scaffold8247	25868	25999	132	*	Scaffold198	603681	603812	132	*
Scaffold8247	25797	25865	69	*	Scaffold198	603610	603678	69	*
Scaffold8247	25851	25928	78	*	Scaffold345	557387	557464	78	*
Scaffold8247	5086	5180	95	*	Scaffold558	389798	389892	95	*
Scaffold82499	162	214	53	*	Scaffold1924	81987	82039	53	*
Scaffold825	32056	32105	50	*	Scaffold170	446646	446695	50	*
Scaffold82530	40	97	58	*	Scaffold527	244563	244620	58	*
Scaffold8258	25887	25993	107	*	Scaffold2515	6427	6533	107	*
Scaffold8260	21831	21883	53	*	Scaffold68	1210641	1210693	53	*
Scaffold8263	28066	28135	70	*	Scaffold1232	55955	56024	70	*
Scaffold8275	38675	38725	51	*	Scaffold3021	40621	40671	51	*
Scaffold8276	21133	21182	50	*	Scaffold597	505699	505748	50	*
Scaffold8277	16392	16447	56	*	Scaffold1132	80784	80839	56	*
Scaffold8277	16420	16472	53	*	Scaffold153	4789	4841	53	*
Scaffold8277	21622	21700	79	*	Scaffold551	135958	136036	79	*
Scaffold8277	18977	19029	53	*	Scaffold551	133073	133125	53	*
Scaffold8282	22072	22124	53	*	Scaffold1865	77926	77978	53	*
Scaffold8292	28174	28234	61	*	Scaffold79	468804	468864	61	*
Scaffold8293	25363	25428	66	*	Scaffold234	267804	267869	66	*
Scaffold8293	25363	25428	66	*	Scaffold3910	33821	33886	66	*
Scaffold82977	373	424	52	*	Scaffold18	332182	332233	52	*
Scaffold83	83659	83713	55	*	Scaffold139	123101	123155	55	*
Scaffold8304	60737	60801	65	*	Scaffold10	1374549	1374613	65	*
Scaffold8304	60654	60717	64	*	Scaffold10	1374622	1374685	64	*
Scaffold8304	42275	42349	75	*	Scaffold131	545283	545357	75	*
Scaffold8304	60652	60713	62	*	Scaffold1564	252539	252600	62	*
Scaffold8304	60654	60705	52	*	Scaffold1690	76176	76227	52	*
Scaffold8304	60654	60712	59	*	Scaffold1706	61443	61501	59	*
Scaffold8304	60665	60726	62	*	Scaffold4643	13508	13569	62	*
Scaffold8304	60660	60716	57	*	Scaffold925	54892	54948	57	*
Scaffold8315	22304	22372	69	*	Scaffold113	356669	356737	69	*
Scaffold8316	6619	6672	54	*	Scaffold137	268495	268548	54	*
Scaffold8316	6619	6672	54	*	Scaffold8648	9627	9680	54	*
Scaffold8318	20594	20644	51	*	Scaffold2722	14153	14203	51	*
Scaffold8318	23617	23667	51	*	Scaffold2722	14153	14203	51	*
Scaffold832	141382	141437	56	*	Scaffold70	1052226	1052281	56	*
Scaffold832	138699	138749	51	*	Scaffold70	1055285	1055335	51	*
Scaffold833	103571	103623	53	*	Scaffold123	33641	33693	53	*
Scaffold833	95437	95487	51	*	Scaffold123	41767	41817	51	*
Scaffold833	10656	10708	53	*	Scaffold123	95523	95575	53	*
Scaffold833	8760	8827	68	*	Scaffold123	97290	97357	68	*
Scaffold833	10537	10604	68	*	Scaffold123	95625	95692	68	*
Scaffold833	40797	40872	76	*	Scaffold123	86234	86309	76	*
Scaffold833	94188	94238	51	*	Scaffold123	41767	41817	51	*
Scaffold833	21467	21519	53	*	Scaffold4944	4315	4367	53	*
Scaffold833	21049	21111	63	*	Scaffold4944	3899	3961	63	*
Scaffold833	21257	21318	62	*	Scaffold4944	4107	4168	62	*
Scaffold8339	11940	11989	50	*	Scaffold214	92779	92828	50	*
Scaffold834	106058	106149	92	*	Scaffold63	441010	441101	92	*
Scaffold8344	3626	3681	56	*	Scaffold911	318067	318122	56	*
Scaffold835	112525	112577	53	*	Scaffold357	472959	473011	53	*
Scaffold835	112610	112674	65	*	Scaffold357	472858	472922	65	*
Scaffold835	112577	112654	78	*	Scaffold396	363479	363556	78	*
Scaffold835	112516	112588	73	*	Scaffold5191	8261	8333	73	*
Scaffold835	112590	112728	139	*	Scaffold5191	8335	8473	139	*
Scaffold835	197200	197275	76	*	Scaffold571	190520	190595	76	*
Scaffold835	178704	178759	56	*	Scaffold571	206019	206074	56	*
Scaffold835	184427	184480	54	*	Scaffold571	200515	200568	54	*
Scaffold835	89565	89641	77	*	Scaffold571	274987	275063	77	*
Scaffold835	153675	153726	52	*	Scaffold571	227162	227213	52	*
Scaffold835	178784	178846	63	*	Scaffold571	205932	205994	63	*
Scaffold835	230716	230773	58	*	Scaffold571	148381	148438	58	*
Scaffold835	166188	166250	63	*	Scaffold571	214850	214912	63	*
Scaffold835	242173	242250	78	*	Scaffold571	131925	132002	78	*
Scaffold835	113678	113727	50	*	Scaffold571	254354	254403	50	*
Scaffold835	168683	168732	50	*	Scaffold571	212491	212540	50	*
Scaffold835	221151	221208	58	*	Scaffold571	161371	161428	58	*
Scaffold835	158062	158144	83	*	Scaffold571	222785	222867	83	*
Scaffold835	185101	185155	55	*	Scaffold571	199839	199893	55	*
Scaffold83516	274	324	51	*	Scaffold109	143458	143508	51	*
Scaffold83516	245	311	67	*	Scaffold222	467448	467514	67	*
Scaffold83516	308	376	69	*	Scaffold2291	65890	65958	69	*
Scaffold83516	204	332	129	*	Scaffold5191	8316	8444	129	*
Scaffold83516	334	403	70	*	Scaffold5191	8245	8314	70	*
Scaffold83516	235	293	59	*	Scaffold73	195436	195494	59	*
Scaffold8359	17072	17130	59	*	Scaffold344	656993	657051	59	*
Scaffold836	63406	63455	50	*	Scaffold2790	33109	33158	50	*
Scaffold8360	55439	55492	54	*	Scaffold374	156025	156078	54	*
Scaffold8362	21679	21734	56	*	Scaffold301	211634	211689	56	*
Scaffold837	47318	47379	62	*	Scaffold698	269592	269653	62	*
Scaffold8370	20977	21035	59	*	Scaffold10	1399550	1399608	59	*
Scaffold8371	16933	16991	59	*	Scaffold1896	577093	577151	59	*
Scaffold83727	810	861	52	*	Scaffold338	648115	648166	52	*
Scaffold8373	1858	1922	65	*	Scaffold11504	261	325	65	*
Scaffold8373	30358	30448	91	*	Scaffold240	220051	220141	91	*
Scaffold8373	6544	6605	62	*	Scaffold386	450929	450990	62	*
Scaffold8374	29829	29885	57	*	Scaffold2280	3254	3310	57	*
Scaffold83761	657	730	74	*	Scaffold633	278114	278187	74	*
Scaffold83761	656	706	51	*	Scaffold645	372934	372984	51	*
Scaffold8380	50509	50573	65	*	Scaffold18	332938	333002	65	*
Scaffold8391	7323	7394	72	*	Scaffold64	315056	315127	72	*
Scaffold8391	8302	8373	72	*	Scaffold64	315056	315127	72	*
Scaffold8391	7323	7394	72	*	Scaffold64	308949	309020	72	*
Scaffold8395	1680	1736	57	*	Scaffold364	348013	348069	57	*
Scaffold8395	1684	1740	57	*	Scaffold422	36463	36519	57	*
Scaffold8395	1683	1738	56	*	Scaffold873	199793	199848	56	*
Scaffold8396	26864	26979	116	*	Scaffold68	823756	823871	116	*
Scaffold8396	44148	44240	93	*	Scaffold68	811442	811534	93	*
Scaffold84	128580	128652	73	*	Scaffold5191	8374	8446	73	*
Scaffold84	128365	128415	51	*	Scaffold5191	8795	8845	51	*
Scaffold84	62681	62741	61	*	Scaffold541	427807	427867	61	*
Scaffold8402	19205	19262	58	*	Scaffold1472	23771	23828	58	*
Scaffold8415	21940	22006	67	*	Scaffold2125	90048	90114	67	*
Scaffold8415	21940	22006	67	*	Scaffold2125	101459	101525	67	*
Scaffold8416	47357	47407	51	*	Scaffold285	179601	179651	51	*
Scaffold8416	22774	22831	58	*	Scaffold285	208762	208819	58	*
Scaffold84219	124	204	81	*	Scaffold5191	8400	8480	81	*
Scaffold84219	273	338	66	*	Scaffold5191	8267	8332	66	*
Scaffold8424	7184	7238	55	*	Scaffold246	323382	323436	55	*
Scaffold843	127757	127811	55	*	Scaffold639	89716	89770	55	*
Scaffold843	127756	127811	56	*	Scaffold724	398866	398921	56	*
Scaffold843	110814	110866	53	*	Scaffold724	414476	414528	53	*
Scaffold843	94799	94851	53	*	Scaffold724	437570	437622	53	*
Scaffold843	24556	24608	53	*	Scaffold724	490697	490749	53	*
Scaffold843	96635	96692	58	*	Scaffold724	435543	435600	58	*
Scaffold8438	44543	44644	102	*	Scaffold163	444511	444612	102	*
Scaffold8438	36959	37010	52	*	Scaffold163	453252	453303	52	*
Scaffold8439	3910	3959	50	*	Scaffold27542	178	227	50	*
Scaffold844	111137	111215	79	*	Scaffold198	603605	603683	79	*
Scaffold844	111221	111287	67	*	Scaffold198	603689	603755	67	*
Scaffold8441	45004	45054	51	*	Scaffold1081	141949	141999	51	*
Scaffold8455	36422	36484	63	*	Scaffold474	188694	188756	63	*
Scaffold846	7083	7133	51	*	Scaffold79	375260	375310	51	*
Scaffold84664	237	293	57	*	Scaffold198	603757	603813	57	*
Scaffold84664	256	312	57	*	Scaffold4541	2864	2920	57	*
Scaffold84694	124	197	74	*	Scaffold198	603686	603759	74	*
Scaffold84694	199	262	64	*	Scaffold198	603761	603824	64	*
Scaffold8470	14245	14301	57	*	Scaffold1775	8244	8300	57	*
Scaffold8470	14238	14292	55	*	Scaffold69	882440	882494	55	*
Scaffold8472	7701	7762	62	*	Scaffold149	83085	83146	62	*
Scaffold8472	6073	6122	50	*	Scaffold149	84441	84490	50	*
Scaffold8475	53168	53222	55	*	Scaffold1646	69177	69231	55	*
Scaffold8475	54706	54764	59	*	Scaffold587	217574	217632	59	*
Scaffold8475	54793	54863	71	*	Scaffold636	612217	612287	71	*
Scaffold8475	53114	53197	84	*	Scaffold79	468716	468799	84	*
Scaffold8475	53202	53258	57	*	Scaffold79	468804	468860	57	*
Scaffold848	225759	225808	50	*	Scaffold57	940299	940348	50	*
Scaffold848	249256	249317	62	*	Scaffold57	958197	958258	62	*
Scaffold848	264565	264621	57	*	Scaffold57	973492	973548	57	*
Scaffold848	243745	243815	71	*	Scaffold57	952401	952471	71	*
Scaffold848	34971	35039	69	*	Scaffold57	761918	761986	69	*
Scaffold848	33607	33675	69	*	Scaffold57	760563	760631	69	*
Scaffold848	116852	116901	50	*	Scaffold57	820551	820600	50	*
Scaffold848	265142	265191	50	*	Scaffold57	974112	974161	50	*
Scaffold848	250687	250737	51	*	Scaffold57	959725	959775	51	*
Scaffold84850	157	215	59	*	Scaffold1223	64209	64267	59	*
Scaffold8486	29262	29320	59	*	Scaffold926	387236	387294	59	*
Scaffold84867	1	60	60	*	Scaffold2118	34042	34101	60	*
Scaffold8492	13883	13942	60	*	Scaffold20	872342	872401	60	*
Scaffold8494	34169	34295	127	*	Scaffold543	261667	261793	127	*
Scaffold8494	34970	35019	50	*	Scaffold543	262474	262523	50	*
Scaffold8494	34759	34839	81	*	Scaffold543	262263	262343	81	*
Scaffold8494	34537	34615	79	*	Scaffold543	262035	262113	79	*
Scaffold8494	33805	33875	71	*	Scaffold543	261303	261373	71	*
Scaffold8494	38431	38501	71	*	Scaffold543	265366	265436	71	*
Scaffold8494	34898	34968	71	*	Scaffold543	262402	262472	71	*
Scaffold8494	46890	46961	72	*	Scaffold543	274344	274415	72	*
Scaffold8494	34638	34698	61	*	Scaffold543	262139	262199	61	*
Scaffold8494	34841	34896	56	*	Scaffold543	262345	262400	56	*
Scaffold8494	34169	34295	127	*	Scaffold860	36843	36969	127	*
Scaffold8494	33805	33875	71	*	Scaffold860	36479	36549	71	*
Scaffold85	8272	8328	57	*	Scaffold1204	96423	96479	57	*
Scaffold85	8276	8328	53	*	Scaffold150	411540	411592	53	*
Scaffold85	8271	8328	58	*	Scaffold255	97984	98041	58	*
Scaffold85	19832	19881	50	*	Scaffold296	625622	625671	50	*
Scaffold850	149427	149488	62	*	Scaffold1636	138830	138891	62	*
Scaffold850	167090	167146	57	*	Scaffold1636	155784	155840	57	*
Scaffold850	230306	230363	58	*	Scaffold1636	197564	197621	58	*
Scaffold850	183463	183514	52	*	Scaffold1636	165594	165645	52	*
Scaffold850	68679	68739	61	*	Scaffold1636	84957	85017	61	*
Scaffold850	139992	140050	59	*	Scaffold1636	129955	130013	59	*
Scaffold850	206322	206375	54	*	Scaffold1636	181853	181906	54	*
Scaffold850	153079	153134	56	*	Scaffold1636	143959	144014	56	*
Scaffold850	143287	143339	53	*	Scaffold1636	135016	135068	53	*
Scaffold850	197236	197307	72	*	Scaffold1636	175130	175201	72	*
Scaffold850	229089	229142	54	*	Scaffold1636	196158	196211	54	*
Scaffold850	198860	198919	60	*	Scaffold1636	176610	176669	60	*
Scaffold850	84536	84594	59	*	Scaffold1636	88639	88697	59	*
Scaffold850	89090	89144	55	*	Scaffold1636	92795	92849	55	*
Scaffold850	185771	185928	158	*	Scaffold1636	167637	167794	158	*
Scaffold850	72066	72129	64	*	Scaffold1636	87286	87349	64	*
Scaffold850	60995	61044	50	*	Scaffold1636	75617	75666	50	*
Scaffold850	228964	229019	56	*	Scaffold1636	196033	196088	56	*
Scaffold850	88794	88896	103	*	Scaffold1636	92498	92600	103	*
Scaffold850	177423	177481	59	*	Scaffold1636	161853	161911	59	*
Scaffold850	139871	139937	67	*	Scaffold1636	129835	129901	67	*
Scaffold850	89090	89144	55	*	Scaffold26549	1208	1262	55	*
Scaffold850	88794	88896	103	*	Scaffold26549	911	1013	103	*
Scaffold850	209088	209177	90	*	Scaffold5191	8266	8355	90	*
Scaffold850	208973	209065	93	*	Scaffold5191	8378	8470	93	*
Scaffold8503	16607	16679	73	*	Scaffold4681	5850	5922	73	*
Scaffold8503	15713	15764	52	*	Scaffold4681	4987	5038	52	*
Scaffold8505	30296	30350	55	*	Scaffold1523	406084	406138	55	*
Scaffold8505	30302	30354	53	*	Scaffold244	216860	216912	53	*
Scaffold8511	16236	16302	67	*	Scaffold1023	119181	119247	67	*
Scaffold8511	16243	16309	67	*	Scaffold1390	140136	140202	67	*
Scaffold8511	16236	16301	66	*	Scaffold1490	66264	66329	66	*
Scaffold8511	63608	63660	53	*	Scaffold1642	247546	247598	53	*
Scaffold8511	30264	30322	59	*	Scaffold1642	276498	276556	59	*
Scaffold8511	63422	63524	103	*	Scaffold1642	247692	247794	103	*
Scaffold8511	16236	16303	68	*	Scaffold2155	103919	103986	68	*
Scaffold8511	16235	16302	68	*	Scaffold2264	98499	98566	68	*
Scaffold8511	16239	16301	63	*	Scaffold267	216819	216881	63	*
Scaffold8511	16227	16304	78	*	Scaffold311	13114	13191	78	*
Scaffold8511	16234	16303	70	*	Scaffold47	825785	825854	70	*
Scaffold8511	195	255	61	*	Scaffold558	394236	394296	61	*
Scaffold8511	16239	16300	62	*	Scaffold607	180028	180089	62	*
Scaffold8511	16236	16290	55	*	Scaffold709	246269	246323	55	*
Scaffold8511	16238	16297	60	*	Scaffold720	163319	163378	60	*
Scaffold8511	16236	16301	66	*	Scaffold77	1166255	1166320	66	*
Scaffold8511	16250	16302	53	*	Scaffold8	655570	655622	53	*
Scaffold8511	16280	16343	64	*	Scaffold960	283674	283737	64	*
Scaffold8516	12553	12605	53	*	Scaffold930	290356	290408	53	*
Scaffold8518	920	1036	117	*	Scaffold5191	8440	8556	117	*
Scaffold8520	28173	28223	51	*	Scaffold1578	81163	81213	51	*
Scaffold85219	1	81	81	*	Scaffold198	603652	603732	81	*
Scaffold85219	83	153	71	*	Scaffold198	603580	603650	71	*
Scaffold853	64847	64898	52	*	Scaffold444	584070	584121	52	*
Scaffold853	23166	23316	151	*	Scaffold444	623848	623998	151	*
Scaffold853	87695	87756	62	*	Scaffold444	568936	568997	62	*
Scaffold853	41672	41725	54	*	Scaffold444	605117	605170	54	*
Scaffold853	22990	23039	50	*	Scaffold444	624127	624176	50	*
Scaffold853	17402	17535	134	*	Scaffold444	628380	628513	134	*
Scaffold853	17537	17591	55	*	Scaffold444	628324	628378	55	*
Scaffold853	53524	53599	76	*	Scaffold444	593632	593707	76	*
Scaffold853	33883	33935	53	*	Scaffold444	612308	612360	53	*
Scaffold853	41757	41812	56	*	Scaffold444	605029	605084	56	*
Scaffold853	69362	69451	90	*	Scaffold444	579313	579402	90	*
Scaffold853	63665	63716	52	*	Scaffold444	585137	585188	52	*
Scaffold853	33883	33935	53	*	Scaffold6329	21287	21339	53	*
Scaffold8540	6205	6264	60	*	Scaffold1957	92817	92876	60	*
Scaffold8545	19504	19566	63	*	Scaffold470	293460	293522	63	*
Scaffold8545	19583	19635	53	*	Scaffold470	293391	293443	53	*
Scaffold8546	20761	20812	52	*	Scaffold504	265193	265244	52	*
Scaffold8547	36164	36217	54	*	Scaffold1200	31036	31089	54	*
Scaffold85473	127	228	102	*	Scaffold8458	211	312	102	*
Scaffold85473	234	302	69	*	Scaffold8458	137	205	69	*
Scaffold85473	51	108	58	*	Scaffold8458	328	385	58	*
Scaffold855	12411	12462	52	*	Scaffold3985	4836	4887	52	*
Scaffold855	12411	12462	52	*	Scaffold70	1283582	1283633	52	*
Scaffold8551	1873	1927	55	*	Scaffold303	75886	75940	55	*
Scaffold85540	162	213	52	*	Scaffold52	895894	895945	52	*
Scaffold85595	555	612	58	*	Scaffold821	363243	363300	58	*
Scaffold8560	29055	29126	72	*	Scaffold53	58671	58742	72	*
Scaffold85631	209	264	56	*	Scaffold60	997159	997214	56	*
Scaffold8567	2686	2735	50	*	Scaffold18	332338	332387	50	*
Scaffold8567	5622	5691	70	*	Scaffold294	452327	452396	70	*
Scaffold8567	2699	2753	55	*	Scaffold4077	14493	14547	55	*
Scaffold8567	2331	2391	61	*	Scaffold4077	14148	14208	61	*
Scaffold8567	5617	5696	80	*	Scaffold901	163009	163088	80	*
Scaffold857	86223	86299	77	*	Scaffold47	821922	821998	77	*
Scaffold857	59535	59596	62	*	Scaffold47	800679	800740	62	*
Scaffold8570	10853	10927	75	*	Scaffold1548	50358	50432	75	*
Scaffold8570	10832	10884	53	*	Scaffold2979	8758	8810	53	*
Scaffold8570	10828	10881	54	*	Scaffold322	513955	514008	54	*
Scaffold8570	10500	10553	54	*	Scaffold411	299258	299311	54	*
Scaffold85771	4	65	62	*	Scaffold1763	124009	124070	62	*
Scaffold85771	187	251	65	*	Scaffold1763	123823	123887	65	*
Scaffold85771	22	86	65	*	Scaffold208	161851	161915	65	*
Scaffold8579	50968	51023	56	*	Scaffold564	309842	309897	56	*
Scaffold8579	50453	50509	57	*	Scaffold564	309330	309386	57	*
Scaffold8579	51116	51168	53	*	Scaffold564	309993	310045	53	*
Scaffold858	58367	58422	56	*	Scaffold156	324925	324980	56	*
Scaffold858	57905	57959	55	*	Scaffold16	985249	985303	55	*
Scaffold858	58109	58163	55	*	Scaffold16	985046	985100	55	*
Scaffold858	58188	58239	52	*	Scaffold1830	35436	35487	52	*
Scaffold858	57888	57938	51	*	Scaffold2296	31226	31276	51	*
Scaffold858	58181	58239	59	*	Scaffold52	509178	509236	59	*
Scaffold858	58057	58119	63	*	Scaffold52	509310	509372	63	*
Scaffold858	58108	58160	53	*	Scaffold645	372733	372785	53	*
Scaffold858	57902	57954	53	*	Scaffold645	372934	372986	53	*
Scaffold858	57876	57925	50	*	Scaffold943	207459	207508	50	*
Scaffold859	69495	69544	50	*	Scaffold2037	32342	32391	50	*
Scaffold859	95400	95450	51	*	Scaffold249	662769	662819	51	*
Scaffold8594	40140	40249	110	*	Scaffold769	134279	134388	110	*
Scaffold860	95731	95784	54	*	Scaffold1288	165163	165216	54	*
Scaffold8606	14505	14560	56	*	Scaffold142	635234	635289	56	*
Scaffold8608	11717	11769	53	*	Scaffold1170	16711	16763	53	*
Scaffold8608	11606	11664	59	*	Scaffold1330	101096	101154	59	*
Scaffold8608	11711	11767	57	*	Scaffold1763	123765	123821	57	*
Scaffold8608	11636	11709	74	*	Scaffold63	53049	53122	74	*
Scaffold8609	8401	8454	54	*	Scaffold311	578137	578190	54	*
Scaffold8611	6990	7047	58	*	Scaffold3267	26835	26892	58	*
Scaffold8611	18931	18980	50	*	Scaffold3267	20496	20545	50	*
Scaffold8611	6479	6536	58	*	Scaffold3267	27384	27441	58	*
Scaffold8614	32780	32859	80	*	Scaffold1763	123768	123847	80	*
Scaffold8616	11218	11276	59	*	Scaffold1819	38027	38085	59	*
Scaffold8618	4259	4311	53	*	Scaffold470	293391	293443	53	*
Scaffold8618	4405	4458	54	*	Scaffold470	293537	293590	54	*
Scaffold8618	4344	4403	60	*	Scaffold470	293476	293535	60	*
Scaffold8621	26877	26930	54	*	Scaffold39	158916	158969	54	*
Scaffold8621	26756	26805	50	*	Scaffold39	159052	159101	50	*
Scaffold8621	32700	32763	64	*	Scaffold507	187871	187934	64	*
Scaffold8622	30997	31059	63	*	Scaffold113	356435	356497	63	*
Scaffold8633	17130	17179	50	*	Scaffold377	526038	526087	50	*
Scaffold864	41039	41093	55	*	Scaffold1738	59551	59605	55	*
Scaffold86443	31	93	63	*	Scaffold5191	8867	8929	63	*
Scaffold86446	287	345	59	*	Scaffold28	199982	200040	59	*
Scaffold8645	38151	38225	75	*	Scaffold25704	997	1071	75	*
Scaffold8650	35627	35724	98	*	Scaffold154	150263	150360	98	*
Scaffold86530	656	706	51	*	Scaffold99	440527	440577	51	*
Scaffold8665	5910	5964	55	*	Scaffold670	198067	198121	55	*
Scaffold86657	4	53	50	*	Scaffold1031	39519	39568	50	*
Scaffold86657	4	58	55	*	Scaffold1186	124142	124196	55	*
Scaffold8669	3686	3741	56	*	Scaffold1125	116535	116590	56	*
Scaffold867	26875	26946	72	*	Scaffold731	280722	280793	72	*
Scaffold8672	8040	8094	55	*	Scaffold137	38106	38160	55	*
Scaffold8672	25428	25486	59	*	Scaffold137	21918	21976	59	*
Scaffold8672	11598	11650	53	*	Scaffold137	33912	33964	53	*
Scaffold8672	4671	4725	55	*	Scaffold1717	43135	43189	55	*
Scaffold8672	4578	4629	52	*	Scaffold1717	43267	43318	52	*
Scaffold8677	54857	54907	51	*	Scaffold505	254735	254785	51	*
Scaffold868	155572	155623	52	*	Scaffold266	211083	211134	52	*
Scaffold868	167160	167215	56	*	Scaffold728	240417	240472	56	*
Scaffold86867	176	244	69	*	Scaffold453	597809	597877	69	*
Scaffold8690	20789	20858	70	*	Scaffold3429	15670	15739	70	*
Scaffold8692	29121	29184	64	*	Scaffold127	437493	437556	64	*
Scaffold8692	32711	32763	53	*	Scaffold1495	108016	108068	53	*
Scaffold8692	32874	32933	60	*	Scaffold528	412974	413033	60	*
Scaffold8694	2597	2651	55	*	Scaffold362	720463	720517	55	*
Scaffold86981	181	257	77	*	Scaffold56	203659	203735	77	*
Scaffold870	209	272	64	*	Scaffold310	230435	230498	64	*
Scaffold8703	3599	3678	80	*	Scaffold113	356571	356650	80	*
Scaffold8703	3526	3580	55	*	Scaffold113	356669	356723	55	*
Scaffold8703	3498	3571	74	*	Scaffold114	1250691	1250764	74	*
Scaffold8703	3505	3628	124	*	Scaffold135	656644	656767	124	*
Scaffold8703	3619	3669	51	*	Scaffold6774	1787	1837	51	*
Scaffold8703	3531	3581	51	*	Scaffold881	173492	173542	51	*
Scaffold87167	250	299	50	*	Scaffold691	157213	157262	50	*
Scaffold872	127099	127155	57	*	Scaffold1817	117459	117515	57	*
Scaffold872	135958	136014	57	*	Scaffold1817	109837	109893	57	*
Scaffold872	127772	127839	68	*	Scaffold1817	116765	116832	68	*
Scaffold872	112604	112654	51	*	Scaffold1817	125680	125730	51	*
Scaffold872	110465	110557	93	*	Scaffold375	264501	264593	93	*
Scaffold872	58285	58343	59	*	Scaffold375	308758	308816	59	*
Scaffold872	111065	111127	63	*	Scaffold375	263939	264001	63	*
Scaffold872	97277	97341	65	*	Scaffold375	274025	274089	65	*
Scaffold872	72943	72994	52	*	Scaffold375	292811	292862	52	*
Scaffold872	57837	57886	50	*	Scaffold375	309347	309396	50	*
Scaffold872	109951	110008	58	*	Scaffold375	265047	265104	58	*
Scaffold872	94884	94935	52	*	Scaffold375	276486	276537	52	*
Scaffold8726	13936	13992	57	*	Scaffold181	710539	710595	57	*
Scaffold8727	31438	31504	67	*	Scaffold1223	64362	64428	67	*
Scaffold8727	51570	51626	57	*	Scaffold1235	4170	4226	57	*
Scaffold8727	51570	51626	57	*	Scaffold780	104990	105046	57	*
Scaffold8727	32106	32178	73	*	Scaffold780	89314	89386	73	*
Scaffold8729	48063	48118	56	*	Scaffold90	543548	543603	56	*
Scaffold8731	13986	14041	56	*	Scaffold3926	23800	23855	56	*
Scaffold875	72836	72908	73	*	Scaffold185	323707	323779	73	*
Scaffold875	71455	71516	62	*	Scaffold185	322807	322868	62	*
Scaffold875	71674	71741	68	*	Scaffold185	323023	323090	68	*
Scaffold875	102462	102531	70	*	Scaffold185	350316	350385	70	*
Scaffold875	69217	69278	62	*	Scaffold185	320862	320923	62	*
Scaffold875	68802	68853	52	*	Scaffold185	320605	320656	52	*
Scaffold875	29319	29373	55	*	Scaffold185	276416	276470	55	*
Scaffold875	80500	80563	64	*	Scaffold185	330083	330146	64	*
Scaffold875	66870	66928	59	*	Scaffold185	318275	318333	59	*
Scaffold875	89191	89254	64	*	Scaffold185	338055	338118	64	*
Scaffold875	89317	89383	67	*	Scaffold185	338181	338247	67	*
Scaffold875	45662	45741	80	*	Scaffold185	294194	294273	80	*
Scaffold875	102370	102419	50	*	Scaffold185	350224	350273	50	*
Scaffold875	66947	66996	50	*	Scaffold185	318352	318401	50	*
Scaffold875	19317	19374	58	*	Scaffold185	269845	269902	58	*
Scaffold875	45519	45591	73	*	Scaffold185	294050	294122	73	*
Scaffold875	73528	73579	52	*	Scaffold185	324458	324509	52	*
Scaffold875	45743	45796	54	*	Scaffold185	294275	294328	54	*
Scaffold8752	23241	23304	64	*	Scaffold1060	412286	412349	64	*
Scaffold8762	1026	1089	64	*	Scaffold122	991442	991505	64	*
Scaffold8762	29096	29181	86	*	Scaffold122	1013645	1013730	86	*
Scaffold8762	5057	5107	51	*	Scaffold122	994688	994738	51	*
Scaffold8764	13448	13497	50	*	Scaffold18	332914	332963	50	*
Scaffold8764	33899	33995	97	*	Scaffold29080	299	395	97	*
Scaffold8764	34891	35122	232	*	Scaffold5191	8280	8511	232	*
Scaffold8771	98333	98388	56	*	Scaffold14169	68	123	56	*
Scaffold8771	62124	62175	52	*	Scaffold57	1400915	1400966	52	*
Scaffold878	134878	134936	59	*	Scaffold1030	91588	91646	59	*
Scaffold878	134928	134978	51	*	Scaffold1079	221374	221424	51	*
Scaffold878	134976	135026	51	*	Scaffold1263	102114	102164	51	*
Scaffold878	135051	135109	59	*	Scaffold13	1082382	1082440	59	*
Scaffold878	134881	134933	53	*	Scaffold13	1081912	1081964	53	*
Scaffold878	134971	135035	65	*	Scaffold13	1082302	1082366	65	*
Scaffold878	135019	135080	62	*	Scaffold1763	124009	124070	62	*
Scaffold878	135583	135642	60	*	Scaffold1763	124245	124304	60	*
Scaffold878	134941	135001	61	*	Scaffold22292	156	216	61	*
Scaffold878	134936	134993	58	*	Scaffold22353	559	616	58	*
Scaffold878	135046	135095	50	*	Scaffold247	420751	420800	50	*
Scaffold878	135011	135075	65	*	Scaffold29196	349	413	65	*
Scaffold878	134889	134942	54	*	Scaffold29196	482	535	54	*
Scaffold878	134872	134941	70	*	Scaffold3511	21473	21542	70	*
Scaffold878	44801	44874	74	*	Scaffold4	1362949	1363022	74	*
Scaffold878	44672	44775	104	*	Scaffold4	1362820	1362923	104	*
Scaffold878	135039	135088	50	*	Scaffold417	234791	234840	50	*
Scaffold878	134892	134953	62	*	Scaffold457	256619	256680	62	*
Scaffold878	44615	44862	248	*	Scaffold5191	8266	8513	248	*
Scaffold878	134943	134994	52	*	Scaffold590	123577	123628	52	*
Scaffold87873	12	72	61	*	Scaffold92	75120	75180	61	*
Scaffold8791	21188	21254	67	*	Scaffold627	145095	145161	67	*
Scaffold8795	10413	10462	50	*	Scaffold42	107449	107498	50	*
Scaffold8799	40244	40299	56	*	Scaffold416	140473	140528	56	*
Scaffold88	49855	49918	64	*	Scaffold908	81011	81074	64	*
Scaffold8801	17499	17568	70	*	Scaffold3135	5012	5081	70	*
Scaffold88038	143	205	63	*	Scaffold1527	43438	43500	63	*
Scaffold88038	79	141	63	*	Scaffold1527	43502	43564	63	*
Scaffold88038	30	131	102	*	Scaffold185	559479	559580	102	*
Scaffold8807	28519	28576	58	*	Scaffold36	996806	996863	58	*
Scaffold88074	1	54	54	*	Scaffold410	126837	126890	54	*
Scaffold881	147848	147974	127	*	Scaffold184	601910	602036	127	*
Scaffold881	172708	172829	122	*	Scaffold184	579479	579600	122	*
Scaffold881	154912	155114	203	*	Scaffold184	595022	595224	203	*
Scaffold881	158611	158694	84	*	Scaffold184	592296	592379	84	*
Scaffold881	153914	153987	74	*	Scaffold184	596147	596220	74	*
Scaffold881	138847	138900	54	*	Scaffold184	611025	611078	54	*
Scaffold881	140315	140378	64	*	Scaffold184	609316	609379	64	*
Scaffold881	169570	169633	64	*	Scaffold184	582504	582567	64	*
Scaffold881	172831	172916	86	*	Scaffold184	579392	579477	86	*
Scaffold881	155116	155185	70	*	Scaffold184	594951	595020	70	*
Scaffold8811	22229	22281	53	*	Scaffold1428	122655	122707	53	*
Scaffold8811	22223	22275	53	*	Scaffold822	242913	242965	53	*
Scaffold8812	46323	46402	80	*	Scaffold135	475154	475233	80	*
Scaffold8818	2789	2883	95	*	Scaffold142	810380	810474	95	*
Scaffold882	135041	135091	51	*	Scaffold573	82133	82183	51	*
Scaffold8820	69717	69785	69	*	Scaffold1177	136236	136304	69	*
Scaffold8820	67339	67389	51	*	Scaffold132	1087167	1087217	51	*
Scaffold8820	67306	67359	54	*	Scaffold25452	409	462	54	*
Scaffold8820	67306	67368	63	*	Scaffold2738	73927	73989	63	*
Scaffold8820	67307	67363	57	*	Scaffold543	345512	345568	57	*
Scaffold8820	67305	67370	66	*	Scaffold601	269239	269304	66	*
Scaffold8820	67319	67371	53	*	Scaffold790	149728	149780	53	*
Scaffold8820	67339	67392	54	*	Scaffold8	633898	633951	54	*
Scaffold8820	67335	67392	58	*	Scaffold974	335519	335576	58	*
Scaffold8822	30232	30320	89	*	Scaffold2014	146717	146805	89	*
Scaffold8822	30144	30230	87	*	Scaffold2014	146629	146715	87	*
Scaffold8825	1114	1182	69	*	Scaffold17	284352	284420	69	*
Scaffold8827	15961	16013	53	*	Scaffold760	49294	49346	53	*
Scaffold8829	14694	14752	59	*	Scaffold1336	13442	13500	59	*
Scaffold8829	14621	14674	54	*	Scaffold1647	125780	125833	54	*
Scaffold8829	14455	14507	53	*	Scaffold2280	3493	3545	53	*
Scaffold8829	14534	14594	61	*	Scaffold605	365702	365762	61	*
Scaffold8829	14638	14696	59	*	Scaffold605	365811	365869	59	*
Scaffold8829	14481	14545	65	*	Scaffold650	108667	108731	65	*
Scaffold883	37685	37748	64	*	Scaffold2274	22532	22595	64	*
Scaffold8834	20184	20317	134	*	Scaffold113	356517	356650	134	*
Scaffold8834	20402	20456	55	*	Scaffold113	356738	356792	55	*
Scaffold8834	20336	20389	54	*	Scaffold113	356669	356722	54	*
Scaffold8834	20427	20481	55	*	Scaffold29140	15794	15848	55	*
Scaffold8834	20406	20494	89	*	Scaffold4194	11009	11097	89	*
Scaffold8834	20315	20370	56	*	Scaffold4194	10919	10974	56	*
Scaffold8834	20216	20270	55	*	Scaffold85	511196	511250	55	*
Scaffold8834	20184	20251	68	*	Scaffold95	671821	671888	68	*
Scaffold8836	14614	14668	55	*	Scaffold20576	906	960	55	*
Scaffold8836	10711	10760	50	*	Scaffold2662	116686	116735	50	*
Scaffold8837	47248	47314	67	*	Scaffold143	544091	544157	67	*
Scaffold8843	15874	15935	62	*	Scaffold1081	234388	234449	62	*
Scaffold8843	15873	15928	56	*	Scaffold12	656476	656531	56	*
Scaffold8843	55860	55913	54	*	Scaffold1326	38417	38470	54	*
Scaffold8843	15875	15938	64	*	Scaffold1402	34713	34776	64	*
Scaffold8843	15876	15938	63	*	Scaffold142	834907	834969	63	*
Scaffold8843	15961	16010	50	*	Scaffold189	392012	392061	50	*
Scaffold8843	15962	16020	59	*	Scaffold2230	108255	108313	59	*
Scaffold8843	15871	15932	62	*	Scaffold260	184117	184178	62	*
Scaffold8843	15962	16024	63	*	Scaffold3107	84876	84938	63	*
Scaffold8843	53424	53501	78	*	Scaffold3112	32299	32376	78	*
Scaffold8843	15879	15932	54	*	Scaffold391	529728	529781	54	*
Scaffold8843	15873	15929	57	*	Scaffold397	258805	258861	57	*
Scaffold8843	15874	15931	58	*	Scaffold4189	6621	6678	58	*
Scaffold8843	15874	15932	59	*	Scaffold420	211896	211954	59	*
Scaffold8843	15874	15936	63	*	Scaffold429	224613	224675	63	*
Scaffold8843	15874	15924	51	*	Scaffold473	268196	268246	51	*
Scaffold8843	15959	16014	56	*	Scaffold56	853607	853662	56	*
Scaffold8843	15959	16017	59	*	Scaffold589	280711	280769	59	*
Scaffold8843	15875	15930	56	*	Scaffold719	16428	16483	56	*
Scaffold8843	15876	15932	57	*	Scaffold8514	5601	5657	57	*
Scaffold8843	15961	16019	59	*	Scaffold8514	5685	5743	59	*
Scaffold8845	9939	9992	54	*	Scaffold3088	37953	38006	54	*
Scaffold8851	31947	31999	53	*	Scaffold25	312269	312321	53	*
Scaffold8851	32571	32680	110	*	Scaffold25	312904	313013	110	*
Scaffold8851	32407	32477	71	*	Scaffold25	312738	312808	71	*
Scaffold886	103908	103958	51	*	Scaffold76	880112	880162	51	*
Scaffold886	83656	83709	54	*	Scaffold932	10378	10431	54	*
Scaffold886	63140	63292	153	*	Scaffold932	46827	46979	153	*
Scaffold886	62737	62790	54	*	Scaffold932	47327	47380	54	*
Scaffold886	63445	63535	91	*	Scaffold932	46586	46676	91	*
Scaffold886	99363	99415	53	*	Scaffold932	5016	5068	53	*
Scaffold886	83577	83626	50	*	Scaffold932	10461	10510	50	*
Scaffold886	100329	100381	53	*	Scaffold932	4536	4588	53	*
Scaffold886	101014	101065	52	*	Scaffold932	25401	25452	52	*
Scaffold886	63387	63439	53	*	Scaffold932	46681	46733	53	*
Scaffold886	101014	101065	52	*	Scaffold932	3593	3644	52	*
Scaffold886	93035	93128	94	*	Scaffold932	18038	18131	94	*
Scaffold886	101471	101528	58	*	Scaffold932	25865	25922	58	*
Scaffold886	83878	83949	72	*	Scaffold932	10125	10196	72	*
Scaffold886	62965	63138	174	*	Scaffold932	46981	47154	174	*
Scaffold886	100329	100381	53	*	Scaffold932	24606	24658	53	*
Scaffold886	83767	83844	78	*	Scaffold932	10230	10307	78	*
Scaffold886	99363	99415	53	*	Scaffold932	23248	23300	53	*
Scaffold886	89807	89863	57	*	Scaffold932	16932	16988	57	*
Scaffold8860	52526	52584	59	*	Scaffold129	462582	462640	59	*
Scaffold8862	30539	30607	69	*	Scaffold11504	257	325	69	*
Scaffold8866	12539	12598	60	*	Scaffold106	457265	457324	60	*
Scaffold8866	12447	12502	56	*	Scaffold106	457361	457416	56	*
Scaffold8866	16922	16980	59	*	Scaffold360	526474	526532	59	*
Scaffold8866	16642	16702	61	*	Scaffold360	526160	526220	61	*
Scaffold8866	18290	18352	63	*	Scaffold5528	1293	1355	63	*
Scaffold887	22670	22738	69	*	Scaffold992	161742	161810	69	*
Scaffold8876	10937	10990	54	*	Scaffold391	18945	18998	54	*
Scaffold8883	40673	40729	57	*	Scaffold375	395125	395181	57	*
Scaffold8883	40611	40671	61	*	Scaffold375	395183	395243	61	*
Scaffold8885	35560	35633	74	*	Scaffold823	255663	255736	74	*
Scaffold8885	8649	8703	55	*	Scaffold823	279530	279584	55	*
Scaffold889	64826	64898	73	*	Scaffold18	331961	332033	73	*
Scaffold889	64075	64125	51	*	Scaffold18	332722	332772	51	*
Scaffold889	189616	189704	89	*	Scaffold2175	98216	98304	89	*
Scaffold889	55276	55340	65	*	Scaffold25868	42259	42323	65	*
Scaffold889	38504	38561	58	*	Scaffold25868	31953	32010	58	*
Scaffold889	53865	53916	52	*	Scaffold25868	41024	41075	52	*
Scaffold889	67167	67219	53	*	Scaffold25868	52307	52359	53	*
Scaffold889	38504	38561	58	*	Scaffold345	277030	277087	58	*
Scaffold889	196557	196606	50	*	Scaffold345	405972	406021	50	*
Scaffold889	67167	67219	53	*	Scaffold345	299189	299241	53	*
Scaffold889	69586	69652	67	*	Scaffold345	301532	301598	67	*
Scaffold889	71136	71197	62	*	Scaffold345	301774	301835	62	*
Scaffold889	168265	168335	71	*	Scaffold345	377867	377937	71	*
Scaffold889	67345	67398	54	*	Scaffold345	299366	299419	54	*
Scaffold889	110357	110406	50	*	Scaffold345	331667	331716	50	*
Scaffold889	170788	170863	76	*	Scaffold345	381611	381686	76	*
Scaffold889	143045	143106	62	*	Scaffold345	358653	358714	62	*
Scaffold889	160604	160664	61	*	Scaffold345	374043	374103	61	*
Scaffold889	177200	177267	68	*	Scaffold345	386103	386170	68	*
Scaffold889	92544	92602	59	*	Scaffold345	321565	321623	59	*
Scaffold889	134969	135029	61	*	Scaffold345	351696	351756	61	*
Scaffold889	155125	155174	50	*	Scaffold345	370739	370788	50	*
Scaffold889	134813	134889	77	*	Scaffold345	351541	351617	77	*
Scaffold889	94574	94634	61	*	Scaffold345	323085	323145	61	*
Scaffold889	94574	94634	61	*	Scaffold345	255886	255946	61	*
Scaffold889	113537	113602	66	*	Scaffold345	335242	335307	66	*
Scaffold889	145373	145433	61	*	Scaffold345	361135	361195	61	*
Scaffold889	189616	189721	106	*	Scaffold345	398383	398488	106	*
Scaffold889	134699	134811	113	*	Scaffold345	351427	351539	113	*
Scaffold889	109391	109451	61	*	Scaffold345	330538	330598	61	*
Scaffold889	184188	184238	51	*	Scaffold345	393137	393187	51	*
Scaffold889	70894	70960	67	*	Scaffold345	301532	301598	67	*
Scaffold889	94813	94926	114	*	Scaffold345	256125	256238	114	*
Scaffold889	191935	191989	55	*	Scaffold345	401676	401730	55	*
Scaffold889	156625	156674	50	*	Scaffold345	370739	370788	50	*
Scaffold889	177292	177425	134	*	Scaffold345	386195	386328	134	*
Scaffold889	75197	75269	73	*	Scaffold345	305188	305260	73	*
Scaffold889	94813	94928	116	*	Scaffold345	323324	323439	116	*
Scaffold889	192287	192353	67	*	Scaffold345	402028	402094	67	*
Scaffold889	55276	55340	65	*	Scaffold345	288744	288808	65	*
Scaffold889	113460	113524	65	*	Scaffold345	335165	335229	65	*
Scaffold889	199910	199972	63	*	Scaffold345	408471	408533	63	*
Scaffold889	80590	80669	80	*	Scaffold345	309976	310055	80	*
Scaffold889	183745	183800	56	*	Scaffold345	392694	392749	56	*
Scaffold889	89981	90110	130	*	Scaffold345	317980	318109	130	*
Scaffold889	64075	64128	54	*	Scaffold365	591186	591239	54	*
Scaffold889	64829	64889	61	*	Scaffold383	530723	530783	61	*
Scaffold889	64771	64874	104	*	Scaffold480	196659	196762	104	*
Scaffold889	64485	64536	52	*	Scaffold894	33810	33861	52	*
Scaffold8892	18541	18601	61	*	Scaffold25	82508	82568	61	*
Scaffold89	87961	88023	63	*	Scaffold161	313933	313995	63	*
Scaffold89	87937	87993	57	*	Scaffold1644	625	681	57	*
Scaffold89	87906	87996	91	*	Scaffold181	766806	766896	91	*
Scaffold89	87900	87984	85	*	Scaffold192	408208	408292	85	*
Scaffold89	87894	87944	51	*	Scaffold197	866912	866962	51	*
Scaffold89	87900	87979	80	*	Scaffold2	1307871	1307950	80	*
Scaffold89	87900	87955	56	*	Scaffold2200	15932	15987	56	*
Scaffold89	87900	87951	52	*	Scaffold338	582417	582468	52	*
Scaffold89	87900	87996	97	*	Scaffold481	153457	153553	97	*
Scaffold89	87898	87986	89	*	Scaffold598	173118	173206	89	*
Scaffold89	87925	87995	71	*	Scaffold922	55129	55199	71	*
Scaffold8912	35356	35407	52	*	Scaffold1957	186705	186756	52	*
Scaffold8912	36725	36776	52	*	Scaffold1957	186705	186756	52	*
Scaffold8912	32520	32569	50	*	Scaffold1957	183787	183836	50	*
Scaffold8913	14333	14383	51	*	Scaffold246	323388	323438	51	*
Scaffold8916	18955	19005	51	*	Scaffold57	1488071	1488121	51	*
Scaffold8919	19415	19484	70	*	Scaffold10	758299	758368	70	*
Scaffold892	70890	70939	50	*	Scaffold2280	3238	3287	50	*
Scaffold8928	38713	38772	60	*	Scaffold145	349022	349081	60	*
Scaffold8929	16045	16110	66	*	Scaffold449	21878	21943	66	*
Scaffold893	163669	163719	51	*	Scaffold473	415316	415366	51	*
Scaffold893	179015	179083	69	*	Scaffold473	432136	432204	69	*
Scaffold893	156831	156888	58	*	Scaffold473	410116	410173	58	*
Scaffold893	134480	134548	69	*	Scaffold473	394584	394652	69	*
Scaffold893	154747	154805	59	*	Scaffold473	407913	407971	59	*
Scaffold893	178278	178337	60	*	Scaffold473	430509	430568	60	*
Scaffold893	186453	186522	70	*	Scaffold473	438965	439034	70	*
Scaffold893	185721	185776	56	*	Scaffold473	438265	438320	56	*
Scaffold893	75592	75655	64	*	Scaffold749	140838	140901	64	*
Scaffold8935	34378	34429	52	*	Scaffold13	940203	940254	52	*
Scaffold8935	19489	19575	87	*	Scaffold13	948906	948992	87	*
Scaffold8939	28877	28947	71	*	Scaffold573	503372	503442	71	*
Scaffold8939	25630	25685	56	*	Scaffold573	505724	505779	56	*
Scaffold8939	25918	25981	64	*	Scaffold573	505433	505496	64	*
Scaffold8939	38074	38159	86	*	Scaffold573	494998	495083	86	*
Scaffold8939	39096	39151	56	*	Scaffold573	493739	493794	56	*
Scaffold8943	12692	12754	63	*	Scaffold334	434787	434849	63	*
Scaffold895	61852	61990	139	*	Scaffold6917	38581	38719	139	*
Scaffold8953	7599	7662	64	*	Scaffold1063	333913	333976	64	*
Scaffold8953	17239	17295	57	*	Scaffold1063	343111	343167	57	*
Scaffold897	62650	62702	53	*	Scaffold69	981538	981590	53	*
Scaffold897	62637	62694	58	*	Scaffold714	89446	89503	58	*
Scaffold89761	1	59	59	*	Scaffold1813	169723	169781	59	*
Scaffold89761	1	58	58	*	Scaffold551	408376	408433	58	*
Scaffold898	53624	53673	50	*	Scaffold1647	125866	125915	50	*
Scaffold8989	23224	23296	73	*	Scaffold198	603675	603747	73	*
Scaffold899	8629	8679	51	*	Scaffold169	566798	566848	51	*
Scaffold899	42971	43049	79	*	Scaffold311	133762	133840	79	*
Scaffold899	114509	114559	51	*	Scaffold5224	7003	7053	51	*
Scaffold899	114141	114190	50	*	Scaffold881	344343	344392	50	*
Scaffold8991	22935	23062	128	*	Scaffold5191	8364	8491	128	*
Scaffold8991	37566	37635	70	*	Scaffold759	33159	33228	70	*
Scaffold8993	13145	13208	64	*	Scaffold29196	476	539	64	*
Scaffold9	165317	165375	59	*	Scaffold1108	71132	71190	59	*
Scaffold9	261731	261788	58	*	Scaffold1224	395076	395133	58	*
Scaffold9	186389	186440	52	*	Scaffold1224	327995	328046	52	*
Scaffold9	197267	197361	95	*	Scaffold1224	341249	341343	95	*
Scaffold9	171920	172016	97	*	Scaffold1224	317393	317489	97	*
Scaffold9	245876	245996	121	*	Scaffold1224	379564	379684	121	*
Scaffold9	189558	189645	88	*	Scaffold1224	334390	334477	88	*
Scaffold9	172027	172086	60	*	Scaffold1224	317500	317559	60	*
Scaffold9	171725	171779	55	*	Scaffold1224	317178	317232	55	*
Scaffold9	254724	254776	53	*	Scaffold1224	388672	388724	53	*
Scaffold9	237789	237838	50	*	Scaffold1224	371408	371457	50	*
Scaffold9	263239	263290	52	*	Scaffold1224	396704	396755	52	*
Scaffold9	89963	90025	63	*	Scaffold16	837706	837768	63	*
Scaffold9	93539	93602	64	*	Scaffold16	841538	841601	64	*
Scaffold9	70504	70554	51	*	Scaffold450	600268	600318	51	*
Scaffold9	93539	93602	64	*	Scaffold450	557784	557847	64	*
Scaffold9	70723	70792	70	*	Scaffold450	600036	600105	70	*
Scaffold9	64828	64894	67	*	Scaffold450	604415	604481	67	*
Scaffold900	42203	42253	51	*	Scaffold198	572039	572089	51	*
Scaffold900	75703	75803	101	*	Scaffold198	536802	536902	101	*
Scaffold900	75703	75803	101	*	Scaffold4864	12987	13087	101	*
Scaffold9001	3301	3354	54	*	Scaffold1286	101208	101261	54	*
Scaffold9001	64793	64859	67	*	Scaffold470	293537	293603	67	*
Scaffold9001	64861	64912	52	*	Scaffold470	293484	293535	52	*
Scaffold90054	18	94	77	*	Scaffold320	89955	90031	77	*
Scaffold9008	8618	8668	51	*	Scaffold14349	131	181	51	*
Scaffold9008	27002	27071	70	*	Scaffold1737	76854	76923	70	*
Scaffold9011	13540	13589	50	*	Scaffold246	322969	323018	50	*
Scaffold9022	11892	11944	53	*	Scaffold1441	83556	83608	53	*
Scaffold90251	201	256	56	*	Scaffold1112	78203	78258	56	*
Scaffold9026	10661	10719	59	*	Scaffold20	530776	530834	59	*
Scaffold9026	13271	13361	91	*	Scaffold492	203334	203424	91	*
Scaffold903	77468	77529	62	*	Scaffold1763	123535	123596	62	*
Scaffold903	77146	77208	63	*	Scaffold1763	124155	124217	63	*
Scaffold903	45411	45465	55	*	Scaffold1763	124315	124369	55	*
Scaffold903	45826	45887	62	*	Scaffold1763	123535	123596	62	*
Scaffold9032	989	1039	51	*	Scaffold24	88182	88232	51	*
Scaffold904	130450	130502	53	*	Scaffold1030	256491	256543	53	*
Scaffold904	97495	97547	53	*	Scaffold1030	234280	234332	53	*
Scaffold904	105968	106022	55	*	Scaffold187	951931	951985	55	*
Scaffold904	105589	105643	55	*	Scaffold187	951931	951985	55	*
Scaffold9043	31598	31665	68	*	Scaffold2280	3199	3266	68	*
Scaffold9047	43302	43369	68	*	Scaffold19	182159	182226	68	*
Scaffold9047	43302	43369	68	*	Scaffold19	184544	184611	68	*
Scaffold905	17901	17952	52	*	Scaffold484	100097	100148	52	*
Scaffold9051	57902	58050	149	*	Scaffold470	293456	293604	149	*
Scaffold9051	7855	7931	77	*	Scaffold470	293458	293534	77	*
Scaffold9051	58063	58115	53	*	Scaffold470	293391	293443	53	*
Scaffold9051	57884	57936	53	*	Scaffold495	220935	220987	53	*
Scaffold9051	28292	28527	236	*	Scaffold558	394081	394316	236	*
Scaffold9051	58232	58345	114	*	Scaffold688	11391	11504	114	*
Scaffold9056	19494	19588	95	*	Scaffold5191	8383	8477	95	*
Scaffold906	75621	75680	60	*	Scaffold604	359410	359469	60	*
Scaffold9061	30645	30701	57	*	Scaffold1106	136330	136386	57	*
Scaffold9061	30647	30709	63	*	Scaffold146	449385	449447	63	*
Scaffold9061	30646	30708	63	*	Scaffold197	786520	786582	63	*
Scaffold9061	30663	30721	59	*	Scaffold338	205672	205730	59	*
Scaffold9061	30648	30720	73	*	Scaffold64	304522	304594	73	*
Scaffold9061	30645	30701	57	*	Scaffold737	64567	64623	57	*
Scaffold9061	30645	30707	63	*	Scaffold91	685491	685553	63	*
Scaffold9061	30653	30706	54	*	Scaffold9476	1115	1168	54	*
Scaffold9063	45504	45575	72	*	Scaffold153	604909	604980	72	*
Scaffold9063	42954	43005	52	*	Scaffold153	602263	602314	52	*
Scaffold9063	70197	70263	67	*	Scaffold153	577220	577286	67	*
Scaffold9063	72945	72998	54	*	Scaffold153	575209	575262	54	*
Scaffold9063	46723	46800	78	*	Scaffold153	597645	597722	78	*
Scaffold9063	65505	65564	60	*	Scaffold153	578799	578858	60	*
Scaffold9063	3669	3746	78	*	Scaffold153	627158	627235	78	*
Scaffold9063	39783	39833	51	*	Scaffold153	605724	605774	51	*
Scaffold9063	49138	49239	102	*	Scaffold153	591712	591813	102	*
Scaffold9063	45504	45580	77	*	Scaffold153	598901	598977	77	*
Scaffold9063	10851	10901	51	*	Scaffold153	620247	620297	51	*
Scaffold9065	20160	20216	57	*	Scaffold556	459390	459446	57	*
Scaffold90659	130	206	77	*	Scaffold58	200210	200286	77	*
Scaffold907	174775	174831	57	*	Scaffold193	441788	441844	57	*
Scaffold907	65148	65206	59	*	Scaffold79	375062	375120	59	*
Scaffold9070	7870	7936	67	*	Scaffold104	425591	425657	67	*
Scaffold9070	7603	7674	72	*	Scaffold104	425848	425919	72	*
Scaffold9070	18836	18891	56	*	Scaffold104	418114	418169	56	*
Scaffold9076	5771	5848	78	*	Scaffold2280	3201	3278	78	*
Scaffold9079	2059	2118	60	*	Scaffold693	245651	245710	60	*
Scaffold909	98464	98605	142	*	Scaffold113	356509	356650	142	*
Scaffold909	96108	96174	67	*	Scaffold15001	388	454	67	*
Scaffold909	148228	148279	52	*	Scaffold164	730393	730444	52	*
Scaffold9091	21203	21254	52	*	Scaffold553	191772	191823	52	*
Scaffold9091	15956	16006	51	*	Scaffold553	188917	188967	51	*
Scaffold90940	35	88	54	*	Scaffold33	341408	341461	54	*
Scaffold91	205924	205988	65	*	Scaffold315	548319	548383	65	*
Scaffold91	171334	171390	57	*	Scaffold315	522586	522642	57	*
Scaffold9101	20307	20380	74	*	Scaffold38	995963	996036	74	*
Scaffold91033	182	257	76	*	Scaffold252	536799	536874	76	*
Scaffold91051	762	812	51	*	Scaffold1673	266	316	51	*
Scaffold91051	743	794	52	*	Scaffold272	260304	260355	52	*
Scaffold9107	2644	2693	50	*	Scaffold25	287644	287693	50	*
Scaffold9107	15292	15351	60	*	Scaffold25	278591	278650	60	*
Scaffold9107	34	83	50	*	Scaffold25	287644	287693	50	*
Scaffold9124	7807	7861	55	*	Scaffold55	968550	968604	55	*
Scaffold9125	196	253	58	*	Scaffold198	603677	603734	58	*
Scaffold9126	17067	17125	59	*	Scaffold619	127818	127876	59	*
Scaffold91271	353	406	54	*	Scaffold1250	79117	79170	54	*
Scaffold913	91476	91529	54	*	Scaffold114	814578	814631	54	*
Scaffold913	91533	91595	63	*	Scaffold114	814512	814574	63	*
Scaffold9138	54751	54809	59	*	Scaffold1759	105907	105965	59	*
Scaffold9138	34392	34459	68	*	Scaffold23535	198	265	68	*
Scaffold914	148201	148257	57	*	Scaffold175	94216	94272	57	*
Scaffold9142	19503	19558	56	*	Scaffold122	1038295	1038350	56	*
Scaffold9142	19505	19558	54	*	Scaffold2004	27298	27351	54	*
Scaffold9142	19506	19557	52	*	Scaffold61	245664	245715	52	*
Scaffold91430	28	83	56	*	Scaffold1081	150386	150441	56	*
Scaffold9147	25163	25235	73	*	Scaffold1358	240180	240252	73	*
Scaffold9147	25214	25271	58	*	Scaffold384	230418	230475	58	*
Scaffold9152	14912	14982	71	*	Scaffold8491	2462	2532	71	*
Scaffold9165	35632	35685	54	*	Scaffold1926	59864	59917	54	*
Scaffold9166	16339	16397	59	*	Scaffold27542	129	187	59	*
Scaffold917	25937	25996	60	*	Scaffold470	293463	293522	60	*
Scaffold917	25869	25922	54	*	Scaffold470	293537	293590	54	*
Scaffold917	26016	26068	53	*	Scaffold470	293391	293443	53	*
Scaffold91747	7	88	82	*	Scaffold408	42370	42451	82	*
Scaffold918	146851	146909	59	*	Scaffold1636	111363	111421	59	*
Scaffold9183	15550	15607	58	*	Scaffold9	569543	569600	58	*
Scaffold919	65157	65219	63	*	Scaffold1717	43052	43114	63	*
Scaffold9191	30618	30678	61	*	Scaffold1842	58146	58206	61	*
Scaffold91941	749	806	58	*	Scaffold214	238016	238073	58	*
Scaffold92	179575	179637	63	*	Scaffold4	898491	898553	63	*
Scaffold92	179377	179428	52	*	Scaffold4	898292	898343	52	*
Scaffold92	156331	156389	59	*	Scaffold4	884198	884256	59	*
Scaffold92	132151	132204	54	*	Scaffold4	869159	869212	54	*
Scaffold92	179050	179142	93	*	Scaffold4	897970	898062	93	*
Scaffold92	145319	145402	84	*	Scaffold558	394242	394325	84	*
Scaffold9204	9215	9268	54	*	Scaffold59	436679	436732	54	*
Scaffold9204	7366	7419	54	*	Scaffold59	436679	436732	54	*
Scaffold9208	12735	12794	60	*	Scaffold2280	3486	3545	60	*
Scaffold9211	29176	29255	80	*	Scaffold256	471513	471592	80	*
Scaffold92122	43	101	59	*	Scaffold951	152814	152872	59	*
Scaffold92216	235	387	153	*	Scaffold2782	28336	28488	153	*
Scaffold92216	1	58	58	*	Scaffold2782	28629	28686	58	*
Scaffold92216	94	233	140	*	Scaffold2782	28489	28628	140	*
Scaffold9224	46181	46234	54	*	Scaffold310	230406	230459	54	*
Scaffold9231	829	886	58	*	Scaffold4189	8192	8249	58	*
Scaffold9241	4318	4379	62	*	Scaffold1527	43482	43543	62	*
Scaffold92489	1149	1217	69	*	Scaffold172	54792	54860	69	*
Scaffold92489	1146	1202	57	*	Scaffold788	204718	204774	57	*
Scaffold9249	24918	24979	62	*	Scaffold183	639471	639532	62	*
Scaffold9249	40686	40742	57	*	Scaffold23914	1723	1779	57	*
Scaffold92496	202	357	156	*	Scaffold198	603550	603705	156	*
Scaffold92524	3	82	80	*	Scaffold1878	466	545	80	*
Scaffold9255	7201	7273	73	*	Scaffold457	468140	468212	73	*
Scaffold92598	97	161	65	*	Scaffold1253	188462	188526	65	*
Scaffold92609	48	98	51	*	Scaffold487	303767	303817	51	*
Scaffold9261	21485	21536	52	*	Scaffold507	187862	187913	52	*
Scaffold92615	175	227	53	*	Scaffold179	171204	171256	53	*
Scaffold92615	170	225	56	*	Scaffold283	654865	654920	56	*
Scaffold92615	170	225	56	*	Scaffold344	648818	648873	56	*
Scaffold92615	170	227	58	*	Scaffold48	938008	938065	58	*
Scaffold92615	171	235	65	*	Scaffold8	1478798	1478862	65	*
Scaffold9266	1917	1978	62	*	Scaffold104	405457	405518	62	*
Scaffold9266	1593	1670	78	*	Scaffold104	405764	405841	78	*
Scaffold9266	1672	1740	69	*	Scaffold104	405694	405762	69	*
Scaffold9266	1980	2071	92	*	Scaffold104	405364	405455	92	*
Scaffold9266	6863	6912	50	*	Scaffold104	401891	401940	50	*
Scaffold9266	14404	14480	77	*	Scaffold104	396515	396591	77	*
Scaffold9266	10619	10670	52	*	Scaffold104	398858	398909	52	*
Scaffold92696	13	69	57	*	Scaffold12	321051	321107	57	*
Scaffold92696	5	63	59	*	Scaffold686	113906	113964	59	*
Scaffold9273	29533	29588	56	*	Scaffold1297	14523	14578	56	*
Scaffold9274	12155	12525	371	*	Scaffold2782	89504	89874	371	*
Scaffold9274	37673	37763	91	*	Scaffold2782	119430	119520	91	*
Scaffold9274	35978	36030	53	*	Scaffold2782	118079	118131	53	*
Scaffold9274	4502	4591	90	*	Scaffold2782	81651	81740	90	*
Scaffold9274	27933	28007	75	*	Scaffold2782	111105	111179	75	*
Scaffold9274	13858	13990	133	*	Scaffold2782	91652	91784	133	*
Scaffold9274	29109	29227	119	*	Scaffold2782	112293	112411	119	*
Scaffold9274	1767	1823	57	*	Scaffold2782	74142	74198	57	*
Scaffold9274	35093	35179	87	*	Scaffold2782	117175	117261	87	*
Scaffold9274	30609	30679	71	*	Scaffold2782	113857	113927	71	*
Scaffold9274	22709	22796	88	*	Scaffold2782	107311	107398	88	*
Scaffold9274	22311	22428	118	*	Scaffold2782	106804	106921	118	*
Scaffold9274	6990	7089	100	*	Scaffold2782	85256	85355	100	*
Scaffold9274	16931	16983	53	*	Scaffold2782	94733	94785	53	*
Scaffold9274	39165	39249	85	*	Scaffold2782	121057	121141	85	*
Scaffold9274	3671	3783	113	*	Scaffold2782	80768	80880	113	*
Scaffold9274	21935	22062	128	*	Scaffold2782	106435	106562	128	*
Scaffold9274	17128	17191	64	*	Scaffold2782	94925	94988	64	*
Scaffold9274	6334	6408	75	*	Scaffold2782	84842	84916	75	*
Scaffold9274	10215	10273	59	*	Scaffold2782	87661	87719	59	*
Scaffold9274	24836	24936	101	*	Scaffold2782	110339	110439	101	*
Scaffold9274	14042	14271	230	*	Scaffold2782	91842	92071	230	*
Scaffold9274	38881	38972	92	*	Scaffold2782	120677	120768	92	*
Scaffold9274	27799	27912	114	*	Scaffold2782	110971	111084	114	*
Scaffold9274	5733	5848	116	*	Scaffold2782	84236	84351	116	*
Scaffold9274	24948	25026	79	*	Scaffold2782	110450	110528	79	*
Scaffold9274	26654	26705	52	*	Scaffold2782	112179	112230	52	*
Scaffold9274	38740	38846	107	*	Scaffold2782	120537	120643	107	*
Scaffold9274	18032	18139	108	*	Scaffold2782	95760	95867	108	*
Scaffold9274	17002	17065	64	*	Scaffold2782	94804	94867	64	*
Scaffold9274	16137	16196	60	*	Scaffold2782	93938	93997	60	*
Scaffold9274	23879	23979	101	*	Scaffold2782	108465	108565	101	*
Scaffold9274	6133	6247	115	*	Scaffold2782	84641	84755	115	*
Scaffold9274	12839	13017	179	*	Scaffold2782	90195	90373	179	*
Scaffold9274	5850	5957	108	*	Scaffold2782	84353	84460	108	*
Scaffold9274	9967	10126	160	*	Scaffold2782	87413	87572	160	*
Scaffold9274	3616	3670	55	*	Scaffold2782	80712	80766	55	*
Scaffold9274	23361	23457	97	*	Scaffold2782	107951	108047	97	*
Scaffold9274	11195	11257	63	*	Scaffold2782	88537	88599	63	*
Scaffold9274	15778	15839	62	*	Scaffold2782	93580	93641	62	*
Scaffold9274	17667	17761	95	*	Scaffold2782	95402	95496	95	*
Scaffold9274	23001	23085	85	*	Scaffold2782	107600	107684	85	*
Scaffold9274	37923	38009	87	*	Scaffold2782	119684	119770	87	*
Scaffold9274	20023	20086	64	*	Scaffold2782	99017	99080	64	*
Scaffold9274	19109	19160	52	*	Scaffold2782	96843	96894	52	*
Scaffold9274	18313	18435	123	*	Scaffold2782	96042	96164	123	*
Scaffold9274	4870	4922	53	*	Scaffold2782	82018	82070	53	*
Scaffold9274	13306	13376	71	*	Scaffold2782	90670	90740	71	*
Scaffold9274	5490	5572	83	*	Scaffold2782	83984	84066	83	*
Scaffold9274	38214	38266	53	*	Scaffold2782	119990	120042	53	*
Scaffold9274	33458	33519	62	*	Scaffold2782	115648	115709	62	*
Scaffold9274	8497	8584	88	*	Scaffold2782	86329	86416	88	*
Scaffold9274	35180	35232	53	*	Scaffold2782	117263	117315	53	*
Scaffold9274	27695	27746	52	*	Scaffold2782	110867	110918	52	*
Scaffold9274	13132	13181	50	*	Scaffold2782	90488	90537	50	*
Scaffold9274	8365	8442	78	*	Scaffold2782	86213	86290	78	*
Scaffold9274	26214	26370	157	*	Scaffold2782	111739	111895	157	*
Scaffold9274	9746	9796	51	*	Scaffold2782	87193	87243	51	*
Scaffold9274	33716	33772	57	*	Scaffold2782	115907	115963	57	*
Scaffold9274	33827	34006	180	*	Scaffold2782	116000	116179	180	*
Scaffold9274	28995	29046	52	*	Scaffold2782	112179	112230	52	*
Scaffold9274	35531	35581	51	*	Scaffold2782	117617	117667	51	*
Scaffold9274	26575	26632	58	*	Scaffold2782	112100	112157	58	*
Scaffold9274	436	488	53	*	Scaffold2782	72791	72843	53	*
Scaffold9274	32568	32696	129	*	Scaffold2782	115166	115294	129	*
Scaffold9274	33332	33391	60	*	Scaffold2782	115523	115582	60	*
Scaffold9274	21115	21167	53	*	Scaffold2782	104166	104218	53	*
Scaffold9274	32344	32468	125	*	Scaffold2782	114992	115116	125	*
Scaffold9274	28613	28711	99	*	Scaffold2782	111797	111895	99	*
Scaffold9274	26792	26855	64	*	Scaffold2782	110339	110402	64	*
Scaffold9274	6465	6518	54	*	Scaffold2782	84968	85021	54	*
Scaffold9274	18899	19000	102	*	Scaffold2782	96630	96731	102	*
Scaffold9274	6256	6332	77	*	Scaffold2782	84764	84840	77	*
Scaffold9274	15397	15486	90	*	Scaffold2782	93200	93289	90	*
Scaffold9274	39278	39353	76	*	Scaffold2782	121169	121244	76	*
Scaffold9274	29718	29776	59	*	Scaffold2782	113020	113078	59	*
Scaffold9274	4950	5029	80	*	Scaffold2782	82099	82178	80	*
Scaffold9274	23172	23328	157	*	Scaffold2782	107770	107926	157	*
Scaffold9274	28210	28407	198	*	Scaffold2782	111382	111579	198	*
Scaffold9274	38388	38516	129	*	Scaffold2782	120167	120295	129	*
Scaffold9274	35429	35530	102	*	Scaffold2782	117512	117613	102	*
Scaffold9274	12755	12837	83	*	Scaffold2782	90111	90193	83	*
Scaffold9274	15126	15181	56	*	Scaffold2782	92931	92986	56	*
Scaffold9274	13068	13130	63	*	Scaffold2782	90424	90486	63	*
Scaffold9274	22228	22309	82	*	Scaffold2782	106721	106802	82	*
Scaffold9274	32950	33066	117	*	Scaffold2782	115144	115260	117	*
Scaffold9274	19792	19910	119	*	Scaffold2782	97446	97564	119	*
Scaffold9274	24302	24519	218	*	Scaffold2782	109858	110075	218	*
Scaffold9274	28555	28609	55	*	Scaffold2782	111739	111793	55	*
Scaffold9274	11851	12153	303	*	Scaffold2782	89200	89502	303	*
Scaffold9274	13212	13304	93	*	Scaffold2782	90576	90668	93	*
Scaffold9274	38313	38373	61	*	Scaffold2782	120092	120152	61	*
Scaffold9274	30512	30573	62	*	Scaffold2782	113758	113819	62	*
Scaffold9274	615	689	75	*	Scaffold2782	72960	73034	75	*
Scaffold9274	20350	20421	72	*	Scaffold2782	99438	99509	72	*
Scaffold9274	22069	22212	144	*	Scaffold2782	106563	106706	144	*
Scaffold9274	38011	38176	166	*	Scaffold2782	119772	119937	166	*
Scaffold9274	8610	8705	96	*	Scaffold2782	86442	86537	96	*
Scaffold9274	1158	1232	75	*	Scaffold2782	72960	73034	75	*
Scaffold9274	21618	21757	140	*	Scaffold2782	106118	106257	140	*
Scaffold9274	748	878	131	*	Scaffold2782	72565	72695	131	*
Scaffold9274	8281	8363	83	*	Scaffold2782	86129	86211	83	*
Scaffold9274	15260	15393	134	*	Scaffold2782	93063	93196	134	*
Scaffold9274	10905	11105	201	*	Scaffold2782	88252	88452	201	*
Scaffold9274	28025	28116	92	*	Scaffold2782	111197	111288	92	*
Scaffold9274	16560	16615	56	*	Scaffold2782	94364	94419	56	*
Scaffold9274	27300	27351	52	*	Scaffold2782	110867	110918	52	*
Scaffold9274	3785	3843	59	*	Scaffold2782	80882	80940	59	*
Scaffold9274	2377	2483	107	*	Scaffold2782	78182	78288	107	*
Scaffold9274	65	172	108	*	Scaffold2782	73281	73388	108	*
Scaffold9274	1435	1498	64	*	Scaffold2782	73216	73279	64	*
Scaffold9274	18528	18615	88	*	Scaffold2782	96259	96346	88	*
Scaffold9274	18833	18897	65	*	Scaffold2782	96564	96628	65	*
Scaffold9274	26426	26522	97	*	Scaffold2782	111951	112047	97	*
Scaffold9274	28410	28499	90	*	Scaffold2782	111582	111671	90	*
Scaffold9274	8030	8084	55	*	Scaffold2782	85909	85963	55	*
Scaffold9274	29667	29716	50	*	Scaffold2782	112969	113018	50	*
Scaffold9274	4214	4500	287	*	Scaffold2782	81363	81649	287	*
Scaffold9274	12526	12753	228	*	Scaffold2782	89882	90109	228	*
Scaffold9274	5977	6076	100	*	Scaffold2782	84474	84573	100	*
Scaffold9274	26093	26158	66	*	Scaffold2782	111606	111671	66	*
Scaffold9274	4816	4868	53	*	Scaffold2782	81964	82016	53	*
Scaffold9274	19551	19635	85	*	Scaffold2782	97204	97288	85	*
Scaffold9274	22518	22596	79	*	Scaffold2782	107011	107089	79	*
Scaffold9274	6884	6943	60	*	Scaffold2782	85150	85209	60	*
Scaffold9274	37801	37892	92	*	Scaffold2782	119561	119652	92	*
Scaffold9274	11585	11660	76	*	Scaffold2782	88934	89009	76	*
Scaffold9274	29275	29343	69	*	Scaffold2782	112460	112528	69	*
Scaffold9274	10128	10203	76	*	Scaffold2782	87574	87649	76	*
Scaffold9274	14908	14960	53	*	Scaffold2782	92705	92757	53	*
Scaffold9274	14964	15040	77	*	Scaffold2782	92770	92846	77	*
Scaffold9274	15581	15642	62	*	Scaffold2782	93389	93450	62	*
Scaffold9274	18759	18831	73	*	Scaffold2782	96490	96562	73	*
Scaffold9274	5075	5152	78	*	Scaffold2782	82223	82300	78	*
Scaffold9274	5317	5374	58	*	Scaffold2782	83814	83871	58	*
Scaffold9274	13708	13824	117	*	Scaffold2782	91504	91620	117	*
Scaffold9274	7091	7180	90	*	Scaffold2782	85357	85446	90	*
Scaffold9274	16617	16690	74	*	Scaffold2782	94421	94494	74	*
Scaffold9274	16813	16878	66	*	Scaffold2782	94618	94683	66	*
Scaffold9274	28916	28973	58	*	Scaffold2782	112100	112157	58	*
Scaffold9274	21812	21895	84	*	Scaffold2782	106312	106395	84	*
Scaffold9274	30358	30445	88	*	Scaffold2782	113604	113691	88	*
Scaffold9274	10720	10904	185	*	Scaffold2782	88066	88250	185	*
Scaffold9274	1	63	63	*	Scaffold2782	73217	73279	63	*
Scaffold9274	28767	28863	97	*	Scaffold2782	111951	112047	97	*
Scaffold9274	19162	19242	81	*	Scaffold2782	96896	96976	81	*
Scaffold9274	35746	35850	105	*	Scaffold2782	117821	117925	105	*
Scaffold9274	1655	1734	80	*	Scaffold2782	73451	73530	80	*
Scaffold9274	24156	24256	101	*	Scaffold2782	109712	109812	101	*
Scaffold9274	35234	35326	93	*	Scaffold2782	117317	117409	93	*
Scaffold9274	26874	26976	103	*	Scaffold2782	110417	110519	103	*
Scaffold9274	1500	1607	108	*	Scaffold2782	73281	73388	108	*
Scaffold9274	16397	16527	131	*	Scaffold2782	94198	94328	131	*
Scaffold9274	18189	18247	59	*	Scaffold2782	95916	95974	59	*
Scaffold9274	16198	16332	135	*	Scaffold2782	93999	94133	135	*
Scaffold9274	29929	30043	115	*	Scaffold2782	113181	113295	115	*
Scaffold9274	16737	16811	75	*	Scaffold2782	94542	94616	75	*
Scaffold9274	5661	5731	71	*	Scaffold2782	84164	84234	71	*
Scaffold9274	9638	9709	72	*	Scaffold2782	87086	87157	72	*
Scaffold9274	3377	3428	52	*	Scaffold2782	79749	79800	52	*
Scaffold9274	33536	33601	66	*	Scaffold2782	115726	115791	66	*
Scaffold9274	979	1031	53	*	Scaffold2782	72791	72843	53	*
Scaffold9274	23520	23833	314	*	Scaffold2782	108111	108424	314	*
Scaffold9274	38992	39163	172	*	Scaffold2782	120884	121055	172	*
Scaffold9274	11699	11847	149	*	Scaffold2782	89048	89196	149	*
Scaffold9274	19261	19310	50	*	Scaffold2782	96998	97047	50	*
Scaffold9274	4007	4115	109	*	Scaffold2782	81094	81202	109	*
Scaffold9274	14449	14644	196	*	Scaffold2782	92249	92444	196	*
Scaffold9293	9841	9897	57	*	Scaffold136	354934	354990	57	*
Scaffold9293	9828	9899	72	*	Scaffold229	503448	503519	72	*
Scaffold9293	9839	9897	59	*	Scaffold79	737842	737900	59	*
Scaffold9297	66120	66175	56	*	Scaffold15	1118889	1118944	56	*
Scaffold9297	73333	73388	56	*	Scaffold15	1118889	1118944	56	*
Scaffold9297	59715	59775	61	*	Scaffold184	686094	686154	61	*
Scaffold9297	59715	59775	61	*	Scaffold22506	12803	12863	61	*
Scaffold9297	59664	59725	62	*	Scaffold2753	63672	63733	62	*
Scaffold9297	59815	59866	52	*	Scaffold2753	63531	63582	52	*
Scaffold9297	59831	59889	59	*	Scaffold2799	58926	58984	59	*
Scaffold9297	59840	59889	50	*	Scaffold4283	20660	20709	50	*
Scaffold9297	4285	4364	80	*	Scaffold468	356050	356129	80	*
Scaffold9297	59624	59845	222	*	Scaffold5191	8289	8510	222	*
Scaffold9297	59733	59787	55	*	Scaffold946	485318	485372	55	*
Scaffold9297	59615	59681	67	*	Scaffold946	485200	485266	67	*
Scaffold9297	59792	59842	51	*	Scaffold946	485377	485427	51	*
Scaffold93	222305	222365	61	*	Scaffold157	749801	749861	61	*
Scaffold93	105671	105726	56	*	Scaffold1780	98550	98605	56	*
Scaffold93	332148	332210	63	*	Scaffold29470	61156	61218	63	*
Scaffold93	349174	349226	53	*	Scaffold29470	46484	46536	53	*
Scaffold93	362034	362102	69	*	Scaffold29470	31711	31779	69	*
Scaffold93	377905	377966	62	*	Scaffold29470	18269	18330	62	*
Scaffold93	347241	347307	67	*	Scaffold29470	49188	49254	67	*
Scaffold93	367968	368017	50	*	Scaffold29470	26600	26649	50	*
Scaffold93	384846	384901	56	*	Scaffold29470	10624	10679	56	*
Scaffold93	356640	356703	64	*	Scaffold29470	38163	38226	64	*
Scaffold93	362105	362164	60	*	Scaffold29470	31649	31708	60	*
Scaffold93	356640	356703	64	*	Scaffold5	1656516	1656579	64	*
Scaffold93	362105	362164	60	*	Scaffold5	1663034	1663093	60	*
Scaffold93	347241	347307	67	*	Scaffold5	1645795	1645861	67	*
Scaffold93	377905	377966	62	*	Scaffold5	1676419	1676480	62	*
Scaffold93	201147	201203	57	*	Scaffold5	1538024	1538080	57	*
Scaffold93	423981	424045	65	*	Scaffold5	1715194	1715258	65	*
Scaffold93	362034	362102	69	*	Scaffold5	1662963	1663031	69	*
Scaffold93	349174	349226	53	*	Scaffold5	1648577	1648629	53	*
Scaffold93	509706	509766	61	*	Scaffold5	1792256	1792316	61	*
Scaffold93	418311	418401	91	*	Scaffold5	1709182	1709272	91	*
Scaffold93	418311	418401	91	*	Scaffold5	1714388	1714478	91	*
Scaffold93	231432	231485	54	*	Scaffold5	1558219	1558272	54	*
Scaffold93	247557	247618	62	*	Scaffold5	1573654	1573715	62	*
Scaffold93	384846	384901	56	*	Scaffold5	1684110	1684165	56	*
Scaffold93	164356	164405	50	*	Scaffold5	1509016	1509065	50	*
Scaffold93	231324	231392	69	*	Scaffold5	1558115	1558183	69	*
Scaffold93	238950	239007	58	*	Scaffold5	1567714	1567771	58	*
Scaffold93	437571	437641	71	*	Scaffold5	1725771	1725841	71	*
Scaffold93	367968	368017	50	*	Scaffold5	1668092	1668141	50	*
Scaffold93	332148	332210	63	*	Scaffold5	1633837	1633899	63	*
Scaffold9300	10052	10122	71	*	Scaffold208	161851	161921	71	*
Scaffold931	113150	113211	62	*	Scaffold906	240326	240387	62	*
Scaffold9311	43962	44024	63	*	Scaffold579	259732	259794	63	*
Scaffold9314	20905	21020	116	*	Scaffold993	140875	140990	116	*
Scaffold9315	11069	11126	58	*	Scaffold1256	23835	23892	58	*
Scaffold9315	11115	11167	53	*	Scaffold470	293391	293443	53	*
Scaffold9315	11261	11328	68	*	Scaffold470	293537	293604	68	*
Scaffold9315	11195	11259	65	*	Scaffold470	293471	293535	65	*
Scaffold9315	11793	11843	51	*	Scaffold81	382512	382562	51	*
Scaffold932	153847	153899	53	*	Scaffold1206	93970	94022	53	*
Scaffold932	90446	90496	51	*	Scaffold1223	64385	64435	51	*
Scaffold932	90351	90402	52	*	Scaffold1223	64287	64338	52	*
Scaffold932	153821	153887	67	*	Scaffold196	675501	675567	67	*
Scaffold932	153821	153887	67	*	Scaffold2956	10332	10398	67	*
Scaffold932	119979	120048	70	*	Scaffold96	542311	542380	70	*
Scaffold932	92350	92426	77	*	Scaffold96	568633	568709	77	*
Scaffold932	111315	111368	54	*	Scaffold96	550276	550329	54	*
Scaffold932	48914	48975	62	*	Scaffold96	615194	615255	62	*
Scaffold932	71555	71604	50	*	Scaffold96	591588	591637	50	*
Scaffold932	103871	103926	56	*	Scaffold96	557747	557802	56	*
Scaffold932	147978	148029	52	*	Scaffold96	532483	532534	52	*
Scaffold932	87808	87870	63	*	Scaffold96	573729	573791	63	*
Scaffold932	150566	150650	85	*	Scaffold96	529383	529467	85	*
Scaffold932	54607	54661	55	*	Scaffold96	608702	608756	55	*
Scaffold932	132634	132727	94	*	Scaffold96	533902	533995	94	*
Scaffold932	88809	88914	106	*	Scaffold96	572579	572684	106	*
Scaffold932	164308	164366	59	*	Scaffold96	510923	510981	59	*
Scaffold932	76642	76697	56	*	Scaffold96	584338	584393	56	*
Scaffold932	117675	117725	51	*	Scaffold96	544834	544884	51	*
Scaffold93203	1	54	54	*	Scaffold389	406150	406203	54	*
Scaffold9327	40023	40079	57	*	Scaffold1529	157579	157635	57	*
Scaffold93274	1	138	138	*	Scaffold2782	62487	62624	138	*
Scaffold9333	59184	59236	53	*	Scaffold33	305654	305706	53	*
Scaffold9333	18378	18431	54	*	Scaffold33	341408	341461	54	*
Scaffold935	84838	84890	53	*	Scaffold1396	80521	80573	53	*
Scaffold935	128754	128821	68	*	Scaffold1396	110810	110877	68	*
Scaffold935	147229	147285	57	*	Scaffold1396	124070	124126	57	*
Scaffold935	105821	105876	56	*	Scaffold1396	95527	95582	56	*
Scaffold935	67492	67551	60	*	Scaffold1396	64746	64805	60	*
Scaffold935	80211	80288	78	*	Scaffold1396	76552	76629	78	*
Scaffold935	155820	155875	56	*	Scaffold1396	130950	131005	56	*
Scaffold935	86473	86535	63	*	Scaffold1396	82166	82228	63	*
Scaffold935	124913	124975	63	*	Scaffold1396	108832	108894	63	*
Scaffold935	67846	67907	62	*	Scaffold1396	65087	65148	62	*
Scaffold935	146827	146877	51	*	Scaffold1396	123676	123726	51	*
Scaffold935	122489	122547	59	*	Scaffold1396	106506	106564	59	*
Scaffold935	128465	128514	50	*	Scaffold1396	110527	110576	50	*
Scaffold935	93328	93403	76	*	Scaffold5191	8362	8437	76	*
Scaffold9350	21490	21554	65	*	Scaffold1026	56690	56754	65	*
Scaffold9353	21524	21584	61	*	Scaffold559	188877	188937	61	*
Scaffold9358	4517	4571	55	*	Scaffold135	656638	656692	55	*
Scaffold9365	907	971	65	*	Scaffold2280	3310	3374	65	*
Scaffold9366	52007	52063	57	*	Scaffold2280	445	501	57	*
Scaffold9384	59116	59180	65	*	Scaffold1763	124377	124441	65	*
Scaffold9384	48238	48335	98	*	Scaffold21	413298	413395	98	*
Scaffold9384	60874	60929	56	*	Scaffold21	422679	422734	56	*
Scaffold9384	51528	51586	59	*	Scaffold21	416134	416192	59	*
Scaffold9384	3417	3482	66	*	Scaffold21	379438	379503	66	*
Scaffold9390	41409	41458	50	*	Scaffold27542	178	227	50	*
Scaffold9397	21361	21413	53	*	Scaffold53	359715	359767	53	*
Scaffold9397	2707	2769	63	*	Scaffold596	205836	205898	63	*
Scaffold9403	5961	6012	52	*	Scaffold1527	43436	43487	52	*
Scaffold9403	6080	6166	87	*	Scaffold1527	43282	43368	87	*
Scaffold9403	6014	6078	65	*	Scaffold1527	43370	43434	65	*
Scaffold9406	26391	26452	62	*	Scaffold1081	150185	150246	62	*
Scaffold9406	7114	7180	67	*	Scaffold2280	3252	3318	67	*
Scaffold9406	25738	25795	58	*	Scaffold750	29658	29715	58	*
Scaffold9406	20837	20886	50	*	Scaffold879	173581	173630	50	*
Scaffold9410	25464	25517	54	*	Scaffold547	172239	172292	54	*
Scaffold9410	25464	25517	54	*	Scaffold547	176389	176442	54	*
Scaffold9415	23778	23837	60	*	Scaffold1426	114412	114471	60	*
Scaffold9415	23778	23880	103	*	Scaffold7829	2304	2406	103	*
Scaffold942	34143	34260	118	*	Scaffold5191	8398	8515	118	*
Scaffold94258	407	583	177	*	Scaffold5191	8335	8511	177	*
Scaffold9438	39331	39402	72	*	Scaffold186	773169	773240	72	*
Scaffold9438	39380	39446	67	*	Scaffold375	395183	395249	67	*
Scaffold9438	22555	22605	51	*	Scaffold78	604424	604474	51	*
Scaffold9438	53489	53542	54	*	Scaffold78	632235	632288	54	*
Scaffold9438	35377	35426	50	*	Scaffold78	615219	615268	50	*
Scaffold9438	10910	10967	58	*	Scaffold78	595677	595734	58	*
Scaffold944	99901	99950	50	*	Scaffold673	363933	363982	50	*
Scaffold9440	27881	27931	51	*	Scaffold1964	65327	65377	51	*
Scaffold9441	8392	8450	59	*	Scaffold1249	130268	130326	59	*
Scaffold9441	8392	8444	53	*	Scaffold726	20273	20325	53	*
Scaffold9446	30958	31013	56	*	Scaffold18369	8426	8481	56	*
Scaffold94485	16	65	50	*	Scaffold7190	2124	2173	50	*
Scaffold94485	67	130	64	*	Scaffold7190	2059	2122	64	*
Scaffold9451	19913	19964	52	*	Scaffold533	354307	354358	52	*
Scaffold9453	8482	8533	52	*	Scaffold1135	55830	55881	52	*
Scaffold9453	8482	8540	59	*	Scaffold1135	46548	46606	59	*
Scaffold9456	36401	36468	68	*	Scaffold470	293537	293604	68	*
Scaffold9457	218	285	68	*	Scaffold288	504192	504259	68	*
Scaffold9458	9290	9345	56	*	Scaffold370	786	841	56	*
Scaffold9458	9355	9404	50	*	Scaffold470	293391	293440	50	*
Scaffold9458	9021	9098	78	*	Scaffold470	293458	293535	78	*
Scaffold9458	4233	4381	149	*	Scaffold470	293456	293604	149	*
Scaffold9458	9260	9337	78	*	Scaffold470	293458	293535	78	*
Scaffold9466	16184	16248	65	*	Scaffold2526	84159	84223	65	*
Scaffold947	112292	112351	60	*	Scaffold134	791151	791210	60	*
Scaffold947	112303	112369	67	*	Scaffold296	625308	625374	67	*
Scaffold947	112868	112920	53	*	Scaffold329	1079245	1079297	53	*
Scaffold947	114673	114723	51	*	Scaffold4283	10612	10662	51	*
Scaffold947	114970	115032	63	*	Scaffold43	592244	592306	63	*
Scaffold947	115196	115256	61	*	Scaffold43	592527	592587	61	*
Scaffold947	113694	113758	65	*	Scaffold514	283409	283473	65	*
Scaffold947	115202	115257	56	*	Scaffold645	373077	373132	56	*
Scaffold9475	2833	2882	50	*	Scaffold1204	9243	9292	50	*
Scaffold9475	31491	31541	51	*	Scaffold1527	43384	43434	51	*
Scaffold9478	1527	1585	59	*	Scaffold18	332920	332978	59	*
Scaffold948	45142	45195	54	*	Scaffold645	373745	373798	54	*
Scaffold9485	9762	9842	81	*	Scaffold749	140875	140955	81	*
Scaffold9489	25246	25300	55	*	Scaffold29701	845	899	55	*
Scaffold949	181098	181151	54	*	Scaffold438	232752	232805	54	*
Scaffold949	91673	91738	66	*	Scaffold438	310673	310738	66	*
Scaffold949	213319	213386	68	*	Scaffold438	201706	201773	68	*
Scaffold949	131257	131312	56	*	Scaffold438	273873	273928	56	*
Scaffold949	211022	211093	72	*	Scaffold438	204057	204128	72	*
Scaffold949	46361	46412	52	*	Scaffold438	351837	351888	52	*
Scaffold949	25937	25986	50	*	Scaffold438	369149	369198	50	*
Scaffold949	228502	228555	54	*	Scaffold438	191080	191133	54	*
Scaffold949	54957	55035	79	*	Scaffold438	343826	343904	79	*
Scaffold949	237140	237220	81	*	Scaffold438	182485	182565	81	*
Scaffold949	59319	59369	51	*	Scaffold438	339711	339761	51	*
Scaffold949	93042	93093	52	*	Scaffold438	309161	309212	52	*
Scaffold949	130314	130377	64	*	Scaffold438	274871	274934	64	*
Scaffold949	188432	188482	51	*	Scaffold438	225865	225915	51	*
Scaffold949	66217	66281	65	*	Scaffold438	334474	334538	65	*
Scaffold949	171278	171352	75	*	Scaffold438	238412	238486	75	*
Scaffold949	58274	58326	53	*	Scaffold438	340855	340907	53	*
Scaffold949	194811	194863	53	*	Scaffold438	220417	220469	53	*
Scaffold949	97042	97134	93	*	Scaffold438	305238	305330	93	*
Scaffold949	222591	222640	50	*	Scaffold438	194488	194537	50	*
Scaffold949	54810	54932	123	*	Scaffold438	343929	344051	123	*
Scaffold949	184088	184160	73	*	Scaffold438	230138	230210	73	*
Scaffold949	115352	115413	62	*	Scaffold438	289977	290038	62	*
Scaffold949	96017	96079	63	*	Scaffold438	306384	306446	63	*
Scaffold949	71436	71496	61	*	Scaffold438	329140	329200	61	*
Scaffold949	187809	187871	63	*	Scaffold438	226632	226694	63	*
Scaffold949	66319	66471	153	*	Scaffold438	334284	334436	153	*
Scaffold949	197369	197462	94	*	Scaffold438	218589	218682	94	*
Scaffold949	213205	213269	65	*	Scaffold438	201823	201887	65	*
Scaffold949	51167	51232	66	*	Scaffold438	347459	347524	66	*
Scaffold949	206617	206766	150	*	Scaffold438	208687	208836	150	*
Scaffold949	58603	58657	55	*	Scaffold438	340512	340566	55	*
Scaffold949	33239	33299	61	*	Scaffold438	365107	365167	61	*
Scaffold949	115801	115869	69	*	Scaffold438	289534	289602	69	*
Scaffold949	198235	198343	109	*	Scaffold438	217701	217809	109	*
Scaffold949	187583	187634	52	*	Scaffold438	226883	226934	52	*
Scaffold949	38074	38170	97	*	Scaffold438	360101	360197	97	*
Scaffold949	172597	172657	61	*	Scaffold438	237023	237083	61	*
Scaffold949	104019	104077	59	*	Scaffold438	298042	298100	59	*
Scaffold949	139303	139353	51	*	Scaffold438	265885	265935	51	*
Scaffold949	39049	39148	100	*	Scaffold438	359124	359223	100	*
Scaffold949	50436	50493	58	*	Scaffold438	347997	348054	58	*
Scaffold949	214916	214972	57	*	Scaffold438	200098	200154	57	*
Scaffold949	100348	100434	87	*	Scaffold438	301709	301795	87	*
Scaffold949	143933	143982	50	*	Scaffold438	261375	261424	50	*
Scaffold949	74175	74229	55	*	Scaffold438	326924	326978	55	*
Scaffold949	91539	91590	52	*	Scaffold438	310813	310864	52	*
Scaffold949	115192	115290	99	*	Scaffold438	290100	290198	99	*
Scaffold949	236264	236325	62	*	Scaffold438	183590	183651	62	*
Scaffold949	50348	50398	51	*	Scaffold438	348088	348138	51	*
Scaffold949	228582	228631	50	*	Scaffold438	191004	191053	50	*
Scaffold949	186330	186391	62	*	Scaffold438	228193	228254	62	*
Scaffold949	56490	56550	61	*	Scaffold438	342243	342303	61	*
Scaffold949	38366	38424	59	*	Scaffold438	359847	359905	59	*
Scaffold949	64948	64998	51	*	Scaffold438	335722	335772	51	*
Scaffold949	190164	190226	63	*	Scaffold438	223792	223854	63	*
Scaffold949	211528	211579	52	*	Scaffold438	203551	203602	52	*
Scaffold949	71788	71887	100	*	Scaffold438	328753	328852	100	*
Scaffold949	216501	216586	86	*	Scaffold438	198640	198725	86	*
Scaffold949	211886	211956	71	*	Scaffold438	203173	203243	71	*
Scaffold949	172449	172531	83	*	Scaffold438	237159	237241	83	*
Scaffold949	211731	211860	130	*	Scaffold438	203269	203398	130	*
Scaffold949	52823	52872	50	*	Scaffold438	345955	346004	50	*
Scaffold949	184782	184832	51	*	Scaffold438	229257	229307	51	*
Scaffold949	75972	76025	54	*	Scaffold438	325131	325184	54	*
Scaffold949	70117	70274	158	*	Scaffold438	330312	330469	158	*
Scaffold949	198235	198291	57	*	Scaffold438	221305	221361	57	*
Scaffold949	91011	91083	73	*	Scaffold438	311310	311382	73	*
Scaffold949	66668	66816	149	*	Scaffold438	333933	334081	149	*
Scaffold949	240108	240171	64	*	Scaffold438	179213	179276	64	*
Scaffold949	116190	116250	61	*	Scaffold438	289144	289204	61	*
Scaffold949	197559	197666	108	*	Scaffold438	218385	218492	108	*
Scaffold949	131440	131538	99	*	Scaffold438	273647	273745	99	*
Scaffold949	135411	135465	55	*	Scaffold438	270076	270130	55	*
Scaffold949	204344	204410	67	*	Scaffold438	210167	210233	67	*
Scaffold949	84395	84452	58	*	Scaffold438	317560	317617	58	*
Scaffold949	22099	22166	68	*	Scaffold438	372459	372526	68	*
Scaffold949	172773	172824	52	*	Scaffold438	236889	236940	52	*
Scaffold949	33160	33226	67	*	Scaffold438	365180	365246	67	*
Scaffold949	151020	151075	56	*	Scaffold438	254464	254519	56	*
Scaffold949	80327	80386	60	*	Scaffold438	321767	321826	60	*
Scaffold9493	4648	4715	68	*	Scaffold724	53958	54025	68	*
Scaffold9493	20797	20848	52	*	Scaffold724	43141	43192	52	*
Scaffold9499	8805	8855	51	*	Scaffold196	382687	382737	51	*
Scaffold95057	418	470	53	*	Scaffold1602	49058	49110	53	*
Scaffold9509	19451	19527	77	*	Scaffold1047	117724	117800	77	*
Scaffold9510	6938	7004	67	*	Scaffold8391	3967	4033	67	*
Scaffold9518	16856	16912	57	*	Scaffold1224	113599	113655	57	*
Scaffold9518	16878	16927	50	*	Scaffold3088	2792	2841	50	*
Scaffold9519	14099	14158	60	*	Scaffold386	664225	664284	60	*
Scaffold953	51486	51564	79	*	Scaffold2280	3310	3388	79	*
Scaffold9530	5900	5952	53	*	Scaffold12095	1132	1184	53	*
Scaffold9533	19349	19399	51	*	Scaffold801	104333	104383	51	*
Scaffold9533	39723	39811	89	*	Scaffold801	132449	132537	89	*
Scaffold9536	28470	28521	52	*	Scaffold1354	51391	51442	52	*
Scaffold9539	12376	12437	62	*	Scaffold523	63241	63302	62	*
Scaffold95397	93	156	64	*	Scaffold749	140837	140900	64	*
Scaffold954	8908	8972	65	*	Scaffold43	565468	565532	65	*
Scaffold9540	4105	4154	50	*	Scaffold1763	123853	123902	50	*
Scaffold9547	17699	17754	56	*	Scaffold2024	15125	15180	56	*
Scaffold9547	49504	49725	222	*	Scaffold2024	42364	42585	222	*
Scaffold9547	57874	57982	109	*	Scaffold2024	52366	52474	109	*
Scaffold9547	50414	50475	62	*	Scaffold2024	43283	43344	62	*
Scaffold9547	18254	18306	53	*	Scaffold2024	15128	15180	53	*
Scaffold9547	18185	18240	56	*	Scaffold2024	15194	15249	56	*
Scaffold9547	50620	50728	109	*	Scaffold2024	43478	43586	109	*
Scaffold9547	25846	25904	59	*	Scaffold2024	22536	22594	59	*
Scaffold9547	17630	17685	56	*	Scaffold2024	15194	15249	56	*
Scaffold9547	55377	55435	59	*	Scaffold2024	48745	48803	59	*
Scaffold9547	16780	16835	56	*	Scaffold2024	15194	15249	56	*
Scaffold9547	46462	46517	56	*	Scaffold2024	39245	39300	56	*
Scaffold9547	49816	49888	73	*	Scaffold2024	42681	42753	73	*
Scaffold9547	25440	25493	54	*	Scaffold2024	22133	22186	54	*
Scaffold9552	10285	10341	57	*	Scaffold79	375371	375427	57	*
Scaffold9554	4134	4184	51	*	Scaffold661	37039	37089	51	*
Scaffold956	46394	46447	54	*	Scaffold196	637283	637336	54	*
Scaffold956	50879	50941	63	*	Scaffold197	265856	265918	63	*
Scaffold956	119689	119743	55	*	Scaffold222	139655	139709	55	*
Scaffold956	46103	46250	148	*	Scaffold5191	8245	8392	148	*
Scaffold956	46252	46303	52	*	Scaffold5191	8394	8445	52	*
Scaffold956	46243	46294	52	*	Scaffold74	711600	711651	52	*
Scaffold9563	17361	17416	56	*	Scaffold1994	198485	198540	56	*
Scaffold9563	17361	17416	56	*	Scaffold521	372860	372915	56	*
Scaffold9564	443	538	96	*	Scaffold2782	70856	70951	96	*
Scaffold9564	851	915	65	*	Scaffold2782	70488	70552	65	*
Scaffold9564	7579	7682	104	*	Scaffold2782	59714	59817	104	*
Scaffold9564	5648	5733	86	*	Scaffold2782	61574	61659	86	*
Scaffold9564	21585	21959	375	*	Scaffold2782	48343	48717	375	*
Scaffold9564	17945	18012	68	*	Scaffold2782	52589	52656	68	*
Scaffold9564	18148	18201	54	*	Scaffold2782	52399	52452	54	*
Scaffold9564	7330	7404	75	*	Scaffold2782	59992	60066	75	*
Scaffold9564	7444	7503	60	*	Scaffold2782	59893	59952	60	*
Scaffold9564	11435	11523	89	*	Scaffold2782	56291	56379	89	*
Scaffold9564	5776	5867	92	*	Scaffold2782	61439	61530	92	*
Scaffold9564	5261	5538	278	*	Scaffold2782	61726	62003	278	*
Scaffold9564	4510	4591	82	*	Scaffold2782	64835	64916	82	*
Scaffold9564	19722	19816	95	*	Scaffold2782	50470	50564	95	*
Scaffold9564	5931	6025	95	*	Scaffold2782	61388	61482	95	*
Scaffold9564	11318	11370	53	*	Scaffold2782	56429	56481	53	*
Scaffold9564	4297	4416	120	*	Scaffold2782	65010	65129	120	*
Scaffold9564	20967	21050	84	*	Scaffold2782	49253	49336	84	*
Scaffold9564	19470	19528	59	*	Scaffold2782	50758	50816	59	*
Scaffold9564	4751	4842	92	*	Scaffold2782	62679	62770	92	*
Scaffold9564	20337	20413	77	*	Scaffold2782	49889	49965	77	*
Scaffold9564	16704	16774	71	*	Scaffold2782	53815	53885	71	*
Scaffold9564	17202	17269	68	*	Scaffold2782	53331	53398	68	*
Scaffold9564	16832	16905	74	*	Scaffold2782	53685	53758	74	*
Scaffold9564	8716	8768	53	*	Scaffold2782	59477	59529	53	*
Scaffold9564	2554	2654	101	*	Scaffold2782	69046	69146	101	*
Scaffold9564	9924	10026	103	*	Scaffold2782	58213	58315	103	*
Scaffold9564	21347	21438	92	*	Scaffold2782	48864	48955	92	*
Scaffold9564	20670	20782	113	*	Scaffold2782	49520	49632	113	*
Scaffold9564	9574	9636	63	*	Scaffold2782	58612	58674	63	*
Scaffold9564	1672	2057	386	*	Scaffold2782	69367	69752	386	*
Scaffold9564	17120	17172	53	*	Scaffold2782	53425	53477	53	*
Scaffold9564	18013	18123	111	*	Scaffold2782	52477	52587	111	*
Scaffold9564	4936	5259	324	*	Scaffold2782	62005	62328	324	*
Scaffold9564	19354	19437	84	*	Scaffold2782	50849	50932	84	*
Scaffold9564	17714	17831	118	*	Scaffold2782	52770	52887	118	*
Scaffold9564	2376	2485	110	*	Scaffold2782	69215	69324	110	*
Scaffold9564	17503	17712	210	*	Scaffold2782	52889	53098	210	*
Scaffold9564	20248	20311	64	*	Scaffold2782	49991	50054	64	*
Scaffold9564	21440	21532	93	*	Scaffold2782	48770	48862	93	*
Scaffold9564	21255	21345	91	*	Scaffold2782	48957	49047	91	*
Scaffold9564	20467	20602	136	*	Scaffold2782	49701	49836	136	*
Scaffold9564	1525	1670	146	*	Scaffold2782	69754	69899	146	*
Scaffold9564	8770	9055	286	*	Scaffold2782	59190	59475	286	*
Scaffold9564	7505	7566	62	*	Scaffold2782	59830	59891	62	*
Scaffold9564	21534	21583	50	*	Scaffold2782	48719	48768	50	*
Scaffold9564	2157	2206	50	*	Scaffold2782	69215	69264	50	*
Scaffold9564	21985	22098	114	*	Scaffold2782	48205	48318	114	*
Scaffold9564	21089	21140	52	*	Scaffold2782	49163	49214	52	*
Scaffold9564	22174	22603	430	*	Scaffold2782	47684	48113	430	*
Scaffold9564	22790	22907	118	*	Scaffold2782	47380	47497	118	*
Scaffold9564	18202	18322	121	*	Scaffold2782	52276	52396	121	*
Scaffold9564	9638	9721	84	*	Scaffold2782	58527	58610	84	*
Scaffold9564	2487	2552	66	*	Scaffold2782	69148	69213	66	*
Scaffold9564	20867	20931	65	*	Scaffold2782	49372	49436	65	*
Scaffold9564	9723	9812	90	*	Scaffold2782	58436	58525	90	*
Scaffold9564	4142	4214	73	*	Scaffold2782	65213	65285	73	*
Scaffold9564	16946	17019	74	*	Scaffold2782	53578	53651	74	*
Scaffold9564	17296	17395	100	*	Scaffold2782	53206	53305	100	*
Scaffold9564	2819	2868	50	*	Scaffold2782	67272	67321	50	*
Scaffold9564	19058	19110	53	*	Scaffold2782	51169	51221	53	*
Scaffold9564	4693	4748	56	*	Scaffold2782	62775	62830	56	*
Scaffold9564	20784	20847	64	*	Scaffold2782	49455	49518	64	*
Scaffold9564	7158	7210	53	*	Scaffold2782	60187	60239	53	*
Scaffold9564	9814	9892	79	*	Scaffold2782	58356	58434	79	*
Scaffold9564	3633	3763	131	*	Scaffold2782	65838	65968	131	*
Scaffold9564	8599	8654	56	*	Scaffold2782	59596	59651	56	*
Scaffold9564	10028	10081	54	*	Scaffold2782	58158	58211	54	*
Scaffold9564	19969	20024	56	*	Scaffold2782	50271	50326	56	*
Scaffold9564	2275	2374	100	*	Scaffold2782	69047	69146	100	*
Scaffold9564	2887	3010	124	*	Scaffold2782	67138	67261	124	*
Scaffold9564	17397	17459	63	*	Scaffold2782	53142	53204	63	*
Scaffold9564	19544	19675	132	*	Scaffold2782	50611	50742	132	*
Scaffold9564	17861	17943	83	*	Scaffold2782	52658	52740	83	*
Scaffold9564	19222	19352	131	*	Scaffold2782	50934	51064	131	*
Scaffold9564	18349	18486	138	*	Scaffold2782	52118	52255	138	*
Scaffold9564	9187	9310	124	*	Scaffold2782	58935	59058	124	*
Scaffold9564	6027	6111	85	*	Scaffold2782	61303	61387	85	*
Scaffold9564	17021	17082	62	*	Scaffold2782	53516	53577	62	*
Scaffold9564	7211	7328	118	*	Scaffold2782	60068	60185	118	*
Scaffold957	63889	63956	68	*	Scaffold5191	8352	8419	68	*
Scaffold957	63820	63883	64	*	Scaffold5191	8283	8346	64	*
Scaffold957	63958	64023	66	*	Scaffold5191	8421	8486	66	*
Scaffold9571	16650	16701	52	*	Scaffold51	184474	184525	52	*
Scaffold9573	21856	21920	65	*	Scaffold2125	90050	90114	65	*
Scaffold9581	10923	10992	70	*	Scaffold1668	96348	96417	70	*
Scaffold9586	21747	21797	51	*	Scaffold515	265126	265176	51	*
Scaffold9589	15343	15409	67	*	Scaffold283	614800	614866	67	*
Scaffold9592	2736	2797	62	*	Scaffold1527	43436	43497	62	*
Scaffold9593	31308	31357	50	*	Scaffold2784	45771	45820	50	*
Scaffold9595	37165	37215	51	*	Scaffold233	7166	7216	51	*
Scaffold9596	12710	12784	75	*	Scaffold53	58753	58827	75	*
Scaffold9600	63177	63393	217	*	Scaffold198	603546	603762	217	*
Scaffold96051	194	246	53	*	Scaffold490	235927	235979	53	*
Scaffold9608	13690	13742	53	*	Scaffold23158	131	183	53	*
Scaffold9608	22631	22683	53	*	Scaffold746	88870	88922	53	*
Scaffold9618	21657	21717	61	*	Scaffold627	312720	312780	61	*
Scaffold9618	36331	36402	72	*	Scaffold627	324164	324235	72	*
Scaffold962	99006	99056	51	*	Scaffold113	356739	356789	51	*
Scaffold962	41607	41669	63	*	Scaffold1206	93725	93787	63	*
Scaffold962	41294	41347	54	*	Scaffold1206	94039	94092	54	*
Scaffold962	43730	43812	83	*	Scaffold1763	123831	123913	83	*
Scaffold962	41826	41876	51	*	Scaffold263	454817	454867	51	*
Scaffold9623	3475	3560	86	*	Scaffold77	226391	226476	86	*
Scaffold96316	33	108	76	*	Scaffold558	389908	389983	76	*
Scaffold9640	5006	5059	54	*	Scaffold318	418486	418539	54	*
Scaffold9644	8217	8266	50	*	Scaffold179	146229	146278	50	*
Scaffold9653	40935	41002	68	*	Scaffold164	730288	730355	68	*
Scaffold9653	41318	41370	53	*	Scaffold164	730392	730444	53	*
Scaffold9653	41410	41459	50	*	Scaffold173	16266	16315	50	*
Scaffold9653	40940	41006	67	*	Scaffold18	683128	683194	67	*
Scaffold9653	41409	41459	51	*	Scaffold19	1156324	1156374	51	*
Scaffold9653	44583	44634	52	*	Scaffold238	699167	699218	52	*
Scaffold9653	40940	40998	59	*	Scaffold26	551004	551062	59	*
Scaffold9653	40955	41010	56	*	Scaffold3598	37605	37660	56	*
Scaffold9653	16511	16561	51	*	Scaffold477	434625	434675	51	*
Scaffold9653	19074	19126	53	*	Scaffold477	436859	436911	53	*
Scaffold9653	41406	41459	54	*	Scaffold5	265030	265083	54	*
Scaffold9653	41409	41459	51	*	Scaffold6	1353563	1353613	51	*
Scaffold9671	36528	36583	56	*	Scaffold79	375668	375723	56	*
Scaffold9678	22162	22226	65	*	Scaffold1954	117594	117658	65	*
Scaffold9681	39814	39880	67	*	Scaffold7190	2061	2127	67	*
Scaffold9691	44940	45010	71	*	Scaffold1162	76244	76314	71	*
Scaffold9699	5096	5149	54	*	Scaffold396	444160	444213	54	*
Scaffold97	176584	176633	50	*	Scaffold13	422852	422901	50	*
Scaffold97	111953	112087	135	*	Scaffold3112	32299	32433	135	*
Scaffold97067	14	106	93	*	Scaffold3112	32316	32408	93	*
Scaffold9711	24118	24197	80	*	Scaffold256	471513	471592	80	*
Scaffold9711	9562	9618	57	*	Scaffold5191	8245	8301	57	*
Scaffold9712	39742	39799	58	*	Scaffold327	307724	307781	58	*
Scaffold9715	30294	30365	72	*	Scaffold1339	71965	72036	72	*
Scaffold9715	30294	30365	72	*	Scaffold1667	44561	44632	72	*
Scaffold9717	3250	3303	54	*	Scaffold181	527182	527235	54	*
Scaffold9729	45052	45104	53	*	Scaffold3316	11191	11243	53	*
Scaffold9729	44941	45005	65	*	Scaffold3316	11067	11131	65	*
Scaffold9738	11403	11474	72	*	Scaffold137	462672	462743	72	*
Scaffold974	26856	26917	62	*	Scaffold201	500041	500102	62	*
Scaffold974	8862	8918	57	*	Scaffold296	362694	362750	57	*
Scaffold974	2840	2911	72	*	Scaffold296	355906	355977	72	*
Scaffold974	5767	5823	57	*	Scaffold296	359079	359135	57	*
Scaffold974	26113	26172	60	*	Scaffold296	379889	379948	60	*
Scaffold97460	55	146	92	*	Scaffold2782	70343	70434	92	*
Scaffold97460	213	315	103	*	Scaffold2782	70175	70277	103	*
Scaffold9759	15165	15218	54	*	Scaffold5224	6779	6832	54	*
Scaffold976	14764	14813	50	*	Scaffold316	104372	104421	50	*
Scaffold9760	169	240	72	*	Scaffold1263	141288	141359	72	*
Scaffold9765	14802	14858	57	*	Scaffold449	334585	334641	57	*
Scaffold97702	155	232	78	*	Scaffold2782	71966	72043	78	*
Scaffold97738	695	749	55	*	Scaffold186	573198	573252	55	*
Scaffold9779	7736	7790	55	*	Scaffold1395	158035	158089	55	*
Scaffold9792	32071	32124	54	*	Scaffold1773	142390	142443	54	*
Scaffold9793	24981	25052	72	*	Scaffold2	1383664	1383735	72	*
Scaffold98	50233	50344	112	*	Scaffold5191	8406	8517	112	*
Scaffold98	54780	54838	59	*	Scaffold5191	8830	8888	59	*
Scaffold980	43500	43552	53	*	Scaffold296	625831	625883	53	*
Scaffold980	42382	42436	55	*	Scaffold71	41265	41319	55	*
Scaffold9804	31139	31194	56	*	Scaffold22659	86	141	56	*
Scaffold981	90366	90416	51	*	Scaffold404	523309	523359	51	*
Scaffold981	24033	24087	55	*	Scaffold404	487761	487815	55	*
Scaffold981	14502	14564	63	*	Scaffold404	475704	475766	63	*
Scaffold981	75004	75063	60	*	Scaffold404	519893	519952	60	*
Scaffold981	91714	91773	60	*	Scaffold755	71338	71397	60	*
Scaffold982	63655	63718	64	*	Scaffold243	464129	464192	64	*
Scaffold9821	28155	28280	126	*	Scaffold328	108804	108929	126	*
Scaffold983	11419	11470	52	*	Scaffold1527	43166	43217	52	*
Scaffold9831	41356	41420	65	*	Scaffold10	2027616	2027680	65	*
Scaffold9831	41322	41416	95	*	Scaffold1099	116339	116433	95	*
Scaffold9831	41324	41401	78	*	Scaffold1102	110228	110305	78	*
Scaffold9831	41320	41375	56	*	Scaffold117	345938	345993	56	*
Scaffold9831	41321	41385	65	*	Scaffold118	319567	319631	65	*
Scaffold9831	41329	41435	107	*	Scaffold1196	17119	17225	107	*
Scaffold9831	41322	41418	97	*	Scaffold1204	116990	117086	97	*
Scaffold9831	41322	41435	114	*	Scaffold1308	25687	25800	114	*
Scaffold9831	41370	41423	54	*	Scaffold1347	179805	179858	54	*
Scaffold9831	41322	41436	115	*	Scaffold1365	172433	172547	115	*
Scaffold9831	41321	41394	74	*	Scaffold1511	68796	68869	74	*
Scaffold9831	41324	41396	73	*	Scaffold153	550684	550756	73	*
Scaffold9831	41338	41420	83	*	Scaffold15749	81	163	83	*
Scaffold9831	41370	41435	66	*	Scaffold1583	45796	45861	66	*
Scaffold9831	41367	41436	70	*	Scaffold1642	13840	13909	70	*
Scaffold9831	41320	41384	65	*	Scaffold177	26983	27047	65	*
Scaffold9831	41355	41423	69	*	Scaffold179	134844	134912	69	*
Scaffold9831	41321	41396	76	*	Scaffold1850	80145	80220	76	*
Scaffold9831	41366	41437	72	*	Scaffold196	127007	127078	72	*
Scaffold9831	41327	41428	102	*	Scaffold220	352041	352142	102	*
Scaffold9831	41322	41384	63	*	Scaffold23	166393	166455	63	*
Scaffold9831	41321	41402	82	*	Scaffold2459	51020	51101	82	*
Scaffold9831	41376	41444	69	*	Scaffold2502	30911	30979	69	*
Scaffold9831	41320	41390	71	*	Scaffold25308	867	937	71	*
Scaffold9831	41319	41418	100	*	Scaffold2605	9612	9711	100	*
Scaffold9831	41327	41422	96	*	Scaffold2646	11177	11272	96	*
Scaffold9831	41322	41402	81	*	Scaffold2736	7757	7837	81	*
Scaffold9831	41382	41436	55	*	Scaffold2759	12459	12513	55	*
Scaffold9831	41321	41377	57	*	Scaffold3043	94905	94961	57	*
Scaffold9831	41321	41380	60	*	Scaffold3043	74838	74897	60	*
Scaffold9831	41321	41389	69	*	Scaffold31000	726	794	69	*
Scaffold9831	41339	41397	59	*	Scaffold31232	595	653	59	*
Scaffold9831	41320	41369	50	*	Scaffold3526	28012	28061	50	*
Scaffold9831	41323	41402	80	*	Scaffold3588	2158	2237	80	*
Scaffold9831	41321	41382	62	*	Scaffold380	168418	168479	62	*
Scaffold9831	41322	41436	115	*	Scaffold391	240115	240229	115	*
Scaffold9831	41367	41436	70	*	Scaffold4	1600526	1600595	70	*
Scaffold9831	41337	41389	53	*	Scaffold400	604417	604469	53	*
Scaffold9831	41321	41398	78	*	Scaffold449	108839	108916	78	*
Scaffold9831	41322	41384	63	*	Scaffold4575	4554	4616	63	*
Scaffold9831	41367	41442	76	*	Scaffold458	16954	17029	76	*
Scaffold9831	41355	41426	72	*	Scaffold462	96762	96833	72	*
Scaffold9831	41318	41411	94	*	Scaffold493	15039	15132	94	*
Scaffold9831	41343	41409	67	*	Scaffold52	245009	245075	67	*
Scaffold9831	41333	41399	67	*	Scaffold533	331046	331112	67	*
Scaffold9831	41316	41375	60	*	Scaffold580	271329	271388	60	*
Scaffold9831	41323	41417	95	*	Scaffold610	179267	179361	95	*
Scaffold9831	41321	41381	61	*	Scaffold742	46987	47047	61	*
Scaffold9831	41322	41416	95	*	Scaffold787	70099	70193	95	*
Scaffold9831	41314	41389	76	*	Scaffold799	183707	183782	76	*
Scaffold9831	41322	41422	101	*	Scaffold820	97136	97236	101	*
Scaffold9831	41318	41425	108	*	Scaffold978	147987	148094	108	*
Scaffold9834	36369	36421	53	*	Scaffold230	128084	128136	53	*
Scaffold9834	38748	38801	54	*	Scaffold230	126540	126593	54	*
Scaffold984	12521	12570	50	*	Scaffold1395	158006	158055	50	*
Scaffold984	11860	11962	103	*	Scaffold470	293502	293604	103	*
Scaffold984	11235	11287	53	*	Scaffold470	293391	293443	53	*
Scaffold984	10322	10389	68	*	Scaffold470	293537	293604	68	*
Scaffold984	12165	12232	68	*	Scaffold470	293537	293604	68	*
Scaffold984	11074	11222	149	*	Scaffold470	293456	293604	149	*
Scaffold984	12014	12081	68	*	Scaffold470	293537	293604	68	*
Scaffold984	11711	11808	98	*	Scaffold470	293507	293604	98	*
Scaffold984	10945	11022	78	*	Scaffold470	293458	293535	78	*
Scaffold984	10507	10567	61	*	Scaffold470	293544	293604	61	*
Scaffold984	10213	10270	58	*	Scaffold470	293547	293604	58	*
Scaffold984	10825	10874	50	*	Scaffold470	293606	293655	50	*
Scaffold984	12114	12163	50	*	Scaffold470	293606	293655	50	*
Scaffold984	10876	10943	68	*	Scaffold470	293537	293604	68	*
Scaffold984	12234	12313	80	*	Scaffold470	293456	293535	80	*
Scaffold984	12326	12378	53	*	Scaffold470	293391	293443	53	*
Scaffold984	10725	10792	68	*	Scaffold470	293537	293604	68	*
Scaffold9859	9286	9336	51	*	Scaffold350	289521	289571	51	*
Scaffold986	103018	103084	67	*	Scaffold1109	196372	196438	67	*
Scaffold986	146740	146789	50	*	Scaffold373	157464	157513	50	*
Scaffold986	849	909	61	*	Scaffold746	76628	76688	61	*
Scaffold986	41516	41567	52	*	Scaffold746	40936	40987	52	*
Scaffold9864	58429	58505	77	*	Scaffold18	331957	332033	77	*
Scaffold9869	26576	26626	51	*	Scaffold324	268713	268763	51	*
Scaffold9870	3711	3762	52	*	Scaffold63	410179	410230	52	*
Scaffold9870	3711	3768	58	*	Scaffold983	430035	430092	58	*
Scaffold9874	9427	9479	53	*	Scaffold296	625685	625737	53	*
Scaffold9874	46234	46286	53	*	Scaffold3132	138727	138779	53	*
Scaffold9876	3019	3071	53	*	Scaffold13	422852	422904	53	*
Scaffold9878	18026	18085	60	*	Scaffold489	131324	131383	60	*
Scaffold9878	17946	18000	55	*	Scaffold489	131196	131250	55	*
Scaffold9878	17928	18003	76	*	Scaffold558	389760	389835	76	*
Scaffold9881	4775	4833	59	*	Scaffold13	280830	280888	59	*
Scaffold98923	40	89	50	*	Scaffold544	661339	661388	50	*
Scaffold9893	9928	9978	51	*	Scaffold22286	709	759	51	*
Scaffold98945	243	303	61	*	Scaffold474	225588	225648	61	*
Scaffold9903	9314	9376	63	*	Scaffold204	75017	75079	63	*
Scaffold9906	7905	7957	53	*	Scaffold2466	282	334	53	*
Scaffold9907	19947	20042	96	*	Scaffold154	762980	763075	96	*
Scaffold9908	22161	22213	53	*	Scaffold745	46262	46314	53	*
Scaffold9908	16385	16450	66	*	Scaffold745	48396	48461	66	*
Scaffold99092	153	216	64	*	Scaffold211	321464	321527	64	*
Scaffold9910	1366	1421	56	*	Scaffold259	62523	62578	56	*
Scaffold9918	5097	5152	56	*	Scaffold258	448842	448897	56	*
Scaffold992	51938	51994	57	*	Scaffold177	917840	917896	57	*
Scaffold992	51147	51203	57	*	Scaffold177	918637	918693	57	*
Scaffold992	41222	41274	53	*	Scaffold3377	35830	35882	53	*
Scaffold9925	35282	35338	57	*	Scaffold229	464979	465035	57	*
Scaffold9929	11401	11452	52	*	Scaffold106	178830	178881	52	*
Scaffold9929	11399	11452	54	*	Scaffold11282	671	724	54	*
Scaffold9929	11401	11450	50	*	Scaffold169	85454	85503	50	*
Scaffold9929	11399	11452	54	*	Scaffold237	512606	512659	54	*
Scaffold9929	11401	11452	52	*	Scaffold2598	5594	5645	52	*
Scaffold9929	11400	11452	53	*	Scaffold2837	38324	38376	53	*
Scaffold9929	11399	11452	54	*	Scaffold3412	14459	14512	54	*
Scaffold9929	11401	11452	52	*	Scaffold375	455173	455224	52	*
Scaffold9929	11399	11452	54	*	Scaffold8688	913	966	54	*
Scaffold9929	11399	11452	54	*	Scaffold894	226313	226366	54	*
Scaffold9929	11399	11452	54	*	Scaffold922	191659	191712	54	*
Scaffold9937	69043	69121	79	*	Scaffold333	522814	522892	79	*
Scaffold9937	69195	69262	68	*	Scaffold333	522968	523035	68	*
Scaffold9937	68904	68972	69	*	Scaffold333	522675	522743	69	*
Scaffold9944	10685	10736	52	*	Scaffold1134	291011	291062	52	*
Scaffold9944	10691	10778	88	*	Scaffold3262	137636	137723	88	*
Scaffold9944	10686	10789	104	*	Scaffold9262	359	462	104	*
Scaffold9948	26614	26679	66	*	Scaffold1112	108495	108560	66	*
Scaffold99487	77	135	59	*	Scaffold288	504205	504263	59	*
Scaffold995	39433	39482	50	*	Scaffold59	743522	743571	50	*
Scaffold9953	2880	2944	65	*	Scaffold1238	206812	206876	65	*
Scaffold9953	2880	2944	65	*	Scaffold2362	98609	98673	65	*
Scaffold996	87568	87617	50	*	Scaffold563	248106	248155	50	*
Scaffold9973	75658	75708	51	*	Scaffold223	126260	126310	51	*
Scaffold9973	32277	32353	77	*	Scaffold223	85173	85249	77	*
Scaffold9973	53316	53404	89	*	Scaffold223	105957	106045	89	*
Scaffold9973	104430	104479	50	*	Scaffold223	148418	148467	50	*
Scaffold9973	62141	62192	52	*	Scaffold223	115784	115835	52	*
Scaffold9973	53553	53607	55	*	Scaffold223	106187	106241	55	*
Scaffold9973	54211	54347	137	*	Scaffold223	106875	107011	137	*
Scaffold9973	73394	73459	66	*	Scaffold223	123971	124036	66	*
Scaffold9973	34455	34520	66	*	Scaffold223	86845	86910	66	*
Scaffold9973	26800	26852	53	*	Scaffold223	83025	83077	53	*
Scaffold9973	75325	75383	59	*	Scaffold223	125922	125980	59	*
Scaffold9973	106898	106952	55	*	Scaffold223	149415	149469	55	*
Scaffold9973	40380	40449	70	*	Scaffold223	92770	92839	70	*
Scaffold9973	48243	48318	76	*	Scaffold223	99738	99813	76	*
Scaffold9973	100234	100310	77	*	Scaffold223	143273	143349	77	*
Scaffold9973	108025	108079	55	*	Scaffold223	149415	149469	55	*
Scaffold9973	38265	38319	55	*	Scaffold223	90893	90947	55	*
Scaffold9973	101190	101265	76	*	Scaffold223	144151	144226	76	*
Scaffold9973	40615	40670	56	*	Scaffold223	93006	93061	56	*
Scaffold9973	84677	84727	51	*	Scaffold223	134064	134114	51	*
Scaffold99749	1	51	51	*	Scaffold2870	13512	13562	51	*
Scaffold998	84813	84882	70	*	Scaffold1108	70946	71015	70	*
Scaffold998	76188	76271	84	*	Scaffold225	456404	456487	84	*
Scaffold9995	27652	27729	78	*	Scaffold511	799011	799088	78	*
Scaffold9995	27742	27792	51	*	Scaffold747	265233	265283	51	*
Scaffold9995	27661	27723	63	*	Scaffold747	265302	265364	63	*
Scaffold99976	152	260	109	*	Scaffold1407	62110	62218	109	*
Scaffold99976	162	233	72	*	Scaffold168	367390	367461	72	*
Scaffold99976	214	268	55	*	Scaffold509	421355	421409	55	*
Scaffold99976	174	239	66	*	Scaffold899	211421	211486	66	*
